Plate,Well,Characteristics [Organism],Term Source 1 REF,Term Source 1 Accession,Characteristics [Cell Line],Term Source 2 REF,Term Source 2 Accession,Compound Name,Compound PubChem CID,Compound InChIKey,Compound SMILES,Proprietary Compound,Proprietary Compound Concentration (microMolar),Comment [Gene Identifier],Comment [Gene Symbol],Control Type,Comment [Control Type Comments],Quality Control,Channels,Score - Nuclear fascin,Score - Nuclear F-actin,In Validation Screen,Has Phenotype,Phenoptye Annotation Level,Experimental Condition [Nuclear fascin],Experimental Condition [Nuclear F-actin],Phenotype 1,Phenotype Term 1 Name,Phenotype Term 1 Accession,Phenotype 2,Phenotype Term 2 Name,Phenotype Term 2 Accession
1093688939,A1,Homo sapiens,NCBITaxon,9606,HeLa,EFO,EFO_0001185,DMSO,679,IAZDPXIOMUYVGZ-UHFFFAOYSA-N,CS(=O)C,,,,,Neutral Control,,Pass,Hoechst:DNA; Alexa Fluor 488 phalloidin:actin; mScarlet:fascin; iRFP:nuclear actin chromobody (nAC),-4.326922417,-10.1543112,,,,,,,,,,,
1093688939,A2,Homo sapiens,NCBITaxon,9606,HeLa,EFO,EFO_0001185,,,,,,,,,Stimulator Control,Leptomycin b blocks nuclear export of fascin,Pass,Hoechst:DNA; Alexa Fluor 488 phalloidin:actin; mScarlet:fascin; iRFP:nuclear actin chromobody (nAC),109.9635925,-0.38135046,,,,,,,,,,,
1093688939,A3,Homo sapiens,NCBITaxon,9606,HeLa,EFO,EFO_0001185,DMSO,679,IAZDPXIOMUYVGZ-UHFFFAOYSA-N,CS(=O)C,,,,,Neutral Control,,Pass,Hoechst:DNA; Alexa Fluor 488 phalloidin:actin; mScarlet:fascin; iRFP:nuclear actin chromobody (nAC),-1.700909972,-20.335289,,,,,,,,,,,
1093688939,A4,Homo sapiens,NCBITaxon,9606,HeLa,EFO,EFO_0001185,,,,,SN1031011949,30,4313,MMP2,,,Pass,Hoechst:DNA; Alexa Fluor 488 phalloidin:actin; mScarlet:fascin; iRFP:nuclear actin chromobody (nAC),22.32819748,-36.9683342,,,compound response across 12 wells,inactive,inactive,,,,,,
1093688939,A5,Homo sapiens,NCBITaxon,9606,HeLa,EFO,EFO_0001185,,,,,SN1031011949,10,4313,MMP2,,,Pass,Hoechst:DNA; Alexa Fluor 488 phalloidin:actin; mScarlet:fascin; iRFP:nuclear actin chromobody (nAC),28.80425453,-25.4621868,,,compound response across 12 wells,inactive,inactive,,,,,,
1093688939,A6,Homo sapiens,NCBITaxon,9606,HeLa,EFO,EFO_0001185,,,,,SN1031011949,3.125,4313,MMP2,,,Pass,Hoechst:DNA; Alexa Fluor 488 phalloidin:actin; mScarlet:fascin; iRFP:nuclear actin chromobody (nAC),35.48204041,-45.0613518,,,compound response across 12 wells,inactive,inactive,,,,,,
1093688939,A7,Homo sapiens,NCBITaxon,9606,HeLa,EFO,EFO_0001185,,,,,SN1031011949,1.25,4313,MMP2,,,Pass,Hoechst:DNA; Alexa Fluor 488 phalloidin:actin; mScarlet:fascin; iRFP:nuclear actin chromobody (nAC),11.15763187,-42.8446465,,,compound response across 12 wells,inactive,inactive,,,,,,
1093688939,A8,Homo sapiens,NCBITaxon,9606,HeLa,EFO,EFO_0001185,,,,,SN1031011949,0.3,4313,MMP2,,,Pass,Hoechst:DNA; Alexa Fluor 488 phalloidin:actin; mScarlet:fascin; iRFP:nuclear actin chromobody (nAC),6.927156925,32.74225998,,,compound response across 12 wells,inactive,inactive,,,,,,
1093688939,A9,Homo sapiens,NCBITaxon,9606,HeLa,EFO,EFO_0001185,,,,,SN1031011949,0.1,4313,MMP2,,,Pass,Hoechst:DNA; Alexa Fluor 488 phalloidin:actin; mScarlet:fascin; iRFP:nuclear actin chromobody (nAC),8.028918266,9.747516632,,,compound response across 12 wells,inactive,inactive,,,,,,
1093688939,A10,Homo sapiens,NCBITaxon,9606,HeLa,EFO,EFO_0001185,,,,,SN1031011949,0.03,4313,MMP2,,,Pass,Hoechst:DNA; Alexa Fluor 488 phalloidin:actin; mScarlet:fascin; iRFP:nuclear actin chromobody (nAC),23.88323212,17.26634979,,,compound response across 12 wells,inactive,inactive,,,,,,
1093688939,A11,Homo sapiens,NCBITaxon,9606,HeLa,EFO,EFO_0001185,,,,,SN1031011949,0.0125,4313,MMP2,,,Pass,Hoechst:DNA; Alexa Fluor 488 phalloidin:actin; mScarlet:fascin; iRFP:nuclear actin chromobody (nAC),12.76114082,-2.4917562,,,compound response across 12 wells,inactive,inactive,,,,,,
1093688939,A12,Homo sapiens,NCBITaxon,9606,HeLa,EFO,EFO_0001185,DMSO,679,IAZDPXIOMUYVGZ-UHFFFAOYSA-N,CS(=O)C,,,,,Neutral Control,,Pass,Hoechst:DNA; Alexa Fluor 488 phalloidin:actin; mScarlet:fascin; iRFP:nuclear actin chromobody (nAC),-1.616470695,20.51595306,,,,,,,,,,,
1093688939,A13,Homo sapiens,NCBITaxon,9606,HeLa,EFO,EFO_0001185,,,,,,,,,Stimulator Control,Leptomycin b blocks nuclear export of fascin,Pass,Hoechst:DNA; Alexa Fluor 488 phalloidin:actin; mScarlet:fascin; iRFP:nuclear actin chromobody (nAC),113.9410172,8.947217941,,,,,,,,,,,
1093688939,A14,Homo sapiens,NCBITaxon,9606,HeLa,EFO,EFO_0001185,DMSO,679,IAZDPXIOMUYVGZ-UHFFFAOYSA-N,CS(=O)C,,,,,Neutral Control,,Pass,Hoechst:DNA; Alexa Fluor 488 phalloidin:actin; mScarlet:fascin; iRFP:nuclear actin chromobody (nAC),13.21435547,40.2935257,,,,,,,,,,,
1093688939,A15,Homo sapiens,NCBITaxon,9606,HeLa,EFO,EFO_0001185,,,,,SN1031011949,0.003,4313,MMP2,,,Pass,Hoechst:DNA; Alexa Fluor 488 phalloidin:actin; mScarlet:fascin; iRFP:nuclear actin chromobody (nAC),6.459688187,8.630191803,,,compound response across 12 wells,inactive,inactive,,,,,,
1093688939,A16,Homo sapiens,NCBITaxon,9606,HeLa,EFO,EFO_0001185,,,,,SN1031011949,0.001,4313,MMP2,,,Pass,Hoechst:DNA; Alexa Fluor 488 phalloidin:actin; mScarlet:fascin; iRFP:nuclear actin chromobody (nAC),6.576408386,7.68513298,,,compound response across 12 wells,inactive,inactive,,,,,,
1093688939,A17,Homo sapiens,NCBITaxon,9606,HeLa,EFO,EFO_0001185,,,,,SN1031011949,0.0003,4313,MMP2,,,Pass,Hoechst:DNA; Alexa Fluor 488 phalloidin:actin; mScarlet:fascin; iRFP:nuclear actin chromobody (nAC),0.214107439,19.1620369,,,compound response across 12 wells,inactive,inactive,,,,,,
1093688939,A18,Homo sapiens,NCBITaxon,9606,HeLa,EFO,EFO_0001185,,,,,SN1031011949,0.00003,4313,MMP2,,,Pass,Hoechst:DNA; Alexa Fluor 488 phalloidin:actin; mScarlet:fascin; iRFP:nuclear actin chromobody (nAC),3.254124641,-47.0752373,,,compound response across 12 wells,inactive,inactive,,,,,,
1093688939,A19,Homo sapiens,NCBITaxon,9606,HeLa,EFO,EFO_0001185,,,,,SN1045820471,30,4790,NFKB1,,,Pass,Hoechst:DNA; Alexa Fluor 488 phalloidin:actin; mScarlet:fascin; iRFP:nuclear actin chromobody (nAC),39.6952095,-116.712402,,Yes,compound response across 12 wells,inactive,active,,,,Nuclear actin,actin filament phenotype,CMPO_0000104
1093688939,A20,Homo sapiens,NCBITaxon,9606,HeLa,EFO,EFO_0001185,,,,,SN1045820471,10,4790,NFKB1,,,Pass,Hoechst:DNA; Alexa Fluor 488 phalloidin:actin; mScarlet:fascin; iRFP:nuclear actin chromobody (nAC),50.73553467,-146.652298,,Yes,compound response across 12 wells,inactive,active,,,,Nuclear actin,actin filament phenotype,CMPO_0000104
1093688939,A21,Homo sapiens,NCBITaxon,9606,HeLa,EFO,EFO_0001185,,,,,SN1045820471,3.125,4790,NFKB1,,,Pass,Hoechst:DNA; Alexa Fluor 488 phalloidin:actin; mScarlet:fascin; iRFP:nuclear actin chromobody (nAC),36.38340759,9.613180161,,Yes,compound response across 12 wells,inactive,active,,,,Nuclear actin,actin filament phenotype,CMPO_0000104
1093688939,A22,Homo sapiens,NCBITaxon,9606,HeLa,EFO,EFO_0001185,,,,,SN1045820471,1.25,4790,NFKB1,,,Pass,Hoechst:DNA; Alexa Fluor 488 phalloidin:actin; mScarlet:fascin; iRFP:nuclear actin chromobody (nAC),-0.364268899,-69.0211411,,Yes,compound response across 12 wells,inactive,active,,,,Nuclear actin,actin filament phenotype,CMPO_0000104
1093688939,A23,Homo sapiens,NCBITaxon,9606,HeLa,EFO,EFO_0001185,DMSO,679,IAZDPXIOMUYVGZ-UHFFFAOYSA-N,CS(=O)C,,,,,Neutral Control,,Pass,Hoechst:DNA; Alexa Fluor 488 phalloidin:actin; mScarlet:fascin; iRFP:nuclear actin chromobody (nAC),2.27618885,-12.0352297,,,,,,,,,,,
1093688939,A24,Homo sapiens,NCBITaxon,9606,HeLa,EFO,EFO_0001185,,,,,,,,,Stimulator Control,Leptomycin b blocks nuclear export of fascin,Pass,Hoechst:DNA; Alexa Fluor 488 phalloidin:actin; mScarlet:fascin; iRFP:nuclear actin chromobody (nAC),103.0114212,3.69062829,,,,,,,,,,,
1093688939,B1,Homo sapiens,NCBITaxon,9606,HeLa,EFO,EFO_0001185,,,,,SN1045820471,0.3,4790,NFKB1,,,Pass,Hoechst:DNA; Alexa Fluor 488 phalloidin:actin; mScarlet:fascin; iRFP:nuclear actin chromobody (nAC),25.44127655,-24.9479809,,Yes,compound response across 12 wells,inactive,active,,,,Nuclear actin,actin filament phenotype,CMPO_0000104
1093688939,B2,Homo sapiens,NCBITaxon,9606,HeLa,EFO,EFO_0001185,,,,,SN1045820471,0.1,4790,NFKB1,,,Pass,Hoechst:DNA; Alexa Fluor 488 phalloidin:actin; mScarlet:fascin; iRFP:nuclear actin chromobody (nAC),21.96795082,-17.559145,,Yes,compound response across 12 wells,inactive,active,,,,Nuclear actin,actin filament phenotype,CMPO_0000104
1093688939,B3,Homo sapiens,NCBITaxon,9606,HeLa,EFO,EFO_0001185,,,,,SN1045820471,0.03,4790,NFKB1,,,Pass,Hoechst:DNA; Alexa Fluor 488 phalloidin:actin; mScarlet:fascin; iRFP:nuclear actin chromobody (nAC),10.2155447,-5.97692394,,Yes,compound response across 12 wells,inactive,active,,,,Nuclear actin,actin filament phenotype,CMPO_0000104
1093688939,B4,Homo sapiens,NCBITaxon,9606,HeLa,EFO,EFO_0001185,,,,,SN1045820471,0.0125,4790,NFKB1,,,Pass,Hoechst:DNA; Alexa Fluor 488 phalloidin:actin; mScarlet:fascin; iRFP:nuclear actin chromobody (nAC),11.70556259,-19.0346699,,Yes,compound response across 12 wells,inactive,active,,,,Nuclear actin,actin filament phenotype,CMPO_0000104
1093688939,B5,Homo sapiens,NCBITaxon,9606,HeLa,EFO,EFO_0001185,,,,,SN1045820471,0.003,4790,NFKB1,,,Pass,Hoechst:DNA; Alexa Fluor 488 phalloidin:actin; mScarlet:fascin; iRFP:nuclear actin chromobody (nAC),7.801907539,-10.4010143,,Yes,compound response across 12 wells,inactive,active,,,,Nuclear actin,actin filament phenotype,CMPO_0000104
1093688939,B6,Homo sapiens,NCBITaxon,9606,HeLa,EFO,EFO_0001185,,,,,SN1045820471,0.001,4790,NFKB1,,,Pass,Hoechst:DNA; Alexa Fluor 488 phalloidin:actin; mScarlet:fascin; iRFP:nuclear actin chromobody (nAC),20.41096306,-5.28806257,,Yes,compound response across 12 wells,inactive,active,,,,Nuclear actin,actin filament phenotype,CMPO_0000104
1093688939,B7,Homo sapiens,NCBITaxon,9606,HeLa,EFO,EFO_0001185,,,,,SN1045820471,0.0003,4790,NFKB1,,,Pass,Hoechst:DNA; Alexa Fluor 488 phalloidin:actin; mScarlet:fascin; iRFP:nuclear actin chromobody (nAC),7.892879486,1.76344645,,Yes,compound response across 12 wells,inactive,active,,,,Nuclear actin,actin filament phenotype,CMPO_0000104
1093688939,B8,Homo sapiens,NCBITaxon,9606,HeLa,EFO,EFO_0001185,,,,,SN1045820471,0.00003,4790,NFKB1,,,Pass,Hoechst:DNA; Alexa Fluor 488 phalloidin:actin; mScarlet:fascin; iRFP:nuclear actin chromobody (nAC),3.94647646,13.47690868,,Yes,compound response across 12 wells,inactive,active,,,,Nuclear actin,actin filament phenotype,CMPO_0000104
1093688939,B9,Homo sapiens,NCBITaxon,9606,HeLa,EFO,EFO_0001185,,,,,SN1059862183,30,2931,GSK3A,,,Pass,Hoechst:DNA; Alexa Fluor 488 phalloidin:actin; mScarlet:fascin; iRFP:nuclear actin chromobody (nAC),62.99005508,87.73345947,Yes,Yes,compound response across 12 wells,inactive,active,,,,Nuclear actin,actin filament phenotype,CMPO_0000104
1093688939,B10,Homo sapiens,NCBITaxon,9606,HeLa,EFO,EFO_0001185,,,,,SN1059862183,10,2931,GSK3A,,,Pass,Hoechst:DNA; Alexa Fluor 488 phalloidin:actin; mScarlet:fascin; iRFP:nuclear actin chromobody (nAC),84.11371613,-193.348221,Yes,Yes,compound response across 12 wells,inactive,active,,,,Nuclear actin,actin filament phenotype,CMPO_0000104
1093688939,B11,Homo sapiens,NCBITaxon,9606,HeLa,EFO,EFO_0001185,,,,,SN1059862183,3.125,2931,GSK3A,,,Pass,Hoechst:DNA; Alexa Fluor 488 phalloidin:actin; mScarlet:fascin; iRFP:nuclear actin chromobody (nAC),86.20367432,-272.527161,Yes,Yes,compound response across 12 wells,inactive,active,,,,Nuclear actin,actin filament phenotype,CMPO_0000104
1093688939,B12,Homo sapiens,NCBITaxon,9606,HeLa,EFO,EFO_0001185,,,,,SN1059862183,1.25,2931,GSK3A,,,Pass,Hoechst:DNA; Alexa Fluor 488 phalloidin:actin; mScarlet:fascin; iRFP:nuclear actin chromobody (nAC),72.25047302,-199.226761,Yes,Yes,compound response across 12 wells,inactive,active,,,,Nuclear actin,actin filament phenotype,CMPO_0000104
1093688939,B13,Homo sapiens,NCBITaxon,9606,HeLa,EFO,EFO_0001185,,,,,SN1059862183,0.3,2931,GSK3A,,,Pass,Hoechst:DNA; Alexa Fluor 488 phalloidin:actin; mScarlet:fascin; iRFP:nuclear actin chromobody (nAC),51.40987396,-67.1626663,Yes,Yes,compound response across 12 wells,inactive,active,,,,Nuclear actin,actin filament phenotype,CMPO_0000104
1093688939,B14,Homo sapiens,NCBITaxon,9606,HeLa,EFO,EFO_0001185,,,,,SN1059862183,0.1,2931,GSK3A,,,Pass,Hoechst:DNA; Alexa Fluor 488 phalloidin:actin; mScarlet:fascin; iRFP:nuclear actin chromobody (nAC),50.82434845,-47.3627739,Yes,Yes,compound response across 12 wells,inactive,active,,,,Nuclear actin,actin filament phenotype,CMPO_0000104
1093688939,B15,Homo sapiens,NCBITaxon,9606,HeLa,EFO,EFO_0001185,,,,,SN1059862183,0.03,2931,GSK3A,,,Pass,Hoechst:DNA; Alexa Fluor 488 phalloidin:actin; mScarlet:fascin; iRFP:nuclear actin chromobody (nAC),34.52749252,-59.5797424,Yes,Yes,compound response across 12 wells,inactive,active,,,,Nuclear actin,actin filament phenotype,CMPO_0000104
1093688939,B16,Homo sapiens,NCBITaxon,9606,HeLa,EFO,EFO_0001185,,,,,SN1059862183,0.0125,2931,GSK3A,,,Pass,Hoechst:DNA; Alexa Fluor 488 phalloidin:actin; mScarlet:fascin; iRFP:nuclear actin chromobody (nAC),29.37975311,-41.3850479,Yes,Yes,compound response across 12 wells,inactive,active,,,,Nuclear actin,actin filament phenotype,CMPO_0000104
1093688939,B17,Homo sapiens,NCBITaxon,9606,HeLa,EFO,EFO_0001185,,,,,SN1059862183,0.003,2931,GSK3A,,,Pass,Hoechst:DNA; Alexa Fluor 488 phalloidin:actin; mScarlet:fascin; iRFP:nuclear actin chromobody (nAC),17.13047409,-46.7305565,Yes,Yes,compound response across 12 wells,inactive,active,,,,Nuclear actin,actin filament phenotype,CMPO_0000104
1093688939,B18,Homo sapiens,NCBITaxon,9606,HeLa,EFO,EFO_0001185,,,,,SN1059862183,0.001,2931,GSK3A,,,Pass,Hoechst:DNA; Alexa Fluor 488 phalloidin:actin; mScarlet:fascin; iRFP:nuclear actin chromobody (nAC),16.29346466,5.280835629,Yes,Yes,compound response across 12 wells,inactive,active,,,,Nuclear actin,actin filament phenotype,CMPO_0000104
1093688939,B19,Homo sapiens,NCBITaxon,9606,HeLa,EFO,EFO_0001185,,,,,SN1059862183,0.0003,2931,GSK3A,,,Pass,Hoechst:DNA; Alexa Fluor 488 phalloidin:actin; mScarlet:fascin; iRFP:nuclear actin chromobody (nAC),8.831634521,-3.55631304,Yes,Yes,compound response across 12 wells,inactive,active,,,,Nuclear actin,actin filament phenotype,CMPO_0000104
1093688939,B20,Homo sapiens,NCBITaxon,9606,HeLa,EFO,EFO_0001185,,,,,SN1059862183,0.00003,2931,GSK3A,,,Pass,Hoechst:DNA; Alexa Fluor 488 phalloidin:actin; mScarlet:fascin; iRFP:nuclear actin chromobody (nAC),10.9119339,-25.9113197,Yes,Yes,compound response across 12 wells,inactive,active,,,,Nuclear actin,actin filament phenotype,CMPO_0000104
1093688939,B21,Homo sapiens,NCBITaxon,9606,HeLa,EFO,EFO_0001185,,,,,SN1062773446,30,1017,CDK2,,,Pass,Hoechst:DNA; Alexa Fluor 488 phalloidin:actin; mScarlet:fascin; iRFP:nuclear actin chromobody (nAC),107.314621,-118.379013,,,compound response across 12 wells,inactive,inactive,,,,,,
1093688939,B22,Homo sapiens,NCBITaxon,9606,HeLa,EFO,EFO_0001185,,,,,SN1062773446,10,1017,CDK2,,,Fail,Hoechst:DNA; Alexa Fluor 488 phalloidin:actin; mScarlet:fascin; iRFP:nuclear actin chromobody (nAC),45.58784103,-171.692368,,,compound response across 12 wells,inactive,inactive,,,,,,
1093688939,B23,Homo sapiens,NCBITaxon,9606,HeLa,EFO,EFO_0001185,,,,,SN1062773446,3.125,1017,CDK2,,,Pass,Hoechst:DNA; Alexa Fluor 488 phalloidin:actin; mScarlet:fascin; iRFP:nuclear actin chromobody (nAC),5.790780067,-33.379612,,,compound response across 12 wells,inactive,inactive,,,,,,
1093688939,B24,Homo sapiens,NCBITaxon,9606,HeLa,EFO,EFO_0001185,,,,,SN1062773446,1.25,1017,CDK2,,,Pass,Hoechst:DNA; Alexa Fluor 488 phalloidin:actin; mScarlet:fascin; iRFP:nuclear actin chromobody (nAC),-61.230793,-27.79673,,,compound response across 12 wells,inactive,inactive,,,,,,
1093688939,C1,Homo sapiens,NCBITaxon,9606,HeLa,EFO,EFO_0001185,,,,,SN1062773446,0.3,1017,CDK2,,,Pass,Hoechst:DNA; Alexa Fluor 488 phalloidin:actin; mScarlet:fascin; iRFP:nuclear actin chromobody (nAC),0.685525477,12.75831699,,,compound response across 12 wells,inactive,inactive,,,,,,
1093688939,C2,Homo sapiens,NCBITaxon,9606,HeLa,EFO,EFO_0001185,,,,,SN1062773446,0.1,1017,CDK2,,,Pass,Hoechst:DNA; Alexa Fluor 488 phalloidin:actin; mScarlet:fascin; iRFP:nuclear actin chromobody (nAC),2.380915642,3.600186825,,,compound response across 12 wells,inactive,inactive,,,,,,
1093688939,C3,Homo sapiens,NCBITaxon,9606,HeLa,EFO,EFO_0001185,,,,,SN1062773446,0.03,1017,CDK2,,,Pass,Hoechst:DNA; Alexa Fluor 488 phalloidin:actin; mScarlet:fascin; iRFP:nuclear actin chromobody (nAC),-1.437962294,-8.20629311,,,compound response across 12 wells,inactive,inactive,,,,,,
1093688939,C4,Homo sapiens,NCBITaxon,9606,HeLa,EFO,EFO_0001185,,,,,SN1062773446,0.0125,1017,CDK2,,,Pass,Hoechst:DNA; Alexa Fluor 488 phalloidin:actin; mScarlet:fascin; iRFP:nuclear actin chromobody (nAC),2.222651005,-33.8701553,,,compound response across 12 wells,inactive,inactive,,,,,,
1093688939,C5,Homo sapiens,NCBITaxon,9606,HeLa,EFO,EFO_0001185,DMSO,679,IAZDPXIOMUYVGZ-UHFFFAOYSA-N,CS(=O)C,,,,,Neutral Control,,Pass,Hoechst:DNA; Alexa Fluor 488 phalloidin:actin; mScarlet:fascin; iRFP:nuclear actin chromobody (nAC),9.367027283,-5.70920277,,,,,,,,,,,
1093688939,C6,Homo sapiens,NCBITaxon,9606,HeLa,EFO,EFO_0001185,,,,,,,,,Stimulator Control,Leptomycin b blocks nuclear export of fascin,Pass,Hoechst:DNA; Alexa Fluor 488 phalloidin:actin; mScarlet:fascin; iRFP:nuclear actin chromobody (nAC),106.3329468,-6.90117931,,,,,,,,,,,
1093688939,C7,Homo sapiens,NCBITaxon,9606,HeLa,EFO,EFO_0001185,DMSO,679,IAZDPXIOMUYVGZ-UHFFFAOYSA-N,CS(=O)C,,,,,Neutral Control,,Pass,Hoechst:DNA; Alexa Fluor 488 phalloidin:actin; mScarlet:fascin; iRFP:nuclear actin chromobody (nAC),9.831281662,-0.00397685,,,,,,,,,,,
1093688939,C8,Homo sapiens,NCBITaxon,9606,HeLa,EFO,EFO_0001185,,,,,SN1062773446,0.003,1017,CDK2,,,Pass,Hoechst:DNA; Alexa Fluor 488 phalloidin:actin; mScarlet:fascin; iRFP:nuclear actin chromobody (nAC),7.88859272,-5.18479252,,,compound response across 12 wells,inactive,inactive,,,,,,
1093688939,C9,Homo sapiens,NCBITaxon,9606,HeLa,EFO,EFO_0001185,,,,,SN1062773446,0.001,1017,CDK2,,,Pass,Hoechst:DNA; Alexa Fluor 488 phalloidin:actin; mScarlet:fascin; iRFP:nuclear actin chromobody (nAC),-3.592380762,-15.0368834,,,compound response across 12 wells,inactive,inactive,,,,,,
1093688939,C10,Homo sapiens,NCBITaxon,9606,HeLa,EFO,EFO_0001185,,,,,SN1062773446,0.0003,1017,CDK2,,,Pass,Hoechst:DNA; Alexa Fluor 488 phalloidin:actin; mScarlet:fascin; iRFP:nuclear actin chromobody (nAC),4.22859621,-21.6164722,,,compound response across 12 wells,inactive,inactive,,,,,,
1093688939,C11,Homo sapiens,NCBITaxon,9606,HeLa,EFO,EFO_0001185,,,,,SN1062773446,0.00003,1017,CDK2,,,Pass,Hoechst:DNA; Alexa Fluor 488 phalloidin:actin; mScarlet:fascin; iRFP:nuclear actin chromobody (nAC),7.192203999,-13.1109476,,,compound response across 12 wells,inactive,inactive,,,,,,
1093688939,C12,Homo sapiens,NCBITaxon,9606,HeLa,EFO,EFO_0001185,,,,,SN0024162635,30,3456,IFNB1,,,Pass,Hoechst:DNA; Alexa Fluor 488 phalloidin:actin; mScarlet:fascin; iRFP:nuclear actin chromobody (nAC),87.77695465,,Yes,Yes,compound response across 12 wells,active,inactive,Nuclear fascin,regulation of protein localization to nucleus,GO_1900180,,,
1093688939,C13,Homo sapiens,NCBITaxon,9606,HeLa,EFO,EFO_0001185,,,,,SN0024162635,10,3456,IFNB1,,,Pass,Hoechst:DNA; Alexa Fluor 488 phalloidin:actin; mScarlet:fascin; iRFP:nuclear actin chromobody (nAC),63.37220383,,Yes,Yes,compound response across 12 wells,active,inactive,Nuclear fascin,regulation of protein localization to nucleus,GO_1900180,,,
1093688939,C14,Homo sapiens,NCBITaxon,9606,HeLa,EFO,EFO_0001185,,,,,SN0024162635,3.125,3456,IFNB1,,,Pass,Hoechst:DNA; Alexa Fluor 488 phalloidin:actin; mScarlet:fascin; iRFP:nuclear actin chromobody (nAC),107.7605743,-65.3264847,Yes,Yes,compound response across 12 wells,active,inactive,Nuclear fascin,regulation of protein localization to nucleus,GO_1900180,,,
1093688939,C15,Homo sapiens,NCBITaxon,9606,HeLa,EFO,EFO_0001185,,,,,SN0024162635,1.25,3456,IFNB1,,,Pass,Hoechst:DNA; Alexa Fluor 488 phalloidin:actin; mScarlet:fascin; iRFP:nuclear actin chromobody (nAC),94.81626892,,Yes,Yes,compound response across 12 wells,active,inactive,Nuclear fascin,regulation of protein localization to nucleus,GO_1900180,,,
1093688939,C16,Homo sapiens,NCBITaxon,9606,HeLa,EFO,EFO_0001185,DMSO,679,IAZDPXIOMUYVGZ-UHFFFAOYSA-N,CS(=O)C,,,,,Neutral Control,,Pass,Hoechst:DNA; Alexa Fluor 488 phalloidin:actin; mScarlet:fascin; iRFP:nuclear actin chromobody (nAC),-1.82137382,9.166938782,,,,,,,,,,,
1093688939,C17,Homo sapiens,NCBITaxon,9606,HeLa,EFO,EFO_0001185,,,,,,,,,Stimulator Control,Leptomycin b blocks nuclear export of fascin,Pass,Hoechst:DNA; Alexa Fluor 488 phalloidin:actin; mScarlet:fascin; iRFP:nuclear actin chromobody (nAC),85.31474304,12.61165428,,,,,,,,,,,
1093688939,C18,Homo sapiens,NCBITaxon,9606,HeLa,EFO,EFO_0001185,DMSO,679,IAZDPXIOMUYVGZ-UHFFFAOYSA-N,CS(=O)C,,,,,Neutral Control,,Pass,Hoechst:DNA; Alexa Fluor 488 phalloidin:actin; mScarlet:fascin; iRFP:nuclear actin chromobody (nAC),3.722489357,-3.12581849,,,,,,,,,,,
1093688939,C19,Homo sapiens,NCBITaxon,9606,HeLa,EFO,EFO_0001185,,,,,SN0024162635,0.3,3456,IFNB1,,,Pass,Hoechst:DNA; Alexa Fluor 488 phalloidin:actin; mScarlet:fascin; iRFP:nuclear actin chromobody (nAC),65.53535461,58.12778473,Yes,Yes,compound response across 12 wells,active,inactive,Nuclear fascin,regulation of protein localization to nucleus,GO_1900180,,,
1093688939,C20,Homo sapiens,NCBITaxon,9606,HeLa,EFO,EFO_0001185,,,,,SN0024162635,0.1,3456,IFNB1,,,Pass,Hoechst:DNA; Alexa Fluor 488 phalloidin:actin; mScarlet:fascin; iRFP:nuclear actin chromobody (nAC),-23.76767159,38.95900345,Yes,Yes,compound response across 12 wells,active,inactive,Nuclear fascin,regulation of protein localization to nucleus,GO_1900180,,,
1093688939,C21,Homo sapiens,NCBITaxon,9606,HeLa,EFO,EFO_0001185,,,,,SN0024162635,0.03,3456,IFNB1,,,Pass,Hoechst:DNA; Alexa Fluor 488 phalloidin:actin; mScarlet:fascin; iRFP:nuclear actin chromobody (nAC),3.424661875,-41.6561737,Yes,Yes,compound response across 12 wells,active,inactive,Nuclear fascin,regulation of protein localization to nucleus,GO_1900180,,,
1093688939,C22,Homo sapiens,NCBITaxon,9606,HeLa,EFO,EFO_0001185,,,,,SN0024162635,0.0125,3456,IFNB1,,,Pass,Hoechst:DNA; Alexa Fluor 488 phalloidin:actin; mScarlet:fascin; iRFP:nuclear actin chromobody (nAC),18.17294312,-2.19778967,Yes,Yes,compound response across 12 wells,active,inactive,Nuclear fascin,regulation of protein localization to nucleus,GO_1900180,,,
1093688939,C23,Homo sapiens,NCBITaxon,9606,HeLa,EFO,EFO_0001185,,,,,SN0024162635,0.003,3456,IFNB1,,,Pass,Hoechst:DNA; Alexa Fluor 488 phalloidin:actin; mScarlet:fascin; iRFP:nuclear actin chromobody (nAC),8.864664078,-37.0163612,Yes,Yes,compound response across 12 wells,active,inactive,Nuclear fascin,regulation of protein localization to nucleus,GO_1900180,,,
1093688939,C24,Homo sapiens,NCBITaxon,9606,HeLa,EFO,EFO_0001185,,,,,SN0024162635,0.001,3456,IFNB1,,,Pass,Hoechst:DNA; Alexa Fluor 488 phalloidin:actin; mScarlet:fascin; iRFP:nuclear actin chromobody (nAC),8.560656548,-38.6279335,Yes,Yes,compound response across 12 wells,active,inactive,Nuclear fascin,regulation of protein localization to nucleus,GO_1900180,,,
1093688939,D1,Homo sapiens,NCBITaxon,9606,HeLa,EFO,EFO_0001185,,,,,SN0024162635,0.0003,3456,IFNB1,,,Pass,Hoechst:DNA; Alexa Fluor 488 phalloidin:actin; mScarlet:fascin; iRFP:nuclear actin chromobody (nAC),18.30601692,-55.2012024,Yes,Yes,compound response across 12 wells,active,inactive,Nuclear fascin,regulation of protein localization to nucleus,GO_1900180,,,
1093688939,D2,Homo sapiens,NCBITaxon,9606,HeLa,EFO,EFO_0001185,,,,,SN0024162635,0.00003,3456,IFNB1,,,Pass,Hoechst:DNA; Alexa Fluor 488 phalloidin:actin; mScarlet:fascin; iRFP:nuclear actin chromobody (nAC),8.491675377,-22.1296043,Yes,Yes,compound response across 12 wells,active,inactive,Nuclear fascin,regulation of protein localization to nucleus,GO_1900180,,,
1093688939,D3,Homo sapiens,NCBITaxon,9606,HeLa,EFO,EFO_0001185,,,,,SN1060398343,30,1723,DHODH,,,Pass,Hoechst:DNA; Alexa Fluor 488 phalloidin:actin; mScarlet:fascin; iRFP:nuclear actin chromobody (nAC),18.40302277,-12.5473461,,,compound response across 12 wells,inactive,inactive,,,,,,
1093688939,D4,Homo sapiens,NCBITaxon,9606,HeLa,EFO,EFO_0001185,,,,,SN1060398343,10,1723,DHODH,,,Pass,Hoechst:DNA; Alexa Fluor 488 phalloidin:actin; mScarlet:fascin; iRFP:nuclear actin chromobody (nAC),20.61552811,-44.5949478,,,compound response across 12 wells,inactive,inactive,,,,,,
1093688939,D5,Homo sapiens,NCBITaxon,9606,HeLa,EFO,EFO_0001185,,,,,SN1060398343,3.125,1723,DHODH,,,Pass,Hoechst:DNA; Alexa Fluor 488 phalloidin:actin; mScarlet:fascin; iRFP:nuclear actin chromobody (nAC),9.76849556,8.136035919,,,compound response across 12 wells,inactive,inactive,,,,,,
1093688939,D6,Homo sapiens,NCBITaxon,9606,HeLa,EFO,EFO_0001185,,,,,SN1060398343,1.25,1723,DHODH,,,Pass,Hoechst:DNA; Alexa Fluor 488 phalloidin:actin; mScarlet:fascin; iRFP:nuclear actin chromobody (nAC),7.987080574,13.43970585,,,compound response across 12 wells,inactive,inactive,,,,,,
1093688939,D7,Homo sapiens,NCBITaxon,9606,HeLa,EFO,EFO_0001185,,,,,SN1060398343,0.3,1723,DHODH,,,Pass,Hoechst:DNA; Alexa Fluor 488 phalloidin:actin; mScarlet:fascin; iRFP:nuclear actin chromobody (nAC),-0.789665222,-12.2015734,,,compound response across 12 wells,inactive,inactive,,,,,,
1093688939,D8,Homo sapiens,NCBITaxon,9606,HeLa,EFO,EFO_0001185,,,,,SN1060398343,0.1,1723,DHODH,,,Pass,Hoechst:DNA; Alexa Fluor 488 phalloidin:actin; mScarlet:fascin; iRFP:nuclear actin chromobody (nAC),7.415545464,-7.2507472,,,compound response across 12 wells,inactive,inactive,,,,,,
1093688939,D9,Homo sapiens,NCBITaxon,9606,HeLa,EFO,EFO_0001185,,,,,SN1060398343,0.03,1723,DHODH,,,Pass,Hoechst:DNA; Alexa Fluor 488 phalloidin:actin; mScarlet:fascin; iRFP:nuclear actin chromobody (nAC),13.37953472,-2.52639318,,,compound response across 12 wells,inactive,inactive,,,,,,
1093688939,D10,Homo sapiens,NCBITaxon,9606,HeLa,EFO,EFO_0001185,,,,,SN1060398343,0.0125,1723,DHODH,,,Pass,Hoechst:DNA; Alexa Fluor 488 phalloidin:actin; mScarlet:fascin; iRFP:nuclear actin chromobody (nAC),5.99650526,-7.46983767,,,compound response across 12 wells,inactive,inactive,,,,,,
1093688939,D11,Homo sapiens,NCBITaxon,9606,HeLa,EFO,EFO_0001185,,,,,SN1060398343,0.003,1723,DHODH,,,Pass,Hoechst:DNA; Alexa Fluor 488 phalloidin:actin; mScarlet:fascin; iRFP:nuclear actin chromobody (nAC),11.92049217,11.13257408,,,compound response across 12 wells,inactive,inactive,,,,,,
1093688939,D12,Homo sapiens,NCBITaxon,9606,HeLa,EFO,EFO_0001185,,,,,SN1060398343,0.001,1723,DHODH,,,Pass,Hoechst:DNA; Alexa Fluor 488 phalloidin:actin; mScarlet:fascin; iRFP:nuclear actin chromobody (nAC),7.704021454,10.92802334,,,compound response across 12 wells,inactive,inactive,,,,,,
1093688939,D13,Homo sapiens,NCBITaxon,9606,HeLa,EFO,EFO_0001185,,,,,SN1060398343,0.0003,1723,DHODH,,,Pass,Hoechst:DNA; Alexa Fluor 488 phalloidin:actin; mScarlet:fascin; iRFP:nuclear actin chromobody (nAC),6.468877792,-8.70924759,,,compound response across 12 wells,inactive,inactive,,,,,,
1093688939,D14,Homo sapiens,NCBITaxon,9606,HeLa,EFO,EFO_0001185,,,,,SN1060398343,0.00003,1723,DHODH,,,Pass,Hoechst:DNA; Alexa Fluor 488 phalloidin:actin; mScarlet:fascin; iRFP:nuclear actin chromobody (nAC),13.07491016,-9.16155052,,,compound response across 12 wells,inactive,inactive,,,,,,
1093688939,D15,Homo sapiens,NCBITaxon,9606,HeLa,EFO,EFO_0001185,,,,,SN1022318062,30,1387,CREBBP,,,Pass,Hoechst:DNA; Alexa Fluor 488 phalloidin:actin; mScarlet:fascin; iRFP:nuclear actin chromobody (nAC),32.34609222,8.641299248,,,compound response across 12 wells,inactive,inactive,,,,,,
1093688939,D16,Homo sapiens,NCBITaxon,9606,HeLa,EFO,EFO_0001185,,,,,SN1022318062,10,1387,CREBBP,,,Pass,Hoechst:DNA; Alexa Fluor 488 phalloidin:actin; mScarlet:fascin; iRFP:nuclear actin chromobody (nAC),9.321871758,-11.9527102,,,compound response across 12 wells,inactive,inactive,,,,,,
1093688939,D17,Homo sapiens,NCBITaxon,9606,HeLa,EFO,EFO_0001185,,,,,SN1022318062,3.125,1387,CREBBP,,,Pass,Hoechst:DNA; Alexa Fluor 488 phalloidin:actin; mScarlet:fascin; iRFP:nuclear actin chromobody (nAC),15.72210598,0.143690601,,,compound response across 12 wells,inactive,inactive,,,,,,
1093688939,D18,Homo sapiens,NCBITaxon,9606,HeLa,EFO,EFO_0001185,,,,,SN1022318062,1.25,1387,CREBBP,,,Pass,Hoechst:DNA; Alexa Fluor 488 phalloidin:actin; mScarlet:fascin; iRFP:nuclear actin chromobody (nAC),9.971020699,-17.6229191,,,compound response across 12 wells,inactive,inactive,,,,,,
1093688939,D19,Homo sapiens,NCBITaxon,9606,HeLa,EFO,EFO_0001185,,,,,SN1022318062,0.3,1387,CREBBP,,,Pass,Hoechst:DNA; Alexa Fluor 488 phalloidin:actin; mScarlet:fascin; iRFP:nuclear actin chromobody (nAC),12.24419975,-13.4298391,,,compound response across 12 wells,inactive,inactive,,,,,,
1093688939,D20,Homo sapiens,NCBITaxon,9606,HeLa,EFO,EFO_0001185,,,,,SN1022318062,0.1,1387,CREBBP,,,Pass,Hoechst:DNA; Alexa Fluor 488 phalloidin:actin; mScarlet:fascin; iRFP:nuclear actin chromobody (nAC),18.45277214,-1.98686659,,,compound response across 12 wells,inactive,inactive,,,,,,
1093688939,D21,Homo sapiens,NCBITaxon,9606,HeLa,EFO,EFO_0001185,,,,,SN1022318062,0.03,1387,CREBBP,,,Pass,Hoechst:DNA; Alexa Fluor 488 phalloidin:actin; mScarlet:fascin; iRFP:nuclear actin chromobody (nAC),8.915897369,-13.5824184,,,compound response across 12 wells,inactive,inactive,,,,,,
1093688939,D22,Homo sapiens,NCBITaxon,9606,HeLa,EFO,EFO_0001185,,,,,SN1022318062,0.0125,1387,CREBBP,,,Pass,Hoechst:DNA; Alexa Fluor 488 phalloidin:actin; mScarlet:fascin; iRFP:nuclear actin chromobody (nAC),15.16827488,-19.3222752,,,compound response across 12 wells,inactive,inactive,,,,,,
1093688939,D23,Homo sapiens,NCBITaxon,9606,HeLa,EFO,EFO_0001185,,,,,SN1022318062,0.003,1387,CREBBP,,,Pass,Hoechst:DNA; Alexa Fluor 488 phalloidin:actin; mScarlet:fascin; iRFP:nuclear actin chromobody (nAC),8.631869316,-72.5460739,,,compound response across 12 wells,inactive,inactive,,,,,,
1093688939,D24,Homo sapiens,NCBITaxon,9606,HeLa,EFO,EFO_0001185,,,,,SN1022318062,0.001,1387,CREBBP,,,Pass,Hoechst:DNA; Alexa Fluor 488 phalloidin:actin; mScarlet:fascin; iRFP:nuclear actin chromobody (nAC),1.956062555,2.357579947,,,compound response across 12 wells,inactive,inactive,,,,,,
1093688939,E1,Homo sapiens,NCBITaxon,9606,HeLa,EFO,EFO_0001185,,,,,SN1022318062,0.0003,1387,CREBBP,,,Pass,Hoechst:DNA; Alexa Fluor 488 phalloidin:actin; mScarlet:fascin; iRFP:nuclear actin chromobody (nAC),5.819905281,-11.9801579,,,compound response across 12 wells,inactive,inactive,,,,,,
1093688939,E2,Homo sapiens,NCBITaxon,9606,HeLa,EFO,EFO_0001185,,,,,SN1022318062,0.00003,1387,CREBBP,,,Pass,Hoechst:DNA; Alexa Fluor 488 phalloidin:actin; mScarlet:fascin; iRFP:nuclear actin chromobody (nAC),13.31146336,-30.7496395,,,compound response across 12 wells,inactive,inactive,,,,,,
1093688939,E3,Homo sapiens,NCBITaxon,9606,HeLa,EFO,EFO_0001185,,,,,SN1140242309,30,1769,DNAH8,,,Pass,Hoechst:DNA; Alexa Fluor 488 phalloidin:actin; mScarlet:fascin; iRFP:nuclear actin chromobody (nAC),13.82077026,-69.7186813,,Yes,compound response across 12 wells,inactive,active,,,,Nuclear actin,actin filament phenotype,CMPO_0000104
1093688939,E4,Homo sapiens,NCBITaxon,9606,HeLa,EFO,EFO_0001185,,,,,SN1140242309,10,1769,DNAH8,,,Pass,Hoechst:DNA; Alexa Fluor 488 phalloidin:actin; mScarlet:fascin; iRFP:nuclear actin chromobody (nAC),-14.52715588,-19.124855,,Yes,compound response across 12 wells,inactive,active,,,,Nuclear actin,actin filament phenotype,CMPO_0000104
1093688939,E5,Homo sapiens,NCBITaxon,9606,HeLa,EFO,EFO_0001185,,,,,SN1140242309,3.125,1769,DNAH8,,,Pass,Hoechst:DNA; Alexa Fluor 488 phalloidin:actin; mScarlet:fascin; iRFP:nuclear actin chromobody (nAC),1.678934097,-21.0639458,,Yes,compound response across 12 wells,inactive,active,,,,Nuclear actin,actin filament phenotype,CMPO_0000104
1093688939,E6,Homo sapiens,NCBITaxon,9606,HeLa,EFO,EFO_0001185,,,,,SN1140242309,1.25,1769,DNAH8,,,Pass,Hoechst:DNA; Alexa Fluor 488 phalloidin:actin; mScarlet:fascin; iRFP:nuclear actin chromobody (nAC),-6.701364517,14.10007763,,Yes,compound response across 12 wells,inactive,active,,,,Nuclear actin,actin filament phenotype,CMPO_0000104
1093688939,E7,Homo sapiens,NCBITaxon,9606,HeLa,EFO,EFO_0001185,,,,,SN1140242309,0.3,1769,DNAH8,,,Pass,Hoechst:DNA; Alexa Fluor 488 phalloidin:actin; mScarlet:fascin; iRFP:nuclear actin chromobody (nAC),12.73647785,12.41291809,,Yes,compound response across 12 wells,inactive,active,,,,Nuclear actin,actin filament phenotype,CMPO_0000104
1093688939,E8,Homo sapiens,NCBITaxon,9606,HeLa,EFO,EFO_0001185,,,,,SN1140242309,0.1,1769,DNAH8,,,Pass,Hoechst:DNA; Alexa Fluor 488 phalloidin:actin; mScarlet:fascin; iRFP:nuclear actin chromobody (nAC),1.621505976,24.79228973,,Yes,compound response across 12 wells,inactive,active,,,,Nuclear actin,actin filament phenotype,CMPO_0000104
1093688939,E9,Homo sapiens,NCBITaxon,9606,HeLa,EFO,EFO_0001185,DMSO,679,IAZDPXIOMUYVGZ-UHFFFAOYSA-N,CS(=O)C,,,,,Neutral Control,,Pass,Hoechst:DNA; Alexa Fluor 488 phalloidin:actin; mScarlet:fascin; iRFP:nuclear actin chromobody (nAC),9.555811882,1.159242511,,,,,,,,,,,
1093688939,E10,Homo sapiens,NCBITaxon,9606,HeLa,EFO,EFO_0001185,,,,,,,,,Stimulator Control,Leptomycin b blocks nuclear export of fascin,Pass,Hoechst:DNA; Alexa Fluor 488 phalloidin:actin; mScarlet:fascin; iRFP:nuclear actin chromobody (nAC),100.5653,17.17116165,,,,,,,,,,,
1093688939,E11,Homo sapiens,NCBITaxon,9606,HeLa,EFO,EFO_0001185,DMSO,679,IAZDPXIOMUYVGZ-UHFFFAOYSA-N,CS(=O)C,,,,,Neutral Control,,Pass,Hoechst:DNA; Alexa Fluor 488 phalloidin:actin; mScarlet:fascin; iRFP:nuclear actin chromobody (nAC),10.91560364,-0.8388598,,,,,,,,,,,
1093688939,E12,Homo sapiens,NCBITaxon,9606,HeLa,EFO,EFO_0001185,,,,,SN1140242309,0.03,1769,DNAH8,,,Pass,Hoechst:DNA; Alexa Fluor 488 phalloidin:actin; mScarlet:fascin; iRFP:nuclear actin chromobody (nAC),20.12091637,-12.4451342,,Yes,compound response across 12 wells,inactive,active,,,,Nuclear actin,actin filament phenotype,CMPO_0000104
1093688939,E13,Homo sapiens,NCBITaxon,9606,HeLa,EFO,EFO_0001185,,,,,SN1140242309,0.0125,1769,DNAH8,,,Pass,Hoechst:DNA; Alexa Fluor 488 phalloidin:actin; mScarlet:fascin; iRFP:nuclear actin chromobody (nAC),13.26263809,0.289626211,,Yes,compound response across 12 wells,inactive,active,,,,Nuclear actin,actin filament phenotype,CMPO_0000104
1093688939,E14,Homo sapiens,NCBITaxon,9606,HeLa,EFO,EFO_0001185,,,,,SN1140242309,0.003,1769,DNAH8,,,Pass,Hoechst:DNA; Alexa Fluor 488 phalloidin:actin; mScarlet:fascin; iRFP:nuclear actin chromobody (nAC),12.18935585,-2.33261776,,Yes,compound response across 12 wells,inactive,active,,,,Nuclear actin,actin filament phenotype,CMPO_0000104
1093688939,E15,Homo sapiens,NCBITaxon,9606,HeLa,EFO,EFO_0001185,,,,,SN1140242309,0.001,1769,DNAH8,,,Pass,Hoechst:DNA; Alexa Fluor 488 phalloidin:actin; mScarlet:fascin; iRFP:nuclear actin chromobody (nAC),11.6553421,13.24609089,,Yes,compound response across 12 wells,inactive,active,,,,Nuclear actin,actin filament phenotype,CMPO_0000104
1093688939,E16,Homo sapiens,NCBITaxon,9606,HeLa,EFO,EFO_0001185,,,,,SN1140242309,0.0003,1769,DNAH8,,,Pass,Hoechst:DNA; Alexa Fluor 488 phalloidin:actin; mScarlet:fascin; iRFP:nuclear actin chromobody (nAC),15.36919975,12.73949051,,Yes,compound response across 12 wells,inactive,active,,,,Nuclear actin,actin filament phenotype,CMPO_0000104
1093688939,E17,Homo sapiens,NCBITaxon,9606,HeLa,EFO,EFO_0001185,,,,,SN1140242309,0.00003,1769,DNAH8,,,Pass,Hoechst:DNA; Alexa Fluor 488 phalloidin:actin; mScarlet:fascin; iRFP:nuclear actin chromobody (nAC),4.752465725,-40.5083733,,Yes,compound response across 12 wells,inactive,active,,,,Nuclear actin,actin filament phenotype,CMPO_0000104
1093688939,E18,Homo sapiens,NCBITaxon,9606,HeLa,EFO,EFO_0001185,,,,,SN1123536352,30,4864,NPC1,,,Pass,Hoechst:DNA; Alexa Fluor 488 phalloidin:actin; mScarlet:fascin; iRFP:nuclear actin chromobody (nAC),-41.57978058,31.03397369,,,compound response across 12 wells,inactive,inactive,,,,,,
1093688939,E19,Homo sapiens,NCBITaxon,9606,HeLa,EFO,EFO_0001185,,,,,SN1123536352,10,4864,NPC1,,,Pass,Hoechst:DNA; Alexa Fluor 488 phalloidin:actin; mScarlet:fascin; iRFP:nuclear actin chromobody (nAC),-18.81039047,-37.2306099,,,compound response across 12 wells,inactive,inactive,,,,,,
1093688939,E20,Homo sapiens,NCBITaxon,9606,HeLa,EFO,EFO_0001185,DMSO,679,IAZDPXIOMUYVGZ-UHFFFAOYSA-N,CS(=O)C,,,,,Neutral Control,,Pass,Hoechst:DNA; Alexa Fluor 488 phalloidin:actin; mScarlet:fascin; iRFP:nuclear actin chromobody (nAC),-1.912037373,11.67696476,,,,,,,,,,,
1093688939,E21,Homo sapiens,NCBITaxon,9606,HeLa,EFO,EFO_0001185,,,,,,,,,Stimulator Control,Leptomycin b blocks nuclear export of fascin,Pass,Hoechst:DNA; Alexa Fluor 488 phalloidin:actin; mScarlet:fascin; iRFP:nuclear actin chromobody (nAC),95.94084167,-8.75101566,,,,,,,,,,,
1093688939,E22,Homo sapiens,NCBITaxon,9606,HeLa,EFO,EFO_0001185,DMSO,679,IAZDPXIOMUYVGZ-UHFFFAOYSA-N,CS(=O)C,,,,,Neutral Control,,Pass,Hoechst:DNA; Alexa Fluor 488 phalloidin:actin; mScarlet:fascin; iRFP:nuclear actin chromobody (nAC),-5.602759361,0.003976855,,,,,,,,,,,
1093688939,E23,Homo sapiens,NCBITaxon,9606,HeLa,EFO,EFO_0001185,,,,,SN1123536352,3.125,4864,NPC1,,,Pass,Hoechst:DNA; Alexa Fluor 488 phalloidin:actin; mScarlet:fascin; iRFP:nuclear actin chromobody (nAC),1.753038526,-196.701797,,,compound response across 12 wells,inactive,inactive,,,,,,
1093688939,E24,Homo sapiens,NCBITaxon,9606,HeLa,EFO,EFO_0001185,,,,,SN1123536352,1.25,4864,NPC1,,,Pass,Hoechst:DNA; Alexa Fluor 488 phalloidin:actin; mScarlet:fascin; iRFP:nuclear actin chromobody (nAC),34.46520615,-59.3990211,,,compound response across 12 wells,inactive,inactive,,,,,,
1093688939,F1,Homo sapiens,NCBITaxon,9606,HeLa,EFO,EFO_0001185,,,,,SN1123536352,0.3,4864,NPC1,,,Pass,Hoechst:DNA; Alexa Fluor 488 phalloidin:actin; mScarlet:fascin; iRFP:nuclear actin chromobody (nAC),78.91556549,-84.4544754,,,compound response across 12 wells,inactive,inactive,,,,,,
1093688939,F2,Homo sapiens,NCBITaxon,9606,HeLa,EFO,EFO_0001185,,,,,SN1123536352,0.1,4864,NPC1,,,Pass,Hoechst:DNA; Alexa Fluor 488 phalloidin:actin; mScarlet:fascin; iRFP:nuclear actin chromobody (nAC),182.3940582,160.9603119,,,compound response across 12 wells,inactive,inactive,,,,,,
1093688939,F3,Homo sapiens,NCBITaxon,9606,HeLa,EFO,EFO_0001185,,,,,SN1123536352,0.03,4864,NPC1,,,Pass,Hoechst:DNA; Alexa Fluor 488 phalloidin:actin; mScarlet:fascin; iRFP:nuclear actin chromobody (nAC),72.23946381,-15.1122246,,,compound response across 12 wells,inactive,inactive,,,,,,
1093688939,F4,Homo sapiens,NCBITaxon,9606,HeLa,EFO,EFO_0001185,,,,,SN1123536352,0.0125,4864,NPC1,,,Pass,Hoechst:DNA; Alexa Fluor 488 phalloidin:actin; mScarlet:fascin; iRFP:nuclear actin chromobody (nAC),65.85186005,-115.857269,,,compound response across 12 wells,inactive,inactive,,,,,,
1093688939,F5,Homo sapiens,NCBITaxon,9606,HeLa,EFO,EFO_0001185,,,,,SN1123536352,0.003,4864,NPC1,,,Pass,Hoechst:DNA; Alexa Fluor 488 phalloidin:actin; mScarlet:fascin; iRFP:nuclear actin chromobody (nAC),30.4726181,-60.8638725,,,compound response across 12 wells,inactive,inactive,,,,,,
1093688939,F6,Homo sapiens,NCBITaxon,9606,HeLa,EFO,EFO_0001185,,,,,SN1123536352,0.001,4864,NPC1,,,Pass,Hoechst:DNA; Alexa Fluor 488 phalloidin:actin; mScarlet:fascin; iRFP:nuclear actin chromobody (nAC),24.61297417,-13.487669,,,compound response across 12 wells,inactive,inactive,,,,,,
1093688939,F7,Homo sapiens,NCBITaxon,9606,HeLa,EFO,EFO_0001185,,,,,SN1123536352,0.0003,4864,NPC1,,,Pass,Hoechst:DNA; Alexa Fluor 488 phalloidin:actin; mScarlet:fascin; iRFP:nuclear actin chromobody (nAC),13.06124306,-24.9367981,,,compound response across 12 wells,inactive,inactive,,,,,,
1093688939,F8,Homo sapiens,NCBITaxon,9606,HeLa,EFO,EFO_0001185,,,,,SN1123536352,0.00003,4864,NPC1,,,Pass,Hoechst:DNA; Alexa Fluor 488 phalloidin:actin; mScarlet:fascin; iRFP:nuclear actin chromobody (nAC),6.58755064,-33.0245667,,,compound response across 12 wells,inactive,inactive,,,,,,
1093688939,F9,Homo sapiens,NCBITaxon,9606,HeLa,EFO,EFO_0001185,,,,,SN0022071220,30,983,CDK1,,,Pass,Hoechst:DNA; Alexa Fluor 488 phalloidin:actin; mScarlet:fascin; iRFP:nuclear actin chromobody (nAC),-5.804418087,-74.2976074,,Yes,compound response across 12 wells,inactive,active,,,,Nuclear actin,actin filament phenotype,CMPO_0000104
1093688939,F10,Homo sapiens,NCBITaxon,9606,HeLa,EFO,EFO_0001185,,,,,SN0022071220,10,983,CDK1,,,Pass,Hoechst:DNA; Alexa Fluor 488 phalloidin:actin; mScarlet:fascin; iRFP:nuclear actin chromobody (nAC),9.566440582,-16.1546211,,Yes,compound response across 12 wells,inactive,active,,,,Nuclear actin,actin filament phenotype,CMPO_0000104
1093688939,F11,Homo sapiens,NCBITaxon,9606,HeLa,EFO,EFO_0001185,,,,,SN0022071220,3.125,983,CDK1,,,Pass,Hoechst:DNA; Alexa Fluor 488 phalloidin:actin; mScarlet:fascin; iRFP:nuclear actin chromobody (nAC),7.380298615,-22.8576832,,Yes,compound response across 12 wells,inactive,active,,,,Nuclear actin,actin filament phenotype,CMPO_0000104
1093688939,F12,Homo sapiens,NCBITaxon,9606,HeLa,EFO,EFO_0001185,,,,,SN0022071220,1.25,983,CDK1,,,Pass,Hoechst:DNA; Alexa Fluor 488 phalloidin:actin; mScarlet:fascin; iRFP:nuclear actin chromobody (nAC),-12.36228561,-82.640686,,Yes,compound response across 12 wells,inactive,active,,,,Nuclear actin,actin filament phenotype,CMPO_0000104
1093688939,F13,Homo sapiens,NCBITaxon,9606,HeLa,EFO,EFO_0001185,,,,,SN0022071220,0.3,983,CDK1,,,Pass,Hoechst:DNA; Alexa Fluor 488 phalloidin:actin; mScarlet:fascin; iRFP:nuclear actin chromobody (nAC),37.02308655,-103.860268,,Yes,compound response across 12 wells,inactive,active,,,,Nuclear actin,actin filament phenotype,CMPO_0000104
1093688939,F14,Homo sapiens,NCBITaxon,9606,HeLa,EFO,EFO_0001185,,,,,SN0022071220,0.1,983,CDK1,,,Pass,Hoechst:DNA; Alexa Fluor 488 phalloidin:actin; mScarlet:fascin; iRFP:nuclear actin chromobody (nAC),11.41639614,-14.085619,,Yes,compound response across 12 wells,inactive,active,,,,Nuclear actin,actin filament phenotype,CMPO_0000104
1093688939,F15,Homo sapiens,NCBITaxon,9606,HeLa,EFO,EFO_0001185,,,,,SN0022071220,0.03,983,CDK1,,,Pass,Hoechst:DNA; Alexa Fluor 488 phalloidin:actin; mScarlet:fascin; iRFP:nuclear actin chromobody (nAC),3.894670725,7.301847458,,Yes,compound response across 12 wells,inactive,active,,,,Nuclear actin,actin filament phenotype,CMPO_0000104
1093688939,F16,Homo sapiens,NCBITaxon,9606,HeLa,EFO,EFO_0001185,,,,,SN0022071220,0.0125,983,CDK1,,,Pass,Hoechst:DNA; Alexa Fluor 488 phalloidin:actin; mScarlet:fascin; iRFP:nuclear actin chromobody (nAC),17.19327545,-0.77461004,,Yes,compound response across 12 wells,inactive,active,,,,Nuclear actin,actin filament phenotype,CMPO_0000104
1093688939,F17,Homo sapiens,NCBITaxon,9606,HeLa,EFO,EFO_0001185,,,,,SN0022071220,0.003,983,CDK1,,,Pass,Hoechst:DNA; Alexa Fluor 488 phalloidin:actin; mScarlet:fascin; iRFP:nuclear actin chromobody (nAC),9.345272064,-7.84695482,,Yes,compound response across 12 wells,inactive,active,,,,Nuclear actin,actin filament phenotype,CMPO_0000104
1093688939,F18,Homo sapiens,NCBITaxon,9606,HeLa,EFO,EFO_0001185,,,,,SN0022071220,0.001,983,CDK1,,,Pass,Hoechst:DNA; Alexa Fluor 488 phalloidin:actin; mScarlet:fascin; iRFP:nuclear actin chromobody (nAC),10.07400036,0.156658143,,Yes,compound response across 12 wells,inactive,active,,,,Nuclear actin,actin filament phenotype,CMPO_0000104
1093688939,F19,Homo sapiens,NCBITaxon,9606,HeLa,EFO,EFO_0001185,,,,,SN0022071220,0.0003,983,CDK1,,,Pass,Hoechst:DNA; Alexa Fluor 488 phalloidin:actin; mScarlet:fascin; iRFP:nuclear actin chromobody (nAC),14.62850666,24.95118332,,Yes,compound response across 12 wells,inactive,active,,,,Nuclear actin,actin filament phenotype,CMPO_0000104
1093688939,F20,Homo sapiens,NCBITaxon,9606,HeLa,EFO,EFO_0001185,,,,,SN0022071220,0.00003,983,CDK1,,,Pass,Hoechst:DNA; Alexa Fluor 488 phalloidin:actin; mScarlet:fascin; iRFP:nuclear actin chromobody (nAC),14.48757935,2.105755329,,Yes,compound response across 12 wells,inactive,active,,,,Nuclear actin,actin filament phenotype,CMPO_0000104
1093688939,F21,Homo sapiens,NCBITaxon,9606,HeLa,EFO,EFO_0001185,,,,,SN1051013858,30,898,CCNE1,,,Pass,Hoechst:DNA; Alexa Fluor 488 phalloidin:actin; mScarlet:fascin; iRFP:nuclear actin chromobody (nAC),-33.87030029,,,Yes,compound response across 12 wells,active,inactive,Nuclear fascin,regulation of protein localization to nucleus,GO_1900180,,,
1093688939,F22,Homo sapiens,NCBITaxon,9606,HeLa,EFO,EFO_0001185,,,,,SN1051013858,10,898,CCNE1,,,Pass,Hoechst:DNA; Alexa Fluor 488 phalloidin:actin; mScarlet:fascin; iRFP:nuclear actin chromobody (nAC),42.37932587,,,Yes,compound response across 12 wells,active,inactive,Nuclear fascin,regulation of protein localization to nucleus,GO_1900180,,,
1093688939,F23,Homo sapiens,NCBITaxon,9606,HeLa,EFO,EFO_0001185,,,,,SN1051013858,3.125,898,CCNE1,,,Pass,Hoechst:DNA; Alexa Fluor 488 phalloidin:actin; mScarlet:fascin; iRFP:nuclear actin chromobody (nAC),71.36521149,,,Yes,compound response across 12 wells,active,inactive,Nuclear fascin,regulation of protein localization to nucleus,GO_1900180,,,
1093688939,F24,Homo sapiens,NCBITaxon,9606,HeLa,EFO,EFO_0001185,,,,,SN1051013858,1.25,898,CCNE1,,,Pass,Hoechst:DNA; Alexa Fluor 488 phalloidin:actin; mScarlet:fascin; iRFP:nuclear actin chromobody (nAC),36.28862,-48.9571571,,Yes,compound response across 12 wells,active,inactive,Nuclear fascin,regulation of protein localization to nucleus,GO_1900180,,,
1093688939,G1,Homo sapiens,NCBITaxon,9606,HeLa,EFO,EFO_0001185,,,,,SN1051013858,0.3,898,CCNE1,,,Pass,Hoechst:DNA; Alexa Fluor 488 phalloidin:actin; mScarlet:fascin; iRFP:nuclear actin chromobody (nAC),9.014649391,3.670925617,,Yes,compound response across 12 wells,active,inactive,Nuclear fascin,regulation of protein localization to nucleus,GO_1900180,,,
1093688939,G2,Homo sapiens,NCBITaxon,9606,HeLa,EFO,EFO_0001185,,,,,SN1051013858,0.1,898,CCNE1,,,Pass,Hoechst:DNA; Alexa Fluor 488 phalloidin:actin; mScarlet:fascin; iRFP:nuclear actin chromobody (nAC),23.06064034,-12.5119553,,Yes,compound response across 12 wells,active,inactive,Nuclear fascin,regulation of protein localization to nucleus,GO_1900180,,,
1093688939,G3,Homo sapiens,NCBITaxon,9606,HeLa,EFO,EFO_0001185,,,,,SN1051013858,0.03,898,CCNE1,,,Pass,Hoechst:DNA; Alexa Fluor 488 phalloidin:actin; mScarlet:fascin; iRFP:nuclear actin chromobody (nAC),6.320668697,-16.7409286,,Yes,compound response across 12 wells,active,inactive,Nuclear fascin,regulation of protein localization to nucleus,GO_1900180,,,
1093688939,G4,Homo sapiens,NCBITaxon,9606,HeLa,EFO,EFO_0001185,,,,,SN1051013858,0.0125,898,CCNE1,,,Pass,Hoechst:DNA; Alexa Fluor 488 phalloidin:actin; mScarlet:fascin; iRFP:nuclear actin chromobody (nAC),18.36827469,-10.9051027,,Yes,compound response across 12 wells,active,inactive,Nuclear fascin,regulation of protein localization to nucleus,GO_1900180,,,
1093688939,G5,Homo sapiens,NCBITaxon,9606,HeLa,EFO,EFO_0001185,,,,,SN1051013858,0.003,898,CCNE1,,,Pass,Hoechst:DNA; Alexa Fluor 488 phalloidin:actin; mScarlet:fascin; iRFP:nuclear actin chromobody (nAC),8.494332314,-12.920331,,Yes,compound response across 12 wells,active,inactive,Nuclear fascin,regulation of protein localization to nucleus,GO_1900180,,,
1093688939,G6,Homo sapiens,NCBITaxon,9606,HeLa,EFO,EFO_0001185,,,,,SN1051013858,0.001,898,CCNE1,,,Pass,Hoechst:DNA; Alexa Fluor 488 phalloidin:actin; mScarlet:fascin; iRFP:nuclear actin chromobody (nAC),11.12427902,-34.8747444,,Yes,compound response across 12 wells,active,inactive,Nuclear fascin,regulation of protein localization to nucleus,GO_1900180,,,
1093688939,G7,Homo sapiens,NCBITaxon,9606,HeLa,EFO,EFO_0001185,,,,,SN1051013858,0.0003,898,CCNE1,,,Pass,Hoechst:DNA; Alexa Fluor 488 phalloidin:actin; mScarlet:fascin; iRFP:nuclear actin chromobody (nAC),-0.389107406,-18.7091675,,Yes,compound response across 12 wells,active,inactive,Nuclear fascin,regulation of protein localization to nucleus,GO_1900180,,,
1093688939,G8,Homo sapiens,NCBITaxon,9606,HeLa,EFO,EFO_0001185,,,,,SN1051013858,0.00003,898,CCNE1,,,Pass,Hoechst:DNA; Alexa Fluor 488 phalloidin:actin; mScarlet:fascin; iRFP:nuclear actin chromobody (nAC),11.38934135,-9.94213676,,Yes,compound response across 12 wells,active,inactive,Nuclear fascin,regulation of protein localization to nucleus,GO_1900180,,,
1093688939,G9,Homo sapiens,NCBITaxon,9606,HeLa,EFO,EFO_0001185,,,,,SN1057822873,30,2099,ESR1,,,Pass,Hoechst:DNA; Alexa Fluor 488 phalloidin:actin; mScarlet:fascin; iRFP:nuclear actin chromobody (nAC),9.973207474,-7.79918957,,,compound response across 12 wells,inactive,inactive,,,,,,
1093688939,G10,Homo sapiens,NCBITaxon,9606,HeLa,EFO,EFO_0001185,,,,,SN1057822873,10,2099,ESR1,,,Pass,Hoechst:DNA; Alexa Fluor 488 phalloidin:actin; mScarlet:fascin; iRFP:nuclear actin chromobody (nAC),65.76773834,-3.7160821,,,compound response across 12 wells,inactive,inactive,,,,,,
1093688939,G11,Homo sapiens,NCBITaxon,9606,HeLa,EFO,EFO_0001185,,,,,SN1057822873,3.125,2099,ESR1,,,Pass,Hoechst:DNA; Alexa Fluor 488 phalloidin:actin; mScarlet:fascin; iRFP:nuclear actin chromobody (nAC),16.51316643,-53.9397278,,,compound response across 12 wells,inactive,inactive,,,,,,
1093688939,G12,Homo sapiens,NCBITaxon,9606,HeLa,EFO,EFO_0001185,,,,,SN1057822873,1.25,2099,ESR1,,,Pass,Hoechst:DNA; Alexa Fluor 488 phalloidin:actin; mScarlet:fascin; iRFP:nuclear actin chromobody (nAC),7.20271492,-30.3669796,,,compound response across 12 wells,inactive,inactive,,,,,,
1093688939,G13,Homo sapiens,NCBITaxon,9606,HeLa,EFO,EFO_0001185,DMSO,679,IAZDPXIOMUYVGZ-UHFFFAOYSA-N,CS(=O)C,,,,,Neutral Control,,Pass,Hoechst:DNA; Alexa Fluor 488 phalloidin:actin; mScarlet:fascin; iRFP:nuclear actin chromobody (nAC),0.094876677,22.65736008,,,,,,,,,,,
1093688939,G14,Homo sapiens,NCBITaxon,9606,HeLa,EFO,EFO_0001185,,,,,,,,,Stimulator Control,Leptomycin b blocks nuclear export of fascin,Pass,Hoechst:DNA; Alexa Fluor 488 phalloidin:actin; mScarlet:fascin; iRFP:nuclear actin chromobody (nAC),82.11856079,20.83369446,,,,,,,,,,,
1093688939,G15,Homo sapiens,NCBITaxon,9606,HeLa,EFO,EFO_0001185,DMSO,679,IAZDPXIOMUYVGZ-UHFFFAOYSA-N,CS(=O)C,,,,,Neutral Control,,Pass,Hoechst:DNA; Alexa Fluor 488 phalloidin:actin; mScarlet:fascin; iRFP:nuclear actin chromobody (nAC),2.630049706,-3.11310768,,,,,,,,,,,
1093688939,G16,Homo sapiens,NCBITaxon,9606,HeLa,EFO,EFO_0001185,,,,,SN1057822873,0.3,2099,ESR1,,,Pass,Hoechst:DNA; Alexa Fluor 488 phalloidin:actin; mScarlet:fascin; iRFP:nuclear actin chromobody (nAC),3.761391163,-18.5831261,,,compound response across 12 wells,inactive,inactive,,,,,,
1093688939,G17,Homo sapiens,NCBITaxon,9606,HeLa,EFO,EFO_0001185,,,,,SN1057822873,0.1,2099,ESR1,,,Pass,Hoechst:DNA; Alexa Fluor 488 phalloidin:actin; mScarlet:fascin; iRFP:nuclear actin chromobody (nAC),-4.415956497,3.984765768,,,compound response across 12 wells,inactive,inactive,,,,,,
1093688939,G18,Homo sapiens,NCBITaxon,9606,HeLa,EFO,EFO_0001185,,,,,SN1057822873,0.03,2099,ESR1,,,Pass,Hoechst:DNA; Alexa Fluor 488 phalloidin:actin; mScarlet:fascin; iRFP:nuclear actin chromobody (nAC),4.658778191,1.652907014,,,compound response across 12 wells,inactive,inactive,,,,,,
1093688939,G19,Homo sapiens,NCBITaxon,9606,HeLa,EFO,EFO_0001185,,,,,SN1057822873,0.0125,2099,ESR1,,,Pass,Hoechst:DNA; Alexa Fluor 488 phalloidin:actin; mScarlet:fascin; iRFP:nuclear actin chromobody (nAC),8.831928253,6.80083847,,,compound response across 12 wells,inactive,inactive,,,,,,
1093688939,G20,Homo sapiens,NCBITaxon,9606,HeLa,EFO,EFO_0001185,,,,,SN1057822873,0.003,2099,ESR1,,,Pass,Hoechst:DNA; Alexa Fluor 488 phalloidin:actin; mScarlet:fascin; iRFP:nuclear actin chromobody (nAC),6.611816406,13.17864513,,,compound response across 12 wells,inactive,inactive,,,,,,
1093688939,G21,Homo sapiens,NCBITaxon,9606,HeLa,EFO,EFO_0001185,,,,,SN1057822873,0.001,2099,ESR1,,,Pass,Hoechst:DNA; Alexa Fluor 488 phalloidin:actin; mScarlet:fascin; iRFP:nuclear actin chromobody (nAC),16.77310371,-9.47433281,,,compound response across 12 wells,inactive,inactive,,,,,,
1093688939,G22,Homo sapiens,NCBITaxon,9606,HeLa,EFO,EFO_0001185,,,,,SN1057822873,0.0003,2099,ESR1,,,Pass,Hoechst:DNA; Alexa Fluor 488 phalloidin:actin; mScarlet:fascin; iRFP:nuclear actin chromobody (nAC),6.723310947,-53.7793121,,,compound response across 12 wells,inactive,inactive,,,,,,
1093688939,G23,Homo sapiens,NCBITaxon,9606,HeLa,EFO,EFO_0001185,,,,,SN1057822873,0.00003,2099,ESR1,,,Pass,Hoechst:DNA; Alexa Fluor 488 phalloidin:actin; mScarlet:fascin; iRFP:nuclear actin chromobody (nAC),8.515971184,4.052404404,,,compound response across 12 wells,inactive,inactive,,,,,,
1093688939,G24,Homo sapiens,NCBITaxon,9606,HeLa,EFO,EFO_0001185,,,,,SN0016444713,30,5029,P2RY2,,,Pass,Hoechst:DNA; Alexa Fluor 488 phalloidin:actin; mScarlet:fascin; iRFP:nuclear actin chromobody (nAC),16.24124908,0.715053439,,,compound response across 12 wells,inactive,inactive,,,,,,
1093688939,H1,Homo sapiens,NCBITaxon,9606,HeLa,EFO,EFO_0001185,,,,,SN0016444713,10,5029,P2RY2,,,Pass,Hoechst:DNA; Alexa Fluor 488 phalloidin:actin; mScarlet:fascin; iRFP:nuclear actin chromobody (nAC),39.97365952,74.77500153,,,compound response across 12 wells,inactive,inactive,,,,,,
1093688939,H2,Homo sapiens,NCBITaxon,9606,HeLa,EFO,EFO_0001185,DMSO,679,IAZDPXIOMUYVGZ-UHFFFAOYSA-N,CS(=O)C,,,,,Neutral Control,,Pass,Hoechst:DNA; Alexa Fluor 488 phalloidin:actin; mScarlet:fascin; iRFP:nuclear actin chromobody (nAC),2.76004076,3.07045269,,,,,,,,,,,
1093688939,H3,Homo sapiens,NCBITaxon,9606,HeLa,EFO,EFO_0001185,,,,,,,,,Stimulator Control,Leptomycin b blocks nuclear export of fascin,Pass,Hoechst:DNA; Alexa Fluor 488 phalloidin:actin; mScarlet:fascin; iRFP:nuclear actin chromobody (nAC),97.46650696,-35.4477043,,,,,,,,,,,
1093688939,H4,Homo sapiens,NCBITaxon,9606,HeLa,EFO,EFO_0001185,DMSO,679,IAZDPXIOMUYVGZ-UHFFFAOYSA-N,CS(=O)C,,,,,Neutral Control,,Pass,Hoechst:DNA; Alexa Fluor 488 phalloidin:actin; mScarlet:fascin; iRFP:nuclear actin chromobody (nAC),-1.901071429,5.10474205,,,,,,,,,,,
1093688939,H5,Homo sapiens,NCBITaxon,9606,HeLa,EFO,EFO_0001185,,,,,SN0016444713,3.125,5029,P2RY2,,,Pass,Hoechst:DNA; Alexa Fluor 488 phalloidin:actin; mScarlet:fascin; iRFP:nuclear actin chromobody (nAC),65.09727478,-11.2889547,,,compound response across 12 wells,inactive,inactive,,,,,,
1093688939,H6,Homo sapiens,NCBITaxon,9606,HeLa,EFO,EFO_0001185,,,,,SN0016444713,1.25,5029,P2RY2,,,Pass,Hoechst:DNA; Alexa Fluor 488 phalloidin:actin; mScarlet:fascin; iRFP:nuclear actin chromobody (nAC),41.20737839,18.42474747,,,compound response across 12 wells,inactive,inactive,,,,,,
1093688939,H7,Homo sapiens,NCBITaxon,9606,HeLa,EFO,EFO_0001185,,,,,SN0016444713,0.3,5029,P2RY2,,,Pass,Hoechst:DNA; Alexa Fluor 488 phalloidin:actin; mScarlet:fascin; iRFP:nuclear actin chromobody (nAC),7.056296825,-41.5429268,,,compound response across 12 wells,inactive,inactive,,,,,,
1093688939,H8,Homo sapiens,NCBITaxon,9606,HeLa,EFO,EFO_0001185,,,,,SN0016444713,0.1,5029,P2RY2,,,Pass,Hoechst:DNA; Alexa Fluor 488 phalloidin:actin; mScarlet:fascin; iRFP:nuclear actin chromobody (nAC),16.54622459,0.170235038,,,compound response across 12 wells,inactive,inactive,,,,,,
1093688939,H9,Homo sapiens,NCBITaxon,9606,HeLa,EFO,EFO_0001185,,,,,SN0016444713,0.03,5029,P2RY2,,,Pass,Hoechst:DNA; Alexa Fluor 488 phalloidin:actin; mScarlet:fascin; iRFP:nuclear actin chromobody (nAC),-1.497416139,-1.95258224,,,compound response across 12 wells,inactive,inactive,,,,,,
1093688939,H10,Homo sapiens,NCBITaxon,9606,HeLa,EFO,EFO_0001185,,,,,SN0016444713,0.0125,5029,P2RY2,,,Pass,Hoechst:DNA; Alexa Fluor 488 phalloidin:actin; mScarlet:fascin; iRFP:nuclear actin chromobody (nAC),-1.968922257,-16.0747242,,,compound response across 12 wells,inactive,inactive,,,,,,
1093688939,H11,Homo sapiens,NCBITaxon,9606,HeLa,EFO,EFO_0001185,,,,,SN0016444713,0.003,5029,P2RY2,,,Pass,Hoechst:DNA; Alexa Fluor 488 phalloidin:actin; mScarlet:fascin; iRFP:nuclear actin chromobody (nAC),11.67996025,-9.46922302,,,compound response across 12 wells,inactive,inactive,,,,,,
1093688939,H12,Homo sapiens,NCBITaxon,9606,HeLa,EFO,EFO_0001185,,,,,SN0016444713,0.001,5029,P2RY2,,,Pass,Hoechst:DNA; Alexa Fluor 488 phalloidin:actin; mScarlet:fascin; iRFP:nuclear actin chromobody (nAC),17.96404648,-2.79551506,,,compound response across 12 wells,inactive,inactive,,,,,,
1093688939,H13,Homo sapiens,NCBITaxon,9606,HeLa,EFO,EFO_0001185,,,,,SN0016444713,0.0003,5029,P2RY2,,,Pass,Hoechst:DNA; Alexa Fluor 488 phalloidin:actin; mScarlet:fascin; iRFP:nuclear actin chromobody (nAC),0.587301731,-7.9084568,,,compound response across 12 wells,inactive,inactive,,,,,,
1093688939,H14,Homo sapiens,NCBITaxon,9606,HeLa,EFO,EFO_0001185,,,,,SN0016444713,0.00003,5029,P2RY2,,,Pass,Hoechst:DNA; Alexa Fluor 488 phalloidin:actin; mScarlet:fascin; iRFP:nuclear actin chromobody (nAC),11.50667763,-11.6953955,,,compound response across 12 wells,inactive,inactive,,,,,,
1093688939,H15,Homo sapiens,NCBITaxon,9606,HeLa,EFO,EFO_0001185,,,,,SN1122300289,30,2931,GSK3A,,,Pass,Hoechst:DNA; Alexa Fluor 488 phalloidin:actin; mScarlet:fascin; iRFP:nuclear actin chromobody (nAC),30.82913589,-16.3887157,,Yes,compound response across 12 wells,inactive,active,,,,Nuclear actin,actin filament phenotype,CMPO_0000104
1093688939,H16,Homo sapiens,NCBITaxon,9606,HeLa,EFO,EFO_0001185,,,,,SN1122300289,10,2931,GSK3A,,,Pass,Hoechst:DNA; Alexa Fluor 488 phalloidin:actin; mScarlet:fascin; iRFP:nuclear actin chromobody (nAC),42.81069565,-87.5552292,,Yes,compound response across 12 wells,inactive,active,,,,Nuclear actin,actin filament phenotype,CMPO_0000104
1093688939,H17,Homo sapiens,NCBITaxon,9606,HeLa,EFO,EFO_0001185,,,,,SN1122300289,3.125,2931,GSK3A,,,Pass,Hoechst:DNA; Alexa Fluor 488 phalloidin:actin; mScarlet:fascin; iRFP:nuclear actin chromobody (nAC),38.32313156,-69.8846054,,Yes,compound response across 12 wells,inactive,active,,,,Nuclear actin,actin filament phenotype,CMPO_0000104
1093688939,H18,Homo sapiens,NCBITaxon,9606,HeLa,EFO,EFO_0001185,,,,,SN1122300289,1.25,2931,GSK3A,,,Pass,Hoechst:DNA; Alexa Fluor 488 phalloidin:actin; mScarlet:fascin; iRFP:nuclear actin chromobody (nAC),31.54065895,-34.9888344,,Yes,compound response across 12 wells,inactive,active,,,,Nuclear actin,actin filament phenotype,CMPO_0000104
1093688939,H19,Homo sapiens,NCBITaxon,9606,HeLa,EFO,EFO_0001185,,,,,SN1122300289,0.3,2931,GSK3A,,,Pass,Hoechst:DNA; Alexa Fluor 488 phalloidin:actin; mScarlet:fascin; iRFP:nuclear actin chromobody (nAC),10.0989275,-24.375042,,Yes,compound response across 12 wells,inactive,active,,,,Nuclear actin,actin filament phenotype,CMPO_0000104
1093688939,H20,Homo sapiens,NCBITaxon,9606,HeLa,EFO,EFO_0001185,,,,,SN1122300289,0.1,2931,GSK3A,,,Pass,Hoechst:DNA; Alexa Fluor 488 phalloidin:actin; mScarlet:fascin; iRFP:nuclear actin chromobody (nAC),1.632354498,-52.7672501,,Yes,compound response across 12 wells,inactive,active,,,,Nuclear actin,actin filament phenotype,CMPO_0000104
1093688939,H21,Homo sapiens,NCBITaxon,9606,HeLa,EFO,EFO_0001185,,,,,SN1122300289,0.03,2931,GSK3A,,,Pass,Hoechst:DNA; Alexa Fluor 488 phalloidin:actin; mScarlet:fascin; iRFP:nuclear actin chromobody (nAC),12.27734756,-36.378418,,Yes,compound response across 12 wells,inactive,active,,,,Nuclear actin,actin filament phenotype,CMPO_0000104
1093688939,H22,Homo sapiens,NCBITaxon,9606,HeLa,EFO,EFO_0001185,,,,,SN1122300289,0.0125,2931,GSK3A,,,Pass,Hoechst:DNA; Alexa Fluor 488 phalloidin:actin; mScarlet:fascin; iRFP:nuclear actin chromobody (nAC),15.62176895,-35.0724983,,Yes,compound response across 12 wells,inactive,active,,,,Nuclear actin,actin filament phenotype,CMPO_0000104
1093688939,H23,Homo sapiens,NCBITaxon,9606,HeLa,EFO,EFO_0001185,,,,,SN1122300289,0.003,2931,GSK3A,,,Pass,Hoechst:DNA; Alexa Fluor 488 phalloidin:actin; mScarlet:fascin; iRFP:nuclear actin chromobody (nAC),9.16209507,-37.1288414,,Yes,compound response across 12 wells,inactive,active,,,,Nuclear actin,actin filament phenotype,CMPO_0000104
1093688939,H24,Homo sapiens,NCBITaxon,9606,HeLa,EFO,EFO_0001185,,,,,SN1122300289,0.001,2931,GSK3A,,,Pass,Hoechst:DNA; Alexa Fluor 488 phalloidin:actin; mScarlet:fascin; iRFP:nuclear actin chromobody (nAC),13.19120502,-14.596447,,Yes,compound response across 12 wells,inactive,active,,,,Nuclear actin,actin filament phenotype,CMPO_0000104
1093688939,I1,Homo sapiens,NCBITaxon,9606,HeLa,EFO,EFO_0001185,,,,,SN1122300289,0.0003,2931,GSK3A,,,Pass,Hoechst:DNA; Alexa Fluor 488 phalloidin:actin; mScarlet:fascin; iRFP:nuclear actin chromobody (nAC),15.34792805,-28.3335838,,Yes,compound response across 12 wells,inactive,active,,,,Nuclear actin,actin filament phenotype,CMPO_0000104
1093688939,I2,Homo sapiens,NCBITaxon,9606,HeLa,EFO,EFO_0001185,,,,,SN1122300289,0.00003,2931,GSK3A,,,Pass,Hoechst:DNA; Alexa Fluor 488 phalloidin:actin; mScarlet:fascin; iRFP:nuclear actin chromobody (nAC),4.607031345,-17.9141216,,Yes,compound response across 12 wells,inactive,active,,,,Nuclear actin,actin filament phenotype,CMPO_0000104
1093688939,I3,Homo sapiens,NCBITaxon,9606,HeLa,EFO,EFO_0001185,,,,,SN1071862212,30,4914,NTRK1,,,Fail,Hoechst:DNA; Alexa Fluor 488 phalloidin:actin; mScarlet:fascin; iRFP:nuclear actin chromobody (nAC),71.10499573,,Yes,Yes,compound response across 12 wells,active,active,Nuclear fascin,regulation of protein localization to nucleus,GO_1900180,Nuclear actin,actin filament phenotype,CMPO_0000104
1093688939,I4,Homo sapiens,NCBITaxon,9606,HeLa,EFO,EFO_0001185,,,,,SN1071862212,10,4914,NTRK1,,,Pass,Hoechst:DNA; Alexa Fluor 488 phalloidin:actin; mScarlet:fascin; iRFP:nuclear actin chromobody (nAC),97.33690643,-74.2327118,Yes,Yes,compound response across 12 wells,active,active,Nuclear fascin,regulation of protein localization to nucleus,GO_1900180,Nuclear actin,actin filament phenotype,CMPO_0000104
1093688939,I5,Homo sapiens,NCBITaxon,9606,HeLa,EFO,EFO_0001185,,,,,SN1071862212,3.125,4914,NTRK1,,,Pass,Hoechst:DNA; Alexa Fluor 488 phalloidin:actin; mScarlet:fascin; iRFP:nuclear actin chromobody (nAC),77.60361481,-107.234268,Yes,Yes,compound response across 12 wells,active,active,Nuclear fascin,regulation of protein localization to nucleus,GO_1900180,Nuclear actin,actin filament phenotype,CMPO_0000104
1093688939,I6,Homo sapiens,NCBITaxon,9606,HeLa,EFO,EFO_0001185,,,,,SN1071862212,1.25,4914,NTRK1,,,Pass,Hoechst:DNA; Alexa Fluor 488 phalloidin:actin; mScarlet:fascin; iRFP:nuclear actin chromobody (nAC),47.69429779,-50.5033836,Yes,Yes,compound response across 12 wells,active,active,Nuclear fascin,regulation of protein localization to nucleus,GO_1900180,Nuclear actin,actin filament phenotype,CMPO_0000104
1093688939,I7,Homo sapiens,NCBITaxon,9606,HeLa,EFO,EFO_0001185,,,,,SN1071862212,0.3,4914,NTRK1,,,Pass,Hoechst:DNA; Alexa Fluor 488 phalloidin:actin; mScarlet:fascin; iRFP:nuclear actin chromobody (nAC),25.78354073,1.892020702,Yes,Yes,compound response across 12 wells,active,active,Nuclear fascin,regulation of protein localization to nucleus,GO_1900180,Nuclear actin,actin filament phenotype,CMPO_0000104
1093688939,I8,Homo sapiens,NCBITaxon,9606,HeLa,EFO,EFO_0001185,,,,,SN1071862212,0.1,4914,NTRK1,,,Pass,Hoechst:DNA; Alexa Fluor 488 phalloidin:actin; mScarlet:fascin; iRFP:nuclear actin chromobody (nAC),16.83346748,-45.1845284,Yes,Yes,compound response across 12 wells,active,active,Nuclear fascin,regulation of protein localization to nucleus,GO_1900180,Nuclear actin,actin filament phenotype,CMPO_0000104
1093688939,I9,Homo sapiens,NCBITaxon,9606,HeLa,EFO,EFO_0001185,,,,,SN1071862212,0.03,4914,NTRK1,,,Pass,Hoechst:DNA; Alexa Fluor 488 phalloidin:actin; mScarlet:fascin; iRFP:nuclear actin chromobody (nAC),10.11939144,-8.05187988,Yes,Yes,compound response across 12 wells,active,active,Nuclear fascin,regulation of protein localization to nucleus,GO_1900180,Nuclear actin,actin filament phenotype,CMPO_0000104
1093688939,I10,Homo sapiens,NCBITaxon,9606,HeLa,EFO,EFO_0001185,,,,,SN1071862212,0.0125,4914,NTRK1,,,Pass,Hoechst:DNA; Alexa Fluor 488 phalloidin:actin; mScarlet:fascin; iRFP:nuclear actin chromobody (nAC),20.63471603,0.306987524,Yes,Yes,compound response across 12 wells,active,active,Nuclear fascin,regulation of protein localization to nucleus,GO_1900180,Nuclear actin,actin filament phenotype,CMPO_0000104
1093688939,I11,Homo sapiens,NCBITaxon,9606,HeLa,EFO,EFO_0001185,,,,,SN1071862212,0.003,4914,NTRK1,,,Pass,Hoechst:DNA; Alexa Fluor 488 phalloidin:actin; mScarlet:fascin; iRFP:nuclear actin chromobody (nAC),6.954124451,-13.5159397,Yes,Yes,compound response across 12 wells,active,active,Nuclear fascin,regulation of protein localization to nucleus,GO_1900180,Nuclear actin,actin filament phenotype,CMPO_0000104
1093688939,I12,Homo sapiens,NCBITaxon,9606,HeLa,EFO,EFO_0001185,,,,,SN1071862212,0.001,4914,NTRK1,,,Pass,Hoechst:DNA; Alexa Fluor 488 phalloidin:actin; mScarlet:fascin; iRFP:nuclear actin chromobody (nAC),15.13658047,3.593569279,Yes,Yes,compound response across 12 wells,active,active,Nuclear fascin,regulation of protein localization to nucleus,GO_1900180,Nuclear actin,actin filament phenotype,CMPO_0000104
1093688939,I13,Homo sapiens,NCBITaxon,9606,HeLa,EFO,EFO_0001185,,,,,SN1071862212,0.0003,4914,NTRK1,,,Pass,Hoechst:DNA; Alexa Fluor 488 phalloidin:actin; mScarlet:fascin; iRFP:nuclear actin chromobody (nAC),9.721622467,1.483986855,Yes,Yes,compound response across 12 wells,active,active,Nuclear fascin,regulation of protein localization to nucleus,GO_1900180,Nuclear actin,actin filament phenotype,CMPO_0000104
1093688939,I14,Homo sapiens,NCBITaxon,9606,HeLa,EFO,EFO_0001185,,,,,SN1071862212,0.00003,4914,NTRK1,,,Pass,Hoechst:DNA; Alexa Fluor 488 phalloidin:actin; mScarlet:fascin; iRFP:nuclear actin chromobody (nAC),5.231355667,11.25797367,Yes,Yes,compound response across 12 wells,active,active,Nuclear fascin,regulation of protein localization to nucleus,GO_1900180,Nuclear actin,actin filament phenotype,CMPO_0000104
1093688939,I15,Homo sapiens,NCBITaxon,9606,HeLa,EFO,EFO_0001185,,,,,SN1048276267,30,1453,CSNK1D,,,Pass,Hoechst:DNA; Alexa Fluor 488 phalloidin:actin; mScarlet:fascin; iRFP:nuclear actin chromobody (nAC),200.3169098,,Yes,Yes,compound response across 12 wells,active,active,Nuclear fascin,regulation of protein localization to nucleus,GO_1900180,Nuclear actin,actin filament phenotype,CMPO_0000104
1093688939,I16,Homo sapiens,NCBITaxon,9606,HeLa,EFO,EFO_0001185,,,,,SN1048276267,10,1453,CSNK1D,,,Pass,Hoechst:DNA; Alexa Fluor 488 phalloidin:actin; mScarlet:fascin; iRFP:nuclear actin chromobody (nAC),59.16618347,84.52629852,Yes,Yes,compound response across 12 wells,active,active,Nuclear fascin,regulation of protein localization to nucleus,GO_1900180,Nuclear actin,actin filament phenotype,CMPO_0000104
1093688939,I17,Homo sapiens,NCBITaxon,9606,HeLa,EFO,EFO_0001185,DMSO,679,IAZDPXIOMUYVGZ-UHFFFAOYSA-N,CS(=O)C,,,,,Neutral Control,,Pass,Hoechst:DNA; Alexa Fluor 488 phalloidin:actin; mScarlet:fascin; iRFP:nuclear actin chromobody (nAC),-7.544259071,19.29366875,,,,,,,,,,,
1093688939,I18,Homo sapiens,NCBITaxon,9606,HeLa,EFO,EFO_0001185,,,,,,,,,Stimulator Control,Leptomycin b blocks nuclear export of fascin,Pass,Hoechst:DNA; Alexa Fluor 488 phalloidin:actin; mScarlet:fascin; iRFP:nuclear actin chromobody (nAC),93.15810394,-18.2060738,,,,,,,,,,,
1093688939,I19,Homo sapiens,NCBITaxon,9606,HeLa,EFO,EFO_0001185,DMSO,679,IAZDPXIOMUYVGZ-UHFFFAOYSA-N,CS(=O)C,,,,,Neutral Control,,Pass,Hoechst:DNA; Alexa Fluor 488 phalloidin:actin; mScarlet:fascin; iRFP:nuclear actin chromobody (nAC),-4.925939083,23.56126213,,,,,,,,,,,
1093688939,I20,Homo sapiens,NCBITaxon,9606,HeLa,EFO,EFO_0001185,,,,,SN1048276267,3.125,1453,CSNK1D,,,Pass,Hoechst:DNA; Alexa Fluor 488 phalloidin:actin; mScarlet:fascin; iRFP:nuclear actin chromobody (nAC),24.4844799,-104.345634,Yes,Yes,compound response across 12 wells,active,active,Nuclear fascin,regulation of protein localization to nucleus,GO_1900180,Nuclear actin,actin filament phenotype,CMPO_0000104
1093688939,I21,Homo sapiens,NCBITaxon,9606,HeLa,EFO,EFO_0001185,,,,,SN1048276267,1.25,1453,CSNK1D,,,Pass,Hoechst:DNA; Alexa Fluor 488 phalloidin:actin; mScarlet:fascin; iRFP:nuclear actin chromobody (nAC),37.38452148,-57.0451164,Yes,Yes,compound response across 12 wells,active,active,Nuclear fascin,regulation of protein localization to nucleus,GO_1900180,Nuclear actin,actin filament phenotype,CMPO_0000104
1093688939,I22,Homo sapiens,NCBITaxon,9606,HeLa,EFO,EFO_0001185,,,,,SN1048276267,0.3,1453,CSNK1D,,,Pass,Hoechst:DNA; Alexa Fluor 488 phalloidin:actin; mScarlet:fascin; iRFP:nuclear actin chromobody (nAC),-9.529182434,-40.4989967,Yes,Yes,compound response across 12 wells,active,active,Nuclear fascin,regulation of protein localization to nucleus,GO_1900180,Nuclear actin,actin filament phenotype,CMPO_0000104
1093688939,I23,Homo sapiens,NCBITaxon,9606,HeLa,EFO,EFO_0001185,,,,,SN1048276267,0.1,1453,CSNK1D,,,Pass,Hoechst:DNA; Alexa Fluor 488 phalloidin:actin; mScarlet:fascin; iRFP:nuclear actin chromobody (nAC),-10.96379757,-0.77567911,Yes,Yes,compound response across 12 wells,active,active,Nuclear fascin,regulation of protein localization to nucleus,GO_1900180,Nuclear actin,actin filament phenotype,CMPO_0000104
1093688939,I24,Homo sapiens,NCBITaxon,9606,HeLa,EFO,EFO_0001185,,,,,SN1048276267,0.03,1453,CSNK1D,,,Pass,Hoechst:DNA; Alexa Fluor 488 phalloidin:actin; mScarlet:fascin; iRFP:nuclear actin chromobody (nAC),3.290384293,0.707741201,Yes,Yes,compound response across 12 wells,active,active,Nuclear fascin,regulation of protein localization to nucleus,GO_1900180,Nuclear actin,actin filament phenotype,CMPO_0000104
1093688939,J1,Homo sapiens,NCBITaxon,9606,HeLa,EFO,EFO_0001185,,,,,SN1048276267,0.0125,1453,CSNK1D,,,Pass,Hoechst:DNA; Alexa Fluor 488 phalloidin:actin; mScarlet:fascin; iRFP:nuclear actin chromobody (nAC),15.74161625,-36.3110962,Yes,Yes,compound response across 12 wells,active,active,Nuclear fascin,regulation of protein localization to nucleus,GO_1900180,Nuclear actin,actin filament phenotype,CMPO_0000104
1093688939,J2,Homo sapiens,NCBITaxon,9606,HeLa,EFO,EFO_0001185,,,,,SN1048276267,0.003,1453,CSNK1D,,,Pass,Hoechst:DNA; Alexa Fluor 488 phalloidin:actin; mScarlet:fascin; iRFP:nuclear actin chromobody (nAC),1.783029795,-14.0344706,Yes,Yes,compound response across 12 wells,active,active,Nuclear fascin,regulation of protein localization to nucleus,GO_1900180,Nuclear actin,actin filament phenotype,CMPO_0000104
1093688939,J3,Homo sapiens,NCBITaxon,9606,HeLa,EFO,EFO_0001185,,,,,SN1048276267,0.001,1453,CSNK1D,,,Pass,Hoechst:DNA; Alexa Fluor 488 phalloidin:actin; mScarlet:fascin; iRFP:nuclear actin chromobody (nAC),10.56469345,-21.0623798,Yes,Yes,compound response across 12 wells,active,active,Nuclear fascin,regulation of protein localization to nucleus,GO_1900180,Nuclear actin,actin filament phenotype,CMPO_0000104
1093688939,J4,Homo sapiens,NCBITaxon,9606,HeLa,EFO,EFO_0001185,,,,,SN1048276267,0.0003,1453,CSNK1D,,,Pass,Hoechst:DNA; Alexa Fluor 488 phalloidin:actin; mScarlet:fascin; iRFP:nuclear actin chromobody (nAC),-3.111259222,17.41693497,Yes,Yes,compound response across 12 wells,active,active,Nuclear fascin,regulation of protein localization to nucleus,GO_1900180,Nuclear actin,actin filament phenotype,CMPO_0000104
1093688939,J5,Homo sapiens,NCBITaxon,9606,HeLa,EFO,EFO_0001185,,,,,SN1048276267,0.00003,1453,CSNK1D,,,Pass,Hoechst:DNA; Alexa Fluor 488 phalloidin:actin; mScarlet:fascin; iRFP:nuclear actin chromobody (nAC),20.92148972,-8.93408966,Yes,Yes,compound response across 12 wells,active,active,Nuclear fascin,regulation of protein localization to nucleus,GO_1900180,Nuclear actin,actin filament phenotype,CMPO_0000104
1093688939,J6,Homo sapiens,NCBITaxon,9606,HeLa,EFO,EFO_0001185,DMSO,679,IAZDPXIOMUYVGZ-UHFFFAOYSA-N,CS(=O)C,,,,,Neutral Control,,Pass,Hoechst:DNA; Alexa Fluor 488 phalloidin:actin; mScarlet:fascin; iRFP:nuclear actin chromobody (nAC),17.89935112,-6.19844151,,,,,,,,,,,
1093688939,J7,Homo sapiens,NCBITaxon,9606,HeLa,EFO,EFO_0001185,,,,,,,,,Stimulator Control,Leptomycin b blocks nuclear export of fascin,Pass,Hoechst:DNA; Alexa Fluor 488 phalloidin:actin; mScarlet:fascin; iRFP:nuclear actin chromobody (nAC),90.65567017,-0.11729584,,,,,,,,,,,
1093688939,J8,Homo sapiens,NCBITaxon,9606,HeLa,EFO,EFO_0001185,DMSO,679,IAZDPXIOMUYVGZ-UHFFFAOYSA-N,CS(=O)C,,,,,Neutral Control,,Pass,Hoechst:DNA; Alexa Fluor 488 phalloidin:actin; mScarlet:fascin; iRFP:nuclear actin chromobody (nAC),0.627539575,-31.6690788,,,,,,,,,,,
1093688939,J9,Homo sapiens,NCBITaxon,9606,HeLa,EFO,EFO_0001185,,,,,SN1122311641,30,5293,PIK3CD,,,Pass,Hoechst:DNA; Alexa Fluor 488 phalloidin:actin; mScarlet:fascin; iRFP:nuclear actin chromobody (nAC),20.67736053,-17.090538,,,compound response across 12 wells,inactive,inactive,,,,,,
1093688939,J10,Homo sapiens,NCBITaxon,9606,HeLa,EFO,EFO_0001185,,,,,SN1122311641,10,5293,PIK3CD,,,Pass,Hoechst:DNA; Alexa Fluor 488 phalloidin:actin; mScarlet:fascin; iRFP:nuclear actin chromobody (nAC),-11.10943794,18.72920036,,,compound response across 12 wells,inactive,inactive,,,,,,
1093688939,J11,Homo sapiens,NCBITaxon,9606,HeLa,EFO,EFO_0001185,,,,,SN1122311641,3.125,5293,PIK3CD,,,Pass,Hoechst:DNA; Alexa Fluor 488 phalloidin:actin; mScarlet:fascin; iRFP:nuclear actin chromobody (nAC),4.497004986,2.414870262,,,compound response across 12 wells,inactive,inactive,,,,,,
1093688939,J12,Homo sapiens,NCBITaxon,9606,HeLa,EFO,EFO_0001185,,,,,SN1122311641,1.25,5293,PIK3CD,,,Pass,Hoechst:DNA; Alexa Fluor 488 phalloidin:actin; mScarlet:fascin; iRFP:nuclear actin chromobody (nAC),6.037051678,31.2900753,,,compound response across 12 wells,inactive,inactive,,,,,,
1093688939,J13,Homo sapiens,NCBITaxon,9606,HeLa,EFO,EFO_0001185,,,,,SN1122311641,0.3,5293,PIK3CD,,,Pass,Hoechst:DNA; Alexa Fluor 488 phalloidin:actin; mScarlet:fascin; iRFP:nuclear actin chromobody (nAC),-0.247445658,-6.75434589,,,compound response across 12 wells,inactive,inactive,,,,,,
1093688939,J14,Homo sapiens,NCBITaxon,9606,HeLa,EFO,EFO_0001185,,,,,SN1122311641,0.1,5293,PIK3CD,,,Pass,Hoechst:DNA; Alexa Fluor 488 phalloidin:actin; mScarlet:fascin; iRFP:nuclear actin chromobody (nAC),19.93972206,-19.8181858,,,compound response across 12 wells,inactive,inactive,,,,,,
1093688939,J15,Homo sapiens,NCBITaxon,9606,HeLa,EFO,EFO_0001185,,,,,SN1122311641,0.03,5293,PIK3CD,,,Pass,Hoechst:DNA; Alexa Fluor 488 phalloidin:actin; mScarlet:fascin; iRFP:nuclear actin chromobody (nAC),11.59980774,-45.9036865,,,compound response across 12 wells,inactive,inactive,,,,,,
1093688939,J16,Homo sapiens,NCBITaxon,9606,HeLa,EFO,EFO_0001185,,,,,SN1122311641,0.0125,5293,PIK3CD,,,Pass,Hoechst:DNA; Alexa Fluor 488 phalloidin:actin; mScarlet:fascin; iRFP:nuclear actin chromobody (nAC),6.752920628,14.02714729,,,compound response across 12 wells,inactive,inactive,,,,,,
1093688939,J17,Homo sapiens,NCBITaxon,9606,HeLa,EFO,EFO_0001185,,,,,SN1122311641,0.003,5293,PIK3CD,,,Pass,Hoechst:DNA; Alexa Fluor 488 phalloidin:actin; mScarlet:fascin; iRFP:nuclear actin chromobody (nAC),7.211977959,9.786344528,,,compound response across 12 wells,inactive,inactive,,,,,,
1093688939,J18,Homo sapiens,NCBITaxon,9606,HeLa,EFO,EFO_0001185,,,,,SN1122311641,0.001,5293,PIK3CD,,,Pass,Hoechst:DNA; Alexa Fluor 488 phalloidin:actin; mScarlet:fascin; iRFP:nuclear actin chromobody (nAC),2.376350164,19.83810234,,,compound response across 12 wells,inactive,inactive,,,,,,
1093688939,J19,Homo sapiens,NCBITaxon,9606,HeLa,EFO,EFO_0001185,,,,,SN1122311641,0.0003,5293,PIK3CD,,,Pass,Hoechst:DNA; Alexa Fluor 488 phalloidin:actin; mScarlet:fascin; iRFP:nuclear actin chromobody (nAC),8.888504982,-27.7841778,,,compound response across 12 wells,inactive,inactive,,,,,,
1093688939,J20,Homo sapiens,NCBITaxon,9606,HeLa,EFO,EFO_0001185,,,,,SN1122311641,0.00003,5293,PIK3CD,,,Pass,Hoechst:DNA; Alexa Fluor 488 phalloidin:actin; mScarlet:fascin; iRFP:nuclear actin chromobody (nAC),2.581429482,-43.6676178,,,compound response across 12 wells,inactive,inactive,,,,,,
1093688939,J21,Homo sapiens,NCBITaxon,9606,HeLa,EFO,EFO_0001185,,,,,SN0206732455,30,1432,MAPK14,,,Pass,Hoechst:DNA; Alexa Fluor 488 phalloidin:actin; mScarlet:fascin; iRFP:nuclear actin chromobody (nAC),0.609688699,-13.8559284,,,compound response across 12 wells,inactive,inactive,,,,,,
1093688939,J22,Homo sapiens,NCBITaxon,9606,HeLa,EFO,EFO_0001185,,,,,SN0206732455,10,1432,MAPK14,,,Pass,Hoechst:DNA; Alexa Fluor 488 phalloidin:actin; mScarlet:fascin; iRFP:nuclear actin chromobody (nAC),23.28995705,8.61387825,,,compound response across 12 wells,inactive,inactive,,,,,,
1093688939,J23,Homo sapiens,NCBITaxon,9606,HeLa,EFO,EFO_0001185,,,,,SN0206732455,3.125,1432,MAPK14,,,Pass,Hoechst:DNA; Alexa Fluor 488 phalloidin:actin; mScarlet:fascin; iRFP:nuclear actin chromobody (nAC),8.106913567,1.723838329,,,compound response across 12 wells,inactive,inactive,,,,,,
1093688939,J24,Homo sapiens,NCBITaxon,9606,HeLa,EFO,EFO_0001185,,,,,SN0206732455,1.25,1432,MAPK14,,,Pass,Hoechst:DNA; Alexa Fluor 488 phalloidin:actin; mScarlet:fascin; iRFP:nuclear actin chromobody (nAC),16.25886536,-3.83893704,,,compound response across 12 wells,inactive,inactive,,,,,,
1093688939,K1,Homo sapiens,NCBITaxon,9606,HeLa,EFO,EFO_0001185,,,,,SN0206732455,0.3,1432,MAPK14,,,Pass,Hoechst:DNA; Alexa Fluor 488 phalloidin:actin; mScarlet:fascin; iRFP:nuclear actin chromobody (nAC),0.223091573,-12.4302206,,,compound response across 12 wells,inactive,inactive,,,,,,
1093688939,K2,Homo sapiens,NCBITaxon,9606,HeLa,EFO,EFO_0001185,,,,,SN0206732455,0.1,1432,MAPK14,,,Pass,Hoechst:DNA; Alexa Fluor 488 phalloidin:actin; mScarlet:fascin; iRFP:nuclear actin chromobody (nAC),8.664958,20.69753075,,,compound response across 12 wells,inactive,inactive,,,,,,
1093688939,K3,Homo sapiens,NCBITaxon,9606,HeLa,EFO,EFO_0001185,,,,,SN0206732455,0.03,1432,MAPK14,,,Pass,Hoechst:DNA; Alexa Fluor 488 phalloidin:actin; mScarlet:fascin; iRFP:nuclear actin chromobody (nAC),14.40181828,-27.7247868,,,compound response across 12 wells,inactive,inactive,,,,,,
1093688939,K4,Homo sapiens,NCBITaxon,9606,HeLa,EFO,EFO_0001185,,,,,SN0206732455,0.0125,1432,MAPK14,,,Pass,Hoechst:DNA; Alexa Fluor 488 phalloidin:actin; mScarlet:fascin; iRFP:nuclear actin chromobody (nAC),9.980239868,-15.9621067,,,compound response across 12 wells,inactive,inactive,,,,,,
1093688939,K5,Homo sapiens,NCBITaxon,9606,HeLa,EFO,EFO_0001185,,,,,SN0206732455,0.003,1432,MAPK14,,,Pass,Hoechst:DNA; Alexa Fluor 488 phalloidin:actin; mScarlet:fascin; iRFP:nuclear actin chromobody (nAC),3.68737483,-27.4891968,,,compound response across 12 wells,inactive,inactive,,,,,,
1093688939,K6,Homo sapiens,NCBITaxon,9606,HeLa,EFO,EFO_0001185,,,,,SN0206732455,0.001,1432,MAPK14,,,Pass,Hoechst:DNA; Alexa Fluor 488 phalloidin:actin; mScarlet:fascin; iRFP:nuclear actin chromobody (nAC),8.312580109,-2.12666583,,,compound response across 12 wells,inactive,inactive,,,,,,
1093688939,K7,Homo sapiens,NCBITaxon,9606,HeLa,EFO,EFO_0001185,,,,,SN0206732455,0.0003,1432,MAPK14,,,Pass,Hoechst:DNA; Alexa Fluor 488 phalloidin:actin; mScarlet:fascin; iRFP:nuclear actin chromobody (nAC),9.347635269,-20.6528225,,,compound response across 12 wells,inactive,inactive,,,,,,
1093688939,K8,Homo sapiens,NCBITaxon,9606,HeLa,EFO,EFO_0001185,,,,,SN0206732455,0.00003,1432,MAPK14,,,Pass,Hoechst:DNA; Alexa Fluor 488 phalloidin:actin; mScarlet:fascin; iRFP:nuclear actin chromobody (nAC),4.358337879,-27.8613415,,,compound response across 12 wells,inactive,inactive,,,,,,
1093688939,K9,Homo sapiens,NCBITaxon,9606,HeLa,EFO,EFO_0001185,,,,,SN1070786719,30,6714,SRC,,,Pass,Hoechst:DNA; Alexa Fluor 488 phalloidin:actin; mScarlet:fascin; iRFP:nuclear actin chromobody (nAC),82.99821472,-807.690125,,Yes,compound response across 12 wells,inactive,active,,,,Nuclear actin,actin filament phenotype,CMPO_0000104
1093688939,K10,Homo sapiens,NCBITaxon,9606,HeLa,EFO,EFO_0001185,,,,,SN1070786719,10,6714,SRC,,,Pass,Hoechst:DNA; Alexa Fluor 488 phalloidin:actin; mScarlet:fascin; iRFP:nuclear actin chromobody (nAC),64.37278748,-58.149559,,Yes,compound response across 12 wells,inactive,active,,,,Nuclear actin,actin filament phenotype,CMPO_0000104
1093688939,K11,Homo sapiens,NCBITaxon,9606,HeLa,EFO,EFO_0001185,,,,,SN1070786719,3.125,6714,SRC,,,Pass,Hoechst:DNA; Alexa Fluor 488 phalloidin:actin; mScarlet:fascin; iRFP:nuclear actin chromobody (nAC),34.156353,-48.3938293,,Yes,compound response across 12 wells,inactive,active,,,,Nuclear actin,actin filament phenotype,CMPO_0000104
1093688939,K12,Homo sapiens,NCBITaxon,9606,HeLa,EFO,EFO_0001185,,,,,SN1070786719,1.25,6714,SRC,,,Pass,Hoechst:DNA; Alexa Fluor 488 phalloidin:actin; mScarlet:fascin; iRFP:nuclear actin chromobody (nAC),27.79027939,-37.3996429,,Yes,compound response across 12 wells,inactive,active,,,,Nuclear actin,actin filament phenotype,CMPO_0000104
1093688939,K13,Homo sapiens,NCBITaxon,9606,HeLa,EFO,EFO_0001185,,,,,SN1070786719,0.3,6714,SRC,,,Pass,Hoechst:DNA; Alexa Fluor 488 phalloidin:actin; mScarlet:fascin; iRFP:nuclear actin chromobody (nAC),19.73355675,-26.7538586,,Yes,compound response across 12 wells,inactive,active,,,,Nuclear actin,actin filament phenotype,CMPO_0000104
1093688939,K14,Homo sapiens,NCBITaxon,9606,HeLa,EFO,EFO_0001185,,,,,SN1070786719,0.1,6714,SRC,,,Pass,Hoechst:DNA; Alexa Fluor 488 phalloidin:actin; mScarlet:fascin; iRFP:nuclear actin chromobody (nAC),14.76155186,-10.5292473,,Yes,compound response across 12 wells,inactive,active,,,,Nuclear actin,actin filament phenotype,CMPO_0000104
1093688939,K15,Homo sapiens,NCBITaxon,9606,HeLa,EFO,EFO_0001185,,,,,SN1070786719,0.03,6714,SRC,,,Pass,Hoechst:DNA; Alexa Fluor 488 phalloidin:actin; mScarlet:fascin; iRFP:nuclear actin chromobody (nAC),6.174925804,-13.9265394,,Yes,compound response across 12 wells,inactive,active,,,,Nuclear actin,actin filament phenotype,CMPO_0000104
1093688939,K16,Homo sapiens,NCBITaxon,9606,HeLa,EFO,EFO_0001185,,,,,SN1070786719,0.0125,6714,SRC,,,Pass,Hoechst:DNA; Alexa Fluor 488 phalloidin:actin; mScarlet:fascin; iRFP:nuclear actin chromobody (nAC),2.077319145,17.1957283,,Yes,compound response across 12 wells,inactive,active,,,,Nuclear actin,actin filament phenotype,CMPO_0000104
1093688939,K17,Homo sapiens,NCBITaxon,9606,HeLa,EFO,EFO_0001185,,,,,SN1070786719,0.003,6714,SRC,,,Pass,Hoechst:DNA; Alexa Fluor 488 phalloidin:actin; mScarlet:fascin; iRFP:nuclear actin chromobody (nAC),6.197577,3.323303699,,Yes,compound response across 12 wells,inactive,active,,,,Nuclear actin,actin filament phenotype,CMPO_0000104
1093688939,K18,Homo sapiens,NCBITaxon,9606,HeLa,EFO,EFO_0001185,,,,,SN1070786719,0.001,6714,SRC,,,Pass,Hoechst:DNA; Alexa Fluor 488 phalloidin:actin; mScarlet:fascin; iRFP:nuclear actin chromobody (nAC),-0.69872278,1.212395549,,Yes,compound response across 12 wells,inactive,active,,,,Nuclear actin,actin filament phenotype,CMPO_0000104
1093688939,K19,Homo sapiens,NCBITaxon,9606,HeLa,EFO,EFO_0001185,,,,,SN1070786719,0.0003,6714,SRC,,,Pass,Hoechst:DNA; Alexa Fluor 488 phalloidin:actin; mScarlet:fascin; iRFP:nuclear actin chromobody (nAC),19.94935226,-28.7427921,,Yes,compound response across 12 wells,inactive,active,,,,Nuclear actin,actin filament phenotype,CMPO_0000104
1093688939,K20,Homo sapiens,NCBITaxon,9606,HeLa,EFO,EFO_0001185,,,,,SN1070786719,0.00003,6714,SRC,,,Pass,Hoechst:DNA; Alexa Fluor 488 phalloidin:actin; mScarlet:fascin; iRFP:nuclear actin chromobody (nAC),11.28580284,-6.51109505,,Yes,compound response across 12 wells,inactive,active,,,,Nuclear actin,actin filament phenotype,CMPO_0000104
1093688939,K21,Homo sapiens,NCBITaxon,9606,HeLa,EFO,EFO_0001185,DMSO,679,IAZDPXIOMUYVGZ-UHFFFAOYSA-N,CS(=O)C,,,,,Neutral Control,,Pass,Hoechst:DNA; Alexa Fluor 488 phalloidin:actin; mScarlet:fascin; iRFP:nuclear actin chromobody (nAC),4.540354729,-4.70381737,,,,,,,,,,,
1093688939,K22,Homo sapiens,NCBITaxon,9606,HeLa,EFO,EFO_0001185,,,,,,,,,Stimulator Control,Leptomycin b blocks nuclear export of fascin,Pass,Hoechst:DNA; Alexa Fluor 488 phalloidin:actin; mScarlet:fascin; iRFP:nuclear actin chromobody (nAC),113.7965088,-27.2915668,,,,,,,,,,,
1093688939,K23,Homo sapiens,NCBITaxon,9606,HeLa,EFO,EFO_0001185,DMSO,679,IAZDPXIOMUYVGZ-UHFFFAOYSA-N,CS(=O)C,,,,,Neutral Control,,Pass,Hoechst:DNA; Alexa Fluor 488 phalloidin:actin; mScarlet:fascin; iRFP:nuclear actin chromobody (nAC),7.001672745,2.297553062,,,,,,,,,,,
1093688939,K24,Homo sapiens,NCBITaxon,9606,HeLa,EFO,EFO_0001185,,,,,SN0044558158,30,4780,NFE2L2,,,Pass,Hoechst:DNA; Alexa Fluor 488 phalloidin:actin; mScarlet:fascin; iRFP:nuclear actin chromobody (nAC),104.7412262,-17.2653866,Yes,Yes,compound response across 12 wells,active,inactive,Nuclear fascin,regulation of protein localization to nucleus,GO_1900180,,,
1093688939,L1,Homo sapiens,NCBITaxon,9606,HeLa,EFO,EFO_0001185,,,,,SN0044558158,10,4780,NFE2L2,,,Pass,Hoechst:DNA; Alexa Fluor 488 phalloidin:actin; mScarlet:fascin; iRFP:nuclear actin chromobody (nAC),182.4829102,-162.004745,Yes,Yes,compound response across 12 wells,active,inactive,Nuclear fascin,regulation of protein localization to nucleus,GO_1900180,,,
1093688939,L2,Homo sapiens,NCBITaxon,9606,HeLa,EFO,EFO_0001185,,,,,SN0044558158,3.125,4780,NFE2L2,,,Pass,Hoechst:DNA; Alexa Fluor 488 phalloidin:actin; mScarlet:fascin; iRFP:nuclear actin chromobody (nAC),111.8157349,-37.6988525,Yes,Yes,compound response across 12 wells,active,inactive,Nuclear fascin,regulation of protein localization to nucleus,GO_1900180,,,
1093688939,L3,Homo sapiens,NCBITaxon,9606,HeLa,EFO,EFO_0001185,,,,,SN0044558158,1.25,4780,NFE2L2,,,Pass,Hoechst:DNA; Alexa Fluor 488 phalloidin:actin; mScarlet:fascin; iRFP:nuclear actin chromobody (nAC),97.73517609,-85.147522,Yes,Yes,compound response across 12 wells,active,inactive,Nuclear fascin,regulation of protein localization to nucleus,GO_1900180,,,
1093688939,L4,Homo sapiens,NCBITaxon,9606,HeLa,EFO,EFO_0001185,,,,,SN0044558158,0.3,4780,NFE2L2,,,Pass,Hoechst:DNA; Alexa Fluor 488 phalloidin:actin; mScarlet:fascin; iRFP:nuclear actin chromobody (nAC),0.319025218,-20.603487,Yes,Yes,compound response across 12 wells,active,inactive,Nuclear fascin,regulation of protein localization to nucleus,GO_1900180,,,
1093688939,L5,Homo sapiens,NCBITaxon,9606,HeLa,EFO,EFO_0001185,,,,,SN0044558158,0.1,4780,NFE2L2,,,Pass,Hoechst:DNA; Alexa Fluor 488 phalloidin:actin; mScarlet:fascin; iRFP:nuclear actin chromobody (nAC),4.653199673,-7.83975983,Yes,Yes,compound response across 12 wells,active,inactive,Nuclear fascin,regulation of protein localization to nucleus,GO_1900180,,,
1093688939,L6,Homo sapiens,NCBITaxon,9606,HeLa,EFO,EFO_0001185,,,,,SN0044558158,0.03,4780,NFE2L2,,,Pass,Hoechst:DNA; Alexa Fluor 488 phalloidin:actin; mScarlet:fascin; iRFP:nuclear actin chromobody (nAC),7.870140076,-27.7016582,Yes,Yes,compound response across 12 wells,active,inactive,Nuclear fascin,regulation of protein localization to nucleus,GO_1900180,,,
1093688939,L7,Homo sapiens,NCBITaxon,9606,HeLa,EFO,EFO_0001185,,,,,SN0044558158,0.0125,4780,NFE2L2,,,Pass,Hoechst:DNA; Alexa Fluor 488 phalloidin:actin; mScarlet:fascin; iRFP:nuclear actin chromobody (nAC),-7.946417332,-13.7136011,Yes,Yes,compound response across 12 wells,active,inactive,Nuclear fascin,regulation of protein localization to nucleus,GO_1900180,,,
1093688939,L8,Homo sapiens,NCBITaxon,9606,HeLa,EFO,EFO_0001185,,,,,SN0044558158,0.003,4780,NFE2L2,,,Pass,Hoechst:DNA; Alexa Fluor 488 phalloidin:actin; mScarlet:fascin; iRFP:nuclear actin chromobody (nAC),0.563711047,11.8861351,Yes,Yes,compound response across 12 wells,active,inactive,Nuclear fascin,regulation of protein localization to nucleus,GO_1900180,,,
1093688939,L9,Homo sapiens,NCBITaxon,9606,HeLa,EFO,EFO_0001185,,,,,SN0044558158,0.001,4780,NFE2L2,,,Pass,Hoechst:DNA; Alexa Fluor 488 phalloidin:actin; mScarlet:fascin; iRFP:nuclear actin chromobody (nAC),10.43223572,-16.8027992,Yes,Yes,compound response across 12 wells,active,inactive,Nuclear fascin,regulation of protein localization to nucleus,GO_1900180,,,
1093688939,L10,Homo sapiens,NCBITaxon,9606,HeLa,EFO,EFO_0001185,,,,,SN0044558158,0.0003,4780,NFE2L2,,,Pass,Hoechst:DNA; Alexa Fluor 488 phalloidin:actin; mScarlet:fascin; iRFP:nuclear actin chromobody (nAC),12.17740631,-15.1308317,Yes,Yes,compound response across 12 wells,active,inactive,Nuclear fascin,regulation of protein localization to nucleus,GO_1900180,,,
1093688939,L11,Homo sapiens,NCBITaxon,9606,HeLa,EFO,EFO_0001185,,,,,SN0044558158,0.00003,4780,NFE2L2,,,Pass,Hoechst:DNA; Alexa Fluor 488 phalloidin:actin; mScarlet:fascin; iRFP:nuclear actin chromobody (nAC),1.202906489,-6.06493902,Yes,Yes,compound response across 12 wells,active,inactive,Nuclear fascin,regulation of protein localization to nucleus,GO_1900180,,,
1093688939,L12,Homo sapiens,NCBITaxon,9606,HeLa,EFO,EFO_0001185,,,,,SN1123521943,30,412,STS,,,Pass,Hoechst:DNA; Alexa Fluor 488 phalloidin:actin; mScarlet:fascin; iRFP:nuclear actin chromobody (nAC),32.63559341,-38.0294075,,,compound response across 12 wells,inactive,inactive,,,,,,
1093688939,L13,Homo sapiens,NCBITaxon,9606,HeLa,EFO,EFO_0001185,,,,,SN1123521943,10,412,STS,,,Pass,Hoechst:DNA; Alexa Fluor 488 phalloidin:actin; mScarlet:fascin; iRFP:nuclear actin chromobody (nAC),30.57565689,4.698760986,,,compound response across 12 wells,inactive,inactive,,,,,,
1093688939,L14,Homo sapiens,NCBITaxon,9606,HeLa,EFO,EFO_0001185,,,,,SN1123521943,3.125,412,STS,,,Pass,Hoechst:DNA; Alexa Fluor 488 phalloidin:actin; mScarlet:fascin; iRFP:nuclear actin chromobody (nAC),14.64494801,-10.0149174,,,compound response across 12 wells,inactive,inactive,,,,,,
1093688939,L15,Homo sapiens,NCBITaxon,9606,HeLa,EFO,EFO_0001185,,,,,SN1123521943,1.25,412,STS,,,Pass,Hoechst:DNA; Alexa Fluor 488 phalloidin:actin; mScarlet:fascin; iRFP:nuclear actin chromobody (nAC),8.835274696,16.19512177,,,compound response across 12 wells,inactive,inactive,,,,,,
1093688939,L16,Homo sapiens,NCBITaxon,9606,HeLa,EFO,EFO_0001185,,,,,SN1123521943,0.3,412,STS,,,Pass,Hoechst:DNA; Alexa Fluor 488 phalloidin:actin; mScarlet:fascin; iRFP:nuclear actin chromobody (nAC),7.751173496,-7.03242636,,,compound response across 12 wells,inactive,inactive,,,,,,
1093688939,L17,Homo sapiens,NCBITaxon,9606,HeLa,EFO,EFO_0001185,,,,,SN1123521943,0.1,412,STS,,,Pass,Hoechst:DNA; Alexa Fluor 488 phalloidin:actin; mScarlet:fascin; iRFP:nuclear actin chromobody (nAC),12.92369175,0.605679274,,,compound response across 12 wells,inactive,inactive,,,,,,
1093688939,L18,Homo sapiens,NCBITaxon,9606,HeLa,EFO,EFO_0001185,,,,,SN1123521943,0.03,412,STS,,,Pass,Hoechst:DNA; Alexa Fluor 488 phalloidin:actin; mScarlet:fascin; iRFP:nuclear actin chromobody (nAC),2.875542879,-6.39096594,,,compound response across 12 wells,inactive,inactive,,,,,,
1093688939,L19,Homo sapiens,NCBITaxon,9606,HeLa,EFO,EFO_0001185,,,,,SN1123521943,0.0125,412,STS,,,Pass,Hoechst:DNA; Alexa Fluor 488 phalloidin:actin; mScarlet:fascin; iRFP:nuclear actin chromobody (nAC),16.31814194,15.07761383,,,compound response across 12 wells,inactive,inactive,,,,,,
1093688939,L20,Homo sapiens,NCBITaxon,9606,HeLa,EFO,EFO_0001185,,,,,SN1123521943,0.003,412,STS,,,Pass,Hoechst:DNA; Alexa Fluor 488 phalloidin:actin; mScarlet:fascin; iRFP:nuclear actin chromobody (nAC),19.76025963,-27.5687008,,,compound response across 12 wells,inactive,inactive,,,,,,
1093688939,L21,Homo sapiens,NCBITaxon,9606,HeLa,EFO,EFO_0001185,,,,,SN1123521943,0.001,412,STS,,,Pass,Hoechst:DNA; Alexa Fluor 488 phalloidin:actin; mScarlet:fascin; iRFP:nuclear actin chromobody (nAC),1.921109557,-26.8226509,,,compound response across 12 wells,inactive,inactive,,,,,,
1093688939,L22,Homo sapiens,NCBITaxon,9606,HeLa,EFO,EFO_0001185,,,,,SN1123521943,0.0003,412,STS,,,Pass,Hoechst:DNA; Alexa Fluor 488 phalloidin:actin; mScarlet:fascin; iRFP:nuclear actin chromobody (nAC),16.85597229,-15.9469738,,,compound response across 12 wells,inactive,inactive,,,,,,
1093688939,L23,Homo sapiens,NCBITaxon,9606,HeLa,EFO,EFO_0001185,,,,,SN1123521943,0.00003,412,STS,,,Pass,Hoechst:DNA; Alexa Fluor 488 phalloidin:actin; mScarlet:fascin; iRFP:nuclear actin chromobody (nAC),-1.853420258,-15.0013008,,,compound response across 12 wells,inactive,inactive,,,,,,
1093688939,L24,Homo sapiens,NCBITaxon,9606,HeLa,EFO,EFO_0001185,,,,,SN1031081102,30,3791,KDR,,,Pass,Hoechst:DNA; Alexa Fluor 488 phalloidin:actin; mScarlet:fascin; iRFP:nuclear actin chromobody (nAC),48.5320549,-182.932205,,Yes,compound response across 12 wells,inactive,active,,,,Nuclear actin,actin filament phenotype,CMPO_0000104
1093688939,M1,Homo sapiens,NCBITaxon,9606,HeLa,EFO,EFO_0001185,,,,,SN1031081102,10,3791,KDR,,,Pass,Hoechst:DNA; Alexa Fluor 488 phalloidin:actin; mScarlet:fascin; iRFP:nuclear actin chromobody (nAC),105.9814758,-200.075485,,Yes,compound response across 12 wells,inactive,active,,,,Nuclear actin,actin filament phenotype,CMPO_0000104
1093688939,M2,Homo sapiens,NCBITaxon,9606,HeLa,EFO,EFO_0001185,,,,,SN1031081102,3.125,3791,KDR,,,Pass,Hoechst:DNA; Alexa Fluor 488 phalloidin:actin; mScarlet:fascin; iRFP:nuclear actin chromobody (nAC),-3.048238039,-38.1360588,,Yes,compound response across 12 wells,inactive,active,,,,Nuclear actin,actin filament phenotype,CMPO_0000104
1093688939,M3,Homo sapiens,NCBITaxon,9606,HeLa,EFO,EFO_0001185,,,,,SN1031081102,1.25,3791,KDR,,,Pass,Hoechst:DNA; Alexa Fluor 488 phalloidin:actin; mScarlet:fascin; iRFP:nuclear actin chromobody (nAC),7.170727253,-20.2600594,,Yes,compound response across 12 wells,inactive,active,,,,Nuclear actin,actin filament phenotype,CMPO_0000104
1093688939,M4,Homo sapiens,NCBITaxon,9606,HeLa,EFO,EFO_0001185,,,,,SN1031081102,0.3,3791,KDR,,,Pass,Hoechst:DNA; Alexa Fluor 488 phalloidin:actin; mScarlet:fascin; iRFP:nuclear actin chromobody (nAC),5.008954048,-12.9306631,,Yes,compound response across 12 wells,inactive,active,,,,Nuclear actin,actin filament phenotype,CMPO_0000104
1093688939,M5,Homo sapiens,NCBITaxon,9606,HeLa,EFO,EFO_0001185,,,,,SN1031081102,0.1,3791,KDR,,,Pass,Hoechst:DNA; Alexa Fluor 488 phalloidin:actin; mScarlet:fascin; iRFP:nuclear actin chromobody (nAC),0.487771511,-19.5665054,,Yes,compound response across 12 wells,inactive,active,,,,Nuclear actin,actin filament phenotype,CMPO_0000104
1093688939,M6,Homo sapiens,NCBITaxon,9606,HeLa,EFO,EFO_0001185,,,,,SN1031081102,0.03,3791,KDR,,,Pass,Hoechst:DNA; Alexa Fluor 488 phalloidin:actin; mScarlet:fascin; iRFP:nuclear actin chromobody (nAC),9.885201454,-19.9174633,,Yes,compound response across 12 wells,inactive,active,,,,Nuclear actin,actin filament phenotype,CMPO_0000104
1093688939,M7,Homo sapiens,NCBITaxon,9606,HeLa,EFO,EFO_0001185,,,,,SN1031081102,0.0125,3791,KDR,,,Pass,Hoechst:DNA; Alexa Fluor 488 phalloidin:actin; mScarlet:fascin; iRFP:nuclear actin chromobody (nAC),9.537007332,-5.18024874,,Yes,compound response across 12 wells,inactive,active,,,,Nuclear actin,actin filament phenotype,CMPO_0000104
1093688939,M8,Homo sapiens,NCBITaxon,9606,HeLa,EFO,EFO_0001185,,,,,SN1031081102,0.003,3791,KDR,,,Pass,Hoechst:DNA; Alexa Fluor 488 phalloidin:actin; mScarlet:fascin; iRFP:nuclear actin chromobody (nAC),11.11420918,16.26592445,,Yes,compound response across 12 wells,inactive,active,,,,Nuclear actin,actin filament phenotype,CMPO_0000104
1093688939,M9,Homo sapiens,NCBITaxon,9606,HeLa,EFO,EFO_0001185,,,,,SN1031081102,0.001,3791,KDR,,,Pass,Hoechst:DNA; Alexa Fluor 488 phalloidin:actin; mScarlet:fascin; iRFP:nuclear actin chromobody (nAC),8.974176407,-3.30725718,,Yes,compound response across 12 wells,inactive,active,,,,Nuclear actin,actin filament phenotype,CMPO_0000104
1093688939,M10,Homo sapiens,NCBITaxon,9606,HeLa,EFO,EFO_0001185,,,,,SN1031081102,0.0003,3791,KDR,,,Pass,Hoechst:DNA; Alexa Fluor 488 phalloidin:actin; mScarlet:fascin; iRFP:nuclear actin chromobody (nAC),5.333939552,-19.946022,,Yes,compound response across 12 wells,inactive,active,,,,Nuclear actin,actin filament phenotype,CMPO_0000104
1093688939,M11,Homo sapiens,NCBITaxon,9606,HeLa,EFO,EFO_0001185,,,,,SN1031081102,0.00003,3791,KDR,,,Pass,Hoechst:DNA; Alexa Fluor 488 phalloidin:actin; mScarlet:fascin; iRFP:nuclear actin chromobody (nAC),2.107251644,19.62123489,,Yes,compound response across 12 wells,inactive,active,,,,Nuclear actin,actin filament phenotype,CMPO_0000104
1093688939,M12,Homo sapiens,NCBITaxon,9606,HeLa,EFO,EFO_0001185,,,,,SN1151667669,30,,,,,Pass,Hoechst:DNA; Alexa Fluor 488 phalloidin:actin; mScarlet:fascin; iRFP:nuclear actin chromobody (nAC),-9.801760674,27.60489845,,,compound response across 12 wells,inactive,inactive,,,,,,
1093688939,M13,Homo sapiens,NCBITaxon,9606,HeLa,EFO,EFO_0001185,,,,,SN1151667669,10,,,,,Pass,Hoechst:DNA; Alexa Fluor 488 phalloidin:actin; mScarlet:fascin; iRFP:nuclear actin chromobody (nAC),2.094171762,-37.2679253,,,compound response across 12 wells,inactive,inactive,,,,,,
1093688939,M14,Homo sapiens,NCBITaxon,9606,HeLa,EFO,EFO_0001185,,,,,SN1151667669,3.125,,,,,Pass,Hoechst:DNA; Alexa Fluor 488 phalloidin:actin; mScarlet:fascin; iRFP:nuclear actin chromobody (nAC),47.3889389,-35.372467,,,compound response across 12 wells,inactive,inactive,,,,,,
1093688939,M15,Homo sapiens,NCBITaxon,9606,HeLa,EFO,EFO_0001185,,,,,SN1151667669,1.25,,,,,Pass,Hoechst:DNA; Alexa Fluor 488 phalloidin:actin; mScarlet:fascin; iRFP:nuclear actin chromobody (nAC),53.11368942,98.34520721,,,compound response across 12 wells,inactive,inactive,,,,,,
1093688939,M16,Homo sapiens,NCBITaxon,9606,HeLa,EFO,EFO_0001185,,,,,SN1151667669,0.3,,,,,Pass,Hoechst:DNA; Alexa Fluor 488 phalloidin:actin; mScarlet:fascin; iRFP:nuclear actin chromobody (nAC),-19.88850403,148.5104218,,,compound response across 12 wells,inactive,inactive,,,,,,
1093688939,M17,Homo sapiens,NCBITaxon,9606,HeLa,EFO,EFO_0001185,,,,,SN1151667669,0.1,,,,,Pass,Hoechst:DNA; Alexa Fluor 488 phalloidin:actin; mScarlet:fascin; iRFP:nuclear actin chromobody (nAC),21.72769928,-89.6819382,,,compound response across 12 wells,inactive,inactive,,,,,,
1093688939,M18,Homo sapiens,NCBITaxon,9606,HeLa,EFO,EFO_0001185,,,,,SN1151667669,0.03,,,,,Pass,Hoechst:DNA; Alexa Fluor 488 phalloidin:actin; mScarlet:fascin; iRFP:nuclear actin chromobody (nAC),24.13471603,-19.2868481,,,compound response across 12 wells,inactive,inactive,,,,,,
1093688939,M19,Homo sapiens,NCBITaxon,9606,HeLa,EFO,EFO_0001185,,,,,SN1151667669,0.0125,,,,,Pass,Hoechst:DNA; Alexa Fluor 488 phalloidin:actin; mScarlet:fascin; iRFP:nuclear actin chromobody (nAC),18.11933136,-8.39741802,,,compound response across 12 wells,inactive,inactive,,,,,,
1093688939,M20,Homo sapiens,NCBITaxon,9606,HeLa,EFO,EFO_0001185,,,,,SN1151667669,0.003,,,,,Pass,Hoechst:DNA; Alexa Fluor 488 phalloidin:actin; mScarlet:fascin; iRFP:nuclear actin chromobody (nAC),6.192996979,1.068245173,,,compound response across 12 wells,inactive,inactive,,,,,,
1093688939,M21,Homo sapiens,NCBITaxon,9606,HeLa,EFO,EFO_0001185,,,,,SN1151667669,0.001,,,,,Pass,Hoechst:DNA; Alexa Fluor 488 phalloidin:actin; mScarlet:fascin; iRFP:nuclear actin chromobody (nAC),5.201423168,-1.30475044,,,compound response across 12 wells,inactive,inactive,,,,,,
1093688939,M22,Homo sapiens,NCBITaxon,9606,HeLa,EFO,EFO_0001185,,,,,SN1151667669,0.0003,,,,,Pass,Hoechst:DNA; Alexa Fluor 488 phalloidin:actin; mScarlet:fascin; iRFP:nuclear actin chromobody (nAC),19.91776085,33.18360519,,,compound response across 12 wells,inactive,inactive,,,,,,
1093688939,M23,Homo sapiens,NCBITaxon,9606,HeLa,EFO,EFO_0001185,,,,,SN1151667669,0.00003,,,,,Pass,Hoechst:DNA; Alexa Fluor 488 phalloidin:actin; mScarlet:fascin; iRFP:nuclear actin chromobody (nAC),1.240032196,-25.7454586,,,compound response across 12 wells,inactive,inactive,,,,,,
1093688939,M24,Homo sapiens,NCBITaxon,9606,HeLa,EFO,EFO_0001185,,,,,SN1123537305,30,2931,GSK3A,,,Pass,Hoechst:DNA; Alexa Fluor 488 phalloidin:actin; mScarlet:fascin; iRFP:nuclear actin chromobody (nAC),40.75071335,-83.4695511,,Yes,compound response across 12 wells,inactive,active,,,,Nuclear actin,actin filament phenotype,CMPO_0000104
1093688939,N1,Homo sapiens,NCBITaxon,9606,HeLa,EFO,EFO_0001185,,,,,SN1123537305,10,2931,GSK3A,,,Pass,Hoechst:DNA; Alexa Fluor 488 phalloidin:actin; mScarlet:fascin; iRFP:nuclear actin chromobody (nAC),37.07355881,-63.0203743,,Yes,compound response across 12 wells,inactive,active,,,,Nuclear actin,actin filament phenotype,CMPO_0000104
1093688939,N2,Homo sapiens,NCBITaxon,9606,HeLa,EFO,EFO_0001185,,,,,SN1123537305,3.125,2931,GSK3A,,,Pass,Hoechst:DNA; Alexa Fluor 488 phalloidin:actin; mScarlet:fascin; iRFP:nuclear actin chromobody (nAC),33.71483612,-92.3513641,,Yes,compound response across 12 wells,inactive,active,,,,Nuclear actin,actin filament phenotype,CMPO_0000104
1093688939,N3,Homo sapiens,NCBITaxon,9606,HeLa,EFO,EFO_0001185,,,,,SN1123537305,1.25,2931,GSK3A,,,Pass,Hoechst:DNA; Alexa Fluor 488 phalloidin:actin; mScarlet:fascin; iRFP:nuclear actin chromobody (nAC),24.13069344,-39.5924263,,Yes,compound response across 12 wells,inactive,active,,,,Nuclear actin,actin filament phenotype,CMPO_0000104
1093688939,N4,Homo sapiens,NCBITaxon,9606,HeLa,EFO,EFO_0001185,,,,,SN1123537305,0.3,2931,GSK3A,,,Pass,Hoechst:DNA; Alexa Fluor 488 phalloidin:actin; mScarlet:fascin; iRFP:nuclear actin chromobody (nAC),26.1668644,-58.1512833,,Yes,compound response across 12 wells,inactive,active,,,,Nuclear actin,actin filament phenotype,CMPO_0000104
1093688939,N5,Homo sapiens,NCBITaxon,9606,HeLa,EFO,EFO_0001185,,,,,SN1123537305,0.1,2931,GSK3A,,,Pass,Hoechst:DNA; Alexa Fluor 488 phalloidin:actin; mScarlet:fascin; iRFP:nuclear actin chromobody (nAC),15.22833061,-18.6017551,,Yes,compound response across 12 wells,inactive,active,,,,Nuclear actin,actin filament phenotype,CMPO_0000104
1093688939,N6,Homo sapiens,NCBITaxon,9606,HeLa,EFO,EFO_0001185,,,,,SN1123537305,0.03,2931,GSK3A,,,Pass,Hoechst:DNA; Alexa Fluor 488 phalloidin:actin; mScarlet:fascin; iRFP:nuclear actin chromobody (nAC),17.49333382,-5.91094255,,Yes,compound response across 12 wells,inactive,active,,,,Nuclear actin,actin filament phenotype,CMPO_0000104
1093688939,N7,Homo sapiens,NCBITaxon,9606,HeLa,EFO,EFO_0001185,,,,,SN1123537305,0.0125,2931,GSK3A,,,Pass,Hoechst:DNA; Alexa Fluor 488 phalloidin:actin; mScarlet:fascin; iRFP:nuclear actin chromobody (nAC),9.470697403,-6.71917439,,Yes,compound response across 12 wells,inactive,active,,,,Nuclear actin,actin filament phenotype,CMPO_0000104
1093688939,N8,Homo sapiens,NCBITaxon,9606,HeLa,EFO,EFO_0001185,,,,,SN1123537305,0.003,2931,GSK3A,,,Pass,Hoechst:DNA; Alexa Fluor 488 phalloidin:actin; mScarlet:fascin; iRFP:nuclear actin chromobody (nAC),11.91685104,-2.18275881,,Yes,compound response across 12 wells,inactive,active,,,,Nuclear actin,actin filament phenotype,CMPO_0000104
1093688939,N9,Homo sapiens,NCBITaxon,9606,HeLa,EFO,EFO_0001185,,,,,SN1123537305,0.001,2931,GSK3A,,,Pass,Hoechst:DNA; Alexa Fluor 488 phalloidin:actin; mScarlet:fascin; iRFP:nuclear actin chromobody (nAC),13.71115494,24.45740128,,Yes,compound response across 12 wells,inactive,active,,,,Nuclear actin,actin filament phenotype,CMPO_0000104
1093688939,N10,Homo sapiens,NCBITaxon,9606,HeLa,EFO,EFO_0001185,,,,,SN1123537305,0.0003,2931,GSK3A,,,Pass,Hoechst:DNA; Alexa Fluor 488 phalloidin:actin; mScarlet:fascin; iRFP:nuclear actin chromobody (nAC),7.816235065,15.45236874,,Yes,compound response across 12 wells,inactive,active,,,,Nuclear actin,actin filament phenotype,CMPO_0000104
1093688939,N11,Homo sapiens,NCBITaxon,9606,HeLa,EFO,EFO_0001185,,,,,SN1123537305,0.00003,2931,GSK3A,,,Pass,Hoechst:DNA; Alexa Fluor 488 phalloidin:actin; mScarlet:fascin; iRFP:nuclear actin chromobody (nAC),7.199588299,-0.31493056,,Yes,compound response across 12 wells,inactive,active,,,,Nuclear actin,actin filament phenotype,CMPO_0000104
1093688939,N12,Homo sapiens,NCBITaxon,9606,HeLa,EFO,EFO_0001185,,,,,SN1089541426,30,3417,IDH1,,,Pass,Hoechst:DNA; Alexa Fluor 488 phalloidin:actin; mScarlet:fascin; iRFP:nuclear actin chromobody (nAC),85.65619659,,Yes,Yes,compound response across 12 wells,active,active,Nuclear fascin,regulation of protein localization to nucleus,GO_1900180,Nuclear actin,actin filament phenotype,CMPO_0000104
1093688939,N13,Homo sapiens,NCBITaxon,9606,HeLa,EFO,EFO_0001185,,,,,SN1089541426,10,3417,IDH1,,,Pass,Hoechst:DNA; Alexa Fluor 488 phalloidin:actin; mScarlet:fascin; iRFP:nuclear actin chromobody (nAC),111.928421,,Yes,Yes,compound response across 12 wells,active,active,Nuclear fascin,regulation of protein localization to nucleus,GO_1900180,Nuclear actin,actin filament phenotype,CMPO_0000104
1093688939,N14,Homo sapiens,NCBITaxon,9606,HeLa,EFO,EFO_0001185,DMSO,679,IAZDPXIOMUYVGZ-UHFFFAOYSA-N,CS(=O)C,,,,,Neutral Control,,Pass,Hoechst:DNA; Alexa Fluor 488 phalloidin:actin; mScarlet:fascin; iRFP:nuclear actin chromobody (nAC),-2.922327995,-4.88341713,,,,,,,,,,,
1093688939,N15,Homo sapiens,NCBITaxon,9606,HeLa,EFO,EFO_0001185,,,,,,,,,Stimulator Control,Leptomycin b blocks nuclear export of fascin,Pass,Hoechst:DNA; Alexa Fluor 488 phalloidin:actin; mScarlet:fascin; iRFP:nuclear actin chromobody (nAC),111.8227005,1.106506348,,,,,,,,,,,
1093688939,N16,Homo sapiens,NCBITaxon,9606,HeLa,EFO,EFO_0001185,DMSO,679,IAZDPXIOMUYVGZ-UHFFFAOYSA-N,CS(=O)C,,,,,Neutral Control,,Pass,Hoechst:DNA; Alexa Fluor 488 phalloidin:actin; mScarlet:fascin; iRFP:nuclear actin chromobody (nAC),-0.094876677,11.76087475,,,,,,,,,,,
1093688939,N17,Homo sapiens,NCBITaxon,9606,HeLa,EFO,EFO_0001185,,,,,SN1089541426,3.125,3417,IDH1,,,Pass,Hoechst:DNA; Alexa Fluor 488 phalloidin:actin; mScarlet:fascin; iRFP:nuclear actin chromobody (nAC),116.743866,,Yes,Yes,compound response across 12 wells,active,active,Nuclear fascin,regulation of protein localization to nucleus,GO_1900180,Nuclear actin,actin filament phenotype,CMPO_0000104
1093688939,N18,Homo sapiens,NCBITaxon,9606,HeLa,EFO,EFO_0001185,,,,,SN1089541426,1.25,3417,IDH1,,,Pass,Hoechst:DNA; Alexa Fluor 488 phalloidin:actin; mScarlet:fascin; iRFP:nuclear actin chromobody (nAC),99.50408173,-128.235306,Yes,Yes,compound response across 12 wells,active,active,Nuclear fascin,regulation of protein localization to nucleus,GO_1900180,Nuclear actin,actin filament phenotype,CMPO_0000104
1093688939,N19,Homo sapiens,NCBITaxon,9606,HeLa,EFO,EFO_0001185,,,,,SN1089541426,0.3,3417,IDH1,,,Pass,Hoechst:DNA; Alexa Fluor 488 phalloidin:actin; mScarlet:fascin; iRFP:nuclear actin chromobody (nAC),81.62175751,-79.659996,Yes,Yes,compound response across 12 wells,active,active,Nuclear fascin,regulation of protein localization to nucleus,GO_1900180,Nuclear actin,actin filament phenotype,CMPO_0000104
1093688939,N20,Homo sapiens,NCBITaxon,9606,HeLa,EFO,EFO_0001185,,,,,SN1089541426,0.1,3417,IDH1,,,Pass,Hoechst:DNA; Alexa Fluor 488 phalloidin:actin; mScarlet:fascin; iRFP:nuclear actin chromobody (nAC),53.53366852,34.86452103,Yes,Yes,compound response across 12 wells,active,active,Nuclear fascin,regulation of protein localization to nucleus,GO_1900180,Nuclear actin,actin filament phenotype,CMPO_0000104
1093688939,N21,Homo sapiens,NCBITaxon,9606,HeLa,EFO,EFO_0001185,,,,,SN1089541426,0.03,3417,IDH1,,,Pass,Hoechst:DNA; Alexa Fluor 488 phalloidin:actin; mScarlet:fascin; iRFP:nuclear actin chromobody (nAC),4.72652626,50.13435745,Yes,Yes,compound response across 12 wells,active,active,Nuclear fascin,regulation of protein localization to nucleus,GO_1900180,Nuclear actin,actin filament phenotype,CMPO_0000104
1093688939,N22,Homo sapiens,NCBITaxon,9606,HeLa,EFO,EFO_0001185,,,,,SN1089541426,0.0125,3417,IDH1,,,Pass,Hoechst:DNA; Alexa Fluor 488 phalloidin:actin; mScarlet:fascin; iRFP:nuclear actin chromobody (nAC),10.54121971,-15.5996037,Yes,Yes,compound response across 12 wells,active,active,Nuclear fascin,regulation of protein localization to nucleus,GO_1900180,Nuclear actin,actin filament phenotype,CMPO_0000104
1093688939,N23,Homo sapiens,NCBITaxon,9606,HeLa,EFO,EFO_0001185,,,,,SN1089541426,0.003,3417,IDH1,,,Pass,Hoechst:DNA; Alexa Fluor 488 phalloidin:actin; mScarlet:fascin; iRFP:nuclear actin chromobody (nAC),3.789283276,-33.1227837,Yes,Yes,compound response across 12 wells,active,active,Nuclear fascin,regulation of protein localization to nucleus,GO_1900180,Nuclear actin,actin filament phenotype,CMPO_0000104
1093688939,N24,Homo sapiens,NCBITaxon,9606,HeLa,EFO,EFO_0001185,,,,,SN1089541426,0.001,3417,IDH1,,,Pass,Hoechst:DNA; Alexa Fluor 488 phalloidin:actin; mScarlet:fascin; iRFP:nuclear actin chromobody (nAC),0.105681136,-15.5486469,Yes,Yes,compound response across 12 wells,active,active,Nuclear fascin,regulation of protein localization to nucleus,GO_1900180,Nuclear actin,actin filament phenotype,CMPO_0000104
1093688939,O1,Homo sapiens,NCBITaxon,9606,HeLa,EFO,EFO_0001185,,,,,SN1089541426,0.0003,3417,IDH1,,,Pass,Hoechst:DNA; Alexa Fluor 488 phalloidin:actin; mScarlet:fascin; iRFP:nuclear actin chromobody (nAC),11.40371227,-35.622673,Yes,Yes,compound response across 12 wells,active,active,Nuclear fascin,regulation of protein localization to nucleus,GO_1900180,Nuclear actin,actin filament phenotype,CMPO_0000104
1093688939,O2,Homo sapiens,NCBITaxon,9606,HeLa,EFO,EFO_0001185,,,,,SN1089541426,0.00003,3417,IDH1,,,Pass,Hoechst:DNA; Alexa Fluor 488 phalloidin:actin; mScarlet:fascin; iRFP:nuclear actin chromobody (nAC),11.44806099,-41.3990631,Yes,Yes,compound response across 12 wells,active,active,Nuclear fascin,regulation of protein localization to nucleus,GO_1900180,Nuclear actin,actin filament phenotype,CMPO_0000104
1093688939,O3,Homo sapiens,NCBITaxon,9606,HeLa,EFO,EFO_0001185,,,,,SN1094656235,30,3643,INSR,,,Pass,Hoechst:DNA; Alexa Fluor 488 phalloidin:actin; mScarlet:fascin; iRFP:nuclear actin chromobody (nAC),8.678463936,-42.1258087,,,compound response across 12 wells,inactive,inactive,,,,,,
1093688939,O4,Homo sapiens,NCBITaxon,9606,HeLa,EFO,EFO_0001185,,,,,SN1094656235,10,3643,INSR,,,Pass,Hoechst:DNA; Alexa Fluor 488 phalloidin:actin; mScarlet:fascin; iRFP:nuclear actin chromobody (nAC),11.97944641,-5.35303879,,,compound response across 12 wells,inactive,inactive,,,,,,
1093688939,O5,Homo sapiens,NCBITaxon,9606,HeLa,EFO,EFO_0001185,,,,,SN1094656235,3.125,3643,INSR,,,Pass,Hoechst:DNA; Alexa Fluor 488 phalloidin:actin; mScarlet:fascin; iRFP:nuclear actin chromobody (nAC),4.550513268,-6.76793337,,,compound response across 12 wells,inactive,inactive,,,,,,
1093688939,O6,Homo sapiens,NCBITaxon,9606,HeLa,EFO,EFO_0001185,,,,,SN1094656235,1.25,3643,INSR,,,Pass,Hoechst:DNA; Alexa Fluor 488 phalloidin:actin; mScarlet:fascin; iRFP:nuclear actin chromobody (nAC),6.33223629,-16.7607746,,,compound response across 12 wells,inactive,inactive,,,,,,
1093688939,O7,Homo sapiens,NCBITaxon,9606,HeLa,EFO,EFO_0001185,DMSO,679,IAZDPXIOMUYVGZ-UHFFFAOYSA-N,CS(=O)C,,,,,Neutral Control,,Pass,Hoechst:DNA; Alexa Fluor 488 phalloidin:actin; mScarlet:fascin; iRFP:nuclear actin chromobody (nAC),1.862800717,-4.19921637,,,,,,,,,,,
1093688939,O8,Homo sapiens,NCBITaxon,9606,HeLa,EFO,EFO_0001185,,,,,,,,,Stimulator Control,Leptomycin b blocks nuclear export of fascin,Pass,Hoechst:DNA; Alexa Fluor 488 phalloidin:actin; mScarlet:fascin; iRFP:nuclear actin chromobody (nAC),99.43473816,-10.9542408,,,,,,,,,,,
1093688939,O9,Homo sapiens,NCBITaxon,9606,HeLa,EFO,EFO_0001185,DMSO,679,IAZDPXIOMUYVGZ-UHFFFAOYSA-N,CS(=O)C,,,,,Neutral Control,,Pass,Hoechst:DNA; Alexa Fluor 488 phalloidin:actin; mScarlet:fascin; iRFP:nuclear actin chromobody (nAC),-5.298384666,-14.2994013,,,,,,,,,,,
1093688939,O10,Homo sapiens,NCBITaxon,9606,HeLa,EFO,EFO_0001185,,,,,SN1094656235,0.3,3643,INSR,,,Pass,Hoechst:DNA; Alexa Fluor 488 phalloidin:actin; mScarlet:fascin; iRFP:nuclear actin chromobody (nAC),9.300938606,-20.5391998,,,compound response across 12 wells,inactive,inactive,,,,,,
1093688939,O11,Homo sapiens,NCBITaxon,9606,HeLa,EFO,EFO_0001185,,,,,SN1094656235,0.1,3643,INSR,,,Pass,Hoechst:DNA; Alexa Fluor 488 phalloidin:actin; mScarlet:fascin; iRFP:nuclear actin chromobody (nAC),-0.22765705,-5.98184156,,,compound response across 12 wells,inactive,inactive,,,,,,
1093688939,O12,Homo sapiens,NCBITaxon,9606,HeLa,EFO,EFO_0001185,,,,,SN1094656235,0.03,3643,INSR,,,Pass,Hoechst:DNA; Alexa Fluor 488 phalloidin:actin; mScarlet:fascin; iRFP:nuclear actin chromobody (nAC),8.417658806,-0.42491412,,,compound response across 12 wells,inactive,inactive,,,,,,
1093688939,O13,Homo sapiens,NCBITaxon,9606,HeLa,EFO,EFO_0001185,,,,,SN1094656235,0.0125,3643,INSR,,,Pass,Hoechst:DNA; Alexa Fluor 488 phalloidin:actin; mScarlet:fascin; iRFP:nuclear actin chromobody (nAC),15.23685932,2.873758793,,,compound response across 12 wells,inactive,inactive,,,,,,
1093688939,O14,Homo sapiens,NCBITaxon,9606,HeLa,EFO,EFO_0001185,,,,,SN1094656235,0.003,3643,INSR,,,Pass,Hoechst:DNA; Alexa Fluor 488 phalloidin:actin; mScarlet:fascin; iRFP:nuclear actin chromobody (nAC),13.92706871,11.39101601,,,compound response across 12 wells,inactive,inactive,,,,,,
1093688939,O15,Homo sapiens,NCBITaxon,9606,HeLa,EFO,EFO_0001185,,,,,SN1094656235,0.001,3643,INSR,,,Pass,Hoechst:DNA; Alexa Fluor 488 phalloidin:actin; mScarlet:fascin; iRFP:nuclear actin chromobody (nAC),9.355224609,-16.3028812,,,compound response across 12 wells,inactive,inactive,,,,,,
1093688939,O16,Homo sapiens,NCBITaxon,9606,HeLa,EFO,EFO_0001185,,,,,SN1094656235,0.0003,3643,INSR,,,Pass,Hoechst:DNA; Alexa Fluor 488 phalloidin:actin; mScarlet:fascin; iRFP:nuclear actin chromobody (nAC),15.35491562,8.838131905,,,compound response across 12 wells,inactive,inactive,,,,,,
1093688939,O17,Homo sapiens,NCBITaxon,9606,HeLa,EFO,EFO_0001185,,,,,SN1094656235,0.00003,3643,INSR,,,Pass,Hoechst:DNA; Alexa Fluor 488 phalloidin:actin; mScarlet:fascin; iRFP:nuclear actin chromobody (nAC),16.10917282,25.78669548,,,compound response across 12 wells,inactive,inactive,,,,,,
1093688939,O18,Homo sapiens,NCBITaxon,9606,HeLa,EFO,EFO_0001185,,,,,SN1048163792,30,898,CCNE1,,,Fail,Hoechst:DNA; Alexa Fluor 488 phalloidin:actin; mScarlet:fascin; iRFP:nuclear actin chromobody (nAC),8.068172455,-220.291565,Yes,Yes,compound response across 12 wells,active,active,Nuclear fascin,regulation of protein localization to nucleus,GO_1900180,Nuclear actin,actin filament phenotype,CMPO_0000104
1093688939,O19,Homo sapiens,NCBITaxon,9606,HeLa,EFO,EFO_0001185,,,,,SN1048163792,10,898,CCNE1,,,Pass,Hoechst:DNA; Alexa Fluor 488 phalloidin:actin; mScarlet:fascin; iRFP:nuclear actin chromobody (nAC),36.20775986,-21.1380577,Yes,Yes,compound response across 12 wells,active,active,Nuclear fascin,regulation of protein localization to nucleus,GO_1900180,Nuclear actin,actin filament phenotype,CMPO_0000104
1093688939,O20,Homo sapiens,NCBITaxon,9606,HeLa,EFO,EFO_0001185,,,,,SN1048163792,3.125,898,CCNE1,,,Pass,Hoechst:DNA; Alexa Fluor 488 phalloidin:actin; mScarlet:fascin; iRFP:nuclear actin chromobody (nAC),75.64269257,,Yes,Yes,compound response across 12 wells,active,active,Nuclear fascin,regulation of protein localization to nucleus,GO_1900180,Nuclear actin,actin filament phenotype,CMPO_0000104
1093688939,O21,Homo sapiens,NCBITaxon,9606,HeLa,EFO,EFO_0001185,,,,,SN1048163792,1.25,898,CCNE1,,,Pass,Hoechst:DNA; Alexa Fluor 488 phalloidin:actin; mScarlet:fascin; iRFP:nuclear actin chromobody (nAC),53.50880051,-48.4959068,Yes,Yes,compound response across 12 wells,active,active,Nuclear fascin,regulation of protein localization to nucleus,GO_1900180,Nuclear actin,actin filament phenotype,CMPO_0000104
1093688939,O22,Homo sapiens,NCBITaxon,9606,HeLa,EFO,EFO_0001185,,,,,SN1048163792,0.3,898,CCNE1,,,Pass,Hoechst:DNA; Alexa Fluor 488 phalloidin:actin; mScarlet:fascin; iRFP:nuclear actin chromobody (nAC),14.8920269,-4.15355778,Yes,Yes,compound response across 12 wells,active,active,Nuclear fascin,regulation of protein localization to nucleus,GO_1900180,Nuclear actin,actin filament phenotype,CMPO_0000104
1093688939,O23,Homo sapiens,NCBITaxon,9606,HeLa,EFO,EFO_0001185,,,,,SN1048163792,0.1,898,CCNE1,,,Pass,Hoechst:DNA; Alexa Fluor 488 phalloidin:actin; mScarlet:fascin; iRFP:nuclear actin chromobody (nAC),3.402289629,-2.74864817,Yes,Yes,compound response across 12 wells,active,active,Nuclear fascin,regulation of protein localization to nucleus,GO_1900180,Nuclear actin,actin filament phenotype,CMPO_0000104
1093688939,O24,Homo sapiens,NCBITaxon,9606,HeLa,EFO,EFO_0001185,DMSO,679,IAZDPXIOMUYVGZ-UHFFFAOYSA-N,CS(=O)C,,,,,Neutral Control,,Pass,Hoechst:DNA; Alexa Fluor 488 phalloidin:actin; mScarlet:fascin; iRFP:nuclear actin chromobody (nAC),-5.843496323,-22.7799797,,,,,,,,,,,
1093688939,P1,Homo sapiens,NCBITaxon,9606,HeLa,EFO,EFO_0001185,DMSO,679,IAZDPXIOMUYVGZ-UHFFFAOYSA-N,CS(=O)C,,,,,Neutral Control,,Pass,Hoechst:DNA; Alexa Fluor 488 phalloidin:actin; mScarlet:fascin; iRFP:nuclear actin chromobody (nAC),-4.387917995,15.26089191,,,,,,,,,,,
1093688939,P2,Homo sapiens,NCBITaxon,9606,HeLa,EFO,EFO_0001185,,,,,,,,,Stimulator Control,Leptomycin b blocks nuclear export of fascin,Pass,Hoechst:DNA; Alexa Fluor 488 phalloidin:actin; mScarlet:fascin; iRFP:nuclear actin chromobody (nAC),105.3436584,-0.90861511,,,,,,,,,,,
1093688939,P3,Homo sapiens,NCBITaxon,9606,HeLa,EFO,EFO_0001185,DMSO,679,IAZDPXIOMUYVGZ-UHFFFAOYSA-N,CS(=O)C,,,,,Neutral Control,,Pass,Hoechst:DNA; Alexa Fluor 488 phalloidin:actin; mScarlet:fascin; iRFP:nuclear actin chromobody (nAC),-5.685304642,-1.75838983,,,,,,,,,,,
1093688939,P4,Homo sapiens,NCBITaxon,9606,HeLa,EFO,EFO_0001185,,,,,SN1048163792,0.03,898,CCNE1,,,Pass,Hoechst:DNA; Alexa Fluor 488 phalloidin:actin; mScarlet:fascin; iRFP:nuclear actin chromobody (nAC),11.69481659,3.2694664,Yes,Yes,compound response across 12 wells,active,active,Nuclear fascin,regulation of protein localization to nucleus,GO_1900180,Nuclear actin,actin filament phenotype,CMPO_0000104
1093688939,P5,Homo sapiens,NCBITaxon,9606,HeLa,EFO,EFO_0001185,,,,,SN1048163792,0.0125,898,CCNE1,,,Pass,Hoechst:DNA; Alexa Fluor 488 phalloidin:actin; mScarlet:fascin; iRFP:nuclear actin chromobody (nAC),16.38705063,-33.0044518,Yes,Yes,compound response across 12 wells,active,active,Nuclear fascin,regulation of protein localization to nucleus,GO_1900180,Nuclear actin,actin filament phenotype,CMPO_0000104
1093688939,P6,Homo sapiens,NCBITaxon,9606,HeLa,EFO,EFO_0001185,,,,,SN1048163792,0.003,898,CCNE1,,,Pass,Hoechst:DNA; Alexa Fluor 488 phalloidin:actin; mScarlet:fascin; iRFP:nuclear actin chromobody (nAC),9.995668411,13.92531013,Yes,Yes,compound response across 12 wells,active,active,Nuclear fascin,regulation of protein localization to nucleus,GO_1900180,Nuclear actin,actin filament phenotype,CMPO_0000104
1093688939,P7,Homo sapiens,NCBITaxon,9606,HeLa,EFO,EFO_0001185,,,,,SN1048163792,0.001,898,CCNE1,,,Pass,Hoechst:DNA; Alexa Fluor 488 phalloidin:actin; mScarlet:fascin; iRFP:nuclear actin chromobody (nAC),-1.618951678,-3.7059691,Yes,Yes,compound response across 12 wells,active,active,Nuclear fascin,regulation of protein localization to nucleus,GO_1900180,Nuclear actin,actin filament phenotype,CMPO_0000104
1093688939,P8,Homo sapiens,NCBITaxon,9606,HeLa,EFO,EFO_0001185,,,,,SN1048163792,0.0003,898,CCNE1,,,Pass,Hoechst:DNA; Alexa Fluor 488 phalloidin:actin; mScarlet:fascin; iRFP:nuclear actin chromobody (nAC),9.521636963,0.62699604,Yes,Yes,compound response across 12 wells,active,active,Nuclear fascin,regulation of protein localization to nucleus,GO_1900180,Nuclear actin,actin filament phenotype,CMPO_0000104
1093688939,P9,Homo sapiens,NCBITaxon,9606,HeLa,EFO,EFO_0001185,,,,,SN1048163792,0.00003,898,CCNE1,,,Pass,Hoechst:DNA; Alexa Fluor 488 phalloidin:actin; mScarlet:fascin; iRFP:nuclear actin chromobody (nAC),11.74882412,14.31820583,Yes,Yes,compound response across 12 wells,active,active,Nuclear fascin,regulation of protein localization to nucleus,GO_1900180,Nuclear actin,actin filament phenotype,CMPO_0000104
1093688939,P10,Homo sapiens,NCBITaxon,9606,HeLa,EFO,EFO_0001185,,,,,SN1106277088,30,8325,FZD8,,,Pass,Hoechst:DNA; Alexa Fluor 488 phalloidin:actin; mScarlet:fascin; iRFP:nuclear actin chromobody (nAC),104.7405777,24.06978607,Yes,Yes,compound response across 12 wells,active,inactive,Nuclear fascin,regulation of protein localization to nucleus,GO_1900180,,,
1093688939,P11,Homo sapiens,NCBITaxon,9606,HeLa,EFO,EFO_0001185,,,,,SN1106277088,10,8325,FZD8,,,Pass,Hoechst:DNA; Alexa Fluor 488 phalloidin:actin; mScarlet:fascin; iRFP:nuclear actin chromobody (nAC),94.76914978,,Yes,Yes,compound response across 12 wells,active,inactive,Nuclear fascin,regulation of protein localization to nucleus,GO_1900180,,,
1093688939,P12,Homo sapiens,NCBITaxon,9606,HeLa,EFO,EFO_0001185,,,,,SN1106277088,3.125,8325,FZD8,,,Pass,Hoechst:DNA; Alexa Fluor 488 phalloidin:actin; mScarlet:fascin; iRFP:nuclear actin chromobody (nAC),62.9054985,,Yes,Yes,compound response across 12 wells,active,inactive,Nuclear fascin,regulation of protein localization to nucleus,GO_1900180,,,
1093688939,P13,Homo sapiens,NCBITaxon,9606,HeLa,EFO,EFO_0001185,,,,,SN1106277088,1.25,8325,FZD8,,,Pass,Hoechst:DNA; Alexa Fluor 488 phalloidin:actin; mScarlet:fascin; iRFP:nuclear actin chromobody (nAC),17.26095009,42.28309631,Yes,Yes,compound response across 12 wells,active,inactive,Nuclear fascin,regulation of protein localization to nucleus,GO_1900180,,,
1093688939,P14,Homo sapiens,NCBITaxon,9606,HeLa,EFO,EFO_0001185,,,,,SN1106277088,0.3,8325,FZD8,,,Pass,Hoechst:DNA; Alexa Fluor 488 phalloidin:actin; mScarlet:fascin; iRFP:nuclear actin chromobody (nAC),2.263123751,7.598700523,Yes,Yes,compound response across 12 wells,active,inactive,Nuclear fascin,regulation of protein localization to nucleus,GO_1900180,,,
1093688939,P15,Homo sapiens,NCBITaxon,9606,HeLa,EFO,EFO_0001185,,,,,SN1106277088,0.1,8325,FZD8,,,Pass,Hoechst:DNA; Alexa Fluor 488 phalloidin:actin; mScarlet:fascin; iRFP:nuclear actin chromobody (nAC),-9.915295601,-6.29966927,Yes,Yes,compound response across 12 wells,active,inactive,Nuclear fascin,regulation of protein localization to nucleus,GO_1900180,,,
1093688939,P16,Homo sapiens,NCBITaxon,9606,HeLa,EFO,EFO_0001185,,,,,SN1106277088,0.03,8325,FZD8,,,Pass,Hoechst:DNA; Alexa Fluor 488 phalloidin:actin; mScarlet:fascin; iRFP:nuclear actin chromobody (nAC),9.873912811,27.23283958,Yes,Yes,compound response across 12 wells,active,inactive,Nuclear fascin,regulation of protein localization to nucleus,GO_1900180,,,
1093688939,P17,Homo sapiens,NCBITaxon,9606,HeLa,EFO,EFO_0001185,,,,,SN1106277088,0.0125,8325,FZD8,,,Pass,Hoechst:DNA; Alexa Fluor 488 phalloidin:actin; mScarlet:fascin; iRFP:nuclear actin chromobody (nAC),12.14657784,-23.0853157,Yes,Yes,compound response across 12 wells,active,inactive,Nuclear fascin,regulation of protein localization to nucleus,GO_1900180,,,
1093688939,P18,Homo sapiens,NCBITaxon,9606,HeLa,EFO,EFO_0001185,DMSO,679,IAZDPXIOMUYVGZ-UHFFFAOYSA-N,CS(=O)C,,,,,Neutral Control,,Pass,Hoechst:DNA; Alexa Fluor 488 phalloidin:actin; mScarlet:fascin; iRFP:nuclear actin chromobody (nAC),-5.276100159,12.88306427,,,,,,,,,,,
1093688939,P19,Homo sapiens,NCBITaxon,9606,HeLa,EFO,EFO_0001185,,,,,,,,,Stimulator Control,Leptomycin b blocks nuclear export of fascin,Pass,Hoechst:DNA; Alexa Fluor 488 phalloidin:actin; mScarlet:fascin; iRFP:nuclear actin chromobody (nAC),98.53538513,17.52294159,,,,,,,,,,,
1093688939,P20,Homo sapiens,NCBITaxon,9606,HeLa,EFO,EFO_0001185,DMSO,679,IAZDPXIOMUYVGZ-UHFFFAOYSA-N,CS(=O)C,,,,,Neutral Control,,Pass,Hoechst:DNA; Alexa Fluor 488 phalloidin:actin; mScarlet:fascin; iRFP:nuclear actin chromobody (nAC),4.97797966,11.76611328,,,,,,,,,,,
1093688939,P21,Homo sapiens,NCBITaxon,9606,HeLa,EFO,EFO_0001185,,,,,SN1106277088,0.003,8325,FZD8,,,Pass,Hoechst:DNA; Alexa Fluor 488 phalloidin:actin; mScarlet:fascin; iRFP:nuclear actin chromobody (nAC),16.24290848,-8.06949806,Yes,Yes,compound response across 12 wells,active,inactive,Nuclear fascin,regulation of protein localization to nucleus,GO_1900180,,,
1093688939,P22,Homo sapiens,NCBITaxon,9606,HeLa,EFO,EFO_0001185,,,,,SN1106277088,0.001,8325,FZD8,,,Pass,Hoechst:DNA; Alexa Fluor 488 phalloidin:actin; mScarlet:fascin; iRFP:nuclear actin chromobody (nAC),12.50626659,-14.4307289,Yes,Yes,compound response across 12 wells,active,inactive,Nuclear fascin,regulation of protein localization to nucleus,GO_1900180,,,
1093688939,P23,Homo sapiens,NCBITaxon,9606,HeLa,EFO,EFO_0001185,,,,,SN1106277088,0.0003,8325,FZD8,,,Pass,Hoechst:DNA; Alexa Fluor 488 phalloidin:actin; mScarlet:fascin; iRFP:nuclear actin chromobody (nAC),3.975043535,-12.1677437,Yes,Yes,compound response across 12 wells,active,inactive,Nuclear fascin,regulation of protein localization to nucleus,GO_1900180,,,
1093688939,P24,Homo sapiens,NCBITaxon,9606,HeLa,EFO,EFO_0001185,,,,,SN1106277088,0.00003,8325,FZD8,,,Pass,Hoechst:DNA; Alexa Fluor 488 phalloidin:actin; mScarlet:fascin; iRFP:nuclear actin chromobody (nAC),3.377818108,-3.89422822,Yes,Yes,compound response across 12 wells,active,inactive,Nuclear fascin,regulation of protein localization to nucleus,GO_1900180,,,
1093688946,A1,Homo sapiens,NCBITaxon,9606,HeLa,EFO,EFO_0001185,DMSO,679,IAZDPXIOMUYVGZ-UHFFFAOYSA-N,CS(=O)C,,,,,Neutral Control,,Pass,Hoechst:DNA; Alexa Fluor 488 phalloidin:actin; mScarlet:fascin; iRFP:nuclear actin chromobody (nAC),-10.62389851,-2.60687327,,,,,,,,,,,
1093688946,A2,Homo sapiens,NCBITaxon,9606,HeLa,EFO,EFO_0001185,,,,,,,,,Stimulator Control,Leptomycin b blocks nuclear export of fascin,Pass,Hoechst:DNA; Alexa Fluor 488 phalloidin:actin; mScarlet:fascin; iRFP:nuclear actin chromobody (nAC),98.5497818,-10.6011524,,,,,,,,,,,
1093688946,A3,Homo sapiens,NCBITaxon,9606,HeLa,EFO,EFO_0001185,DMSO,679,IAZDPXIOMUYVGZ-UHFFFAOYSA-N,CS(=O)C,,,,,Neutral Control,,Pass,Hoechst:DNA; Alexa Fluor 488 phalloidin:actin; mScarlet:fascin; iRFP:nuclear actin chromobody (nAC),11.63742161,9.548430443,,,,,,,,,,,
1093688946,A4,Homo sapiens,NCBITaxon,9606,HeLa,EFO,EFO_0001185,,,,,SN1068383166,30,5979,RET,,,Pass,Hoechst:DNA; Alexa Fluor 488 phalloidin:actin; mScarlet:fascin; iRFP:nuclear actin chromobody (nAC),70.41551971,-113.533524,,Yes,compound response across 12 wells,inactive,active,,,,Nuclear actin,actin filament phenotype,CMPO_0000104
1093688946,A5,Homo sapiens,NCBITaxon,9606,HeLa,EFO,EFO_0001185,,,,,SN1068383166,10,5979,RET,,,Pass,Hoechst:DNA; Alexa Fluor 488 phalloidin:actin; mScarlet:fascin; iRFP:nuclear actin chromobody (nAC),81.01779938,-151.740662,,Yes,compound response across 12 wells,inactive,active,,,,Nuclear actin,actin filament phenotype,CMPO_0000104
1093688946,A6,Homo sapiens,NCBITaxon,9606,HeLa,EFO,EFO_0001185,,,,,SN1068383166,3.125,5979,RET,,,Pass,Hoechst:DNA; Alexa Fluor 488 phalloidin:actin; mScarlet:fascin; iRFP:nuclear actin chromobody (nAC),127.786087,32.3767395,,Yes,compound response across 12 wells,inactive,active,,,,Nuclear actin,actin filament phenotype,CMPO_0000104
1093688946,A7,Homo sapiens,NCBITaxon,9606,HeLa,EFO,EFO_0001185,,,,,SN1068383166,1.25,5979,RET,,,Pass,Hoechst:DNA; Alexa Fluor 488 phalloidin:actin; mScarlet:fascin; iRFP:nuclear actin chromobody (nAC),84.14408112,-91.0636978,,Yes,compound response across 12 wells,inactive,active,,,,Nuclear actin,actin filament phenotype,CMPO_0000104
1093688946,A8,Homo sapiens,NCBITaxon,9606,HeLa,EFO,EFO_0001185,,,,,SN1068383166,0.3,5979,RET,,,Pass,Hoechst:DNA; Alexa Fluor 488 phalloidin:actin; mScarlet:fascin; iRFP:nuclear actin chromobody (nAC),23.4908905,-13.2972336,,Yes,compound response across 12 wells,inactive,active,,,,Nuclear actin,actin filament phenotype,CMPO_0000104
1093688946,A9,Homo sapiens,NCBITaxon,9606,HeLa,EFO,EFO_0001185,,,,,SN1068383166,0.1,5979,RET,,,Pass,Hoechst:DNA; Alexa Fluor 488 phalloidin:actin; mScarlet:fascin; iRFP:nuclear actin chromobody (nAC),21.39049339,-6.5319066,,Yes,compound response across 12 wells,inactive,active,,,,Nuclear actin,actin filament phenotype,CMPO_0000104
1093688946,A10,Homo sapiens,NCBITaxon,9606,HeLa,EFO,EFO_0001185,,,,,SN1068383166,0.03,5979,RET,,,Pass,Hoechst:DNA; Alexa Fluor 488 phalloidin:actin; mScarlet:fascin; iRFP:nuclear actin chromobody (nAC),6.217080116,-33.8911781,,Yes,compound response across 12 wells,inactive,active,,,,Nuclear actin,actin filament phenotype,CMPO_0000104
1093688946,A11,Homo sapiens,NCBITaxon,9606,HeLa,EFO,EFO_0001185,,,,,SN1068383166,0.0125,5979,RET,,,Pass,Hoechst:DNA; Alexa Fluor 488 phalloidin:actin; mScarlet:fascin; iRFP:nuclear actin chromobody (nAC),16.76440048,-7.34147549,,Yes,compound response across 12 wells,inactive,active,,,,Nuclear actin,actin filament phenotype,CMPO_0000104
1093688946,A12,Homo sapiens,NCBITaxon,9606,HeLa,EFO,EFO_0001185,DMSO,679,IAZDPXIOMUYVGZ-UHFFFAOYSA-N,CS(=O)C,,,,,Neutral Control,,Pass,Hoechst:DNA; Alexa Fluor 488 phalloidin:actin; mScarlet:fascin; iRFP:nuclear actin chromobody (nAC),-0.279766113,37.41516113,,,,,,,,,,,
1093688946,A13,Homo sapiens,NCBITaxon,9606,HeLa,EFO,EFO_0001185,,,,,,,,,Stimulator Control,Leptomycin b blocks nuclear export of fascin,Pass,Hoechst:DNA; Alexa Fluor 488 phalloidin:actin; mScarlet:fascin; iRFP:nuclear actin chromobody (nAC),88.85701752,-17.3046589,,,,,,,,,,,
1093688946,A14,Homo sapiens,NCBITaxon,9606,HeLa,EFO,EFO_0001185,DMSO,679,IAZDPXIOMUYVGZ-UHFFFAOYSA-N,CS(=O)C,,,,,Neutral Control,,Pass,Hoechst:DNA; Alexa Fluor 488 phalloidin:actin; mScarlet:fascin; iRFP:nuclear actin chromobody (nAC),-0.533648908,11.60506344,,,,,,,,,,,
1093688946,A15,Homo sapiens,NCBITaxon,9606,HeLa,EFO,EFO_0001185,,,,,SN1068383166,0.003,5979,RET,,,Pass,Hoechst:DNA; Alexa Fluor 488 phalloidin:actin; mScarlet:fascin; iRFP:nuclear actin chromobody (nAC),20.4461689,-31.2777386,,Yes,compound response across 12 wells,inactive,active,,,,Nuclear actin,actin filament phenotype,CMPO_0000104
1093688946,A16,Homo sapiens,NCBITaxon,9606,HeLa,EFO,EFO_0001185,,,,,SN1068383166,0.001,5979,RET,,,Pass,Hoechst:DNA; Alexa Fluor 488 phalloidin:actin; mScarlet:fascin; iRFP:nuclear actin chromobody (nAC),11.73553753,-27.2185917,,Yes,compound response across 12 wells,inactive,active,,,,Nuclear actin,actin filament phenotype,CMPO_0000104
1093688946,A17,Homo sapiens,NCBITaxon,9606,HeLa,EFO,EFO_0001185,,,,,SN1068383166,0.0003,5979,RET,,,Pass,Hoechst:DNA; Alexa Fluor 488 phalloidin:actin; mScarlet:fascin; iRFP:nuclear actin chromobody (nAC),10.70388699,-18.3855476,,Yes,compound response across 12 wells,inactive,active,,,,Nuclear actin,actin filament phenotype,CMPO_0000104
1093688946,A18,Homo sapiens,NCBITaxon,9606,HeLa,EFO,EFO_0001185,,,,,SN1068383166,0.00003,5979,RET,,,Pass,Hoechst:DNA; Alexa Fluor 488 phalloidin:actin; mScarlet:fascin; iRFP:nuclear actin chromobody (nAC),11.33664703,-1.6418407,,Yes,compound response across 12 wells,inactive,active,,,,Nuclear actin,actin filament phenotype,CMPO_0000104
1093688946,A19,Homo sapiens,NCBITaxon,9606,HeLa,EFO,EFO_0001185,,,,,SN1065407590,30,142,PARP1,,,Pass,Hoechst:DNA; Alexa Fluor 488 phalloidin:actin; mScarlet:fascin; iRFP:nuclear actin chromobody (nAC),-3.887008905,-13.1562262,,,compound response across 12 wells,inactive,inactive,,,,,,
1093688946,A20,Homo sapiens,NCBITaxon,9606,HeLa,EFO,EFO_0001185,,,,,SN1065407590,10,142,PARP1,,,Pass,Hoechst:DNA; Alexa Fluor 488 phalloidin:actin; mScarlet:fascin; iRFP:nuclear actin chromobody (nAC),8.021968842,58.99074936,,,compound response across 12 wells,inactive,inactive,,,,,,
1093688946,A21,Homo sapiens,NCBITaxon,9606,HeLa,EFO,EFO_0001185,,,,,SN1065407590,3.125,142,PARP1,,,Pass,Hoechst:DNA; Alexa Fluor 488 phalloidin:actin; mScarlet:fascin; iRFP:nuclear actin chromobody (nAC),9.266541481,11.42077065,,,compound response across 12 wells,inactive,inactive,,,,,,
1093688946,A22,Homo sapiens,NCBITaxon,9606,HeLa,EFO,EFO_0001185,,,,,SN1065407590,1.25,142,PARP1,,,Pass,Hoechst:DNA; Alexa Fluor 488 phalloidin:actin; mScarlet:fascin; iRFP:nuclear actin chromobody (nAC),28.37203026,-0.9945572,,,compound response across 12 wells,inactive,inactive,,,,,,
1093688946,A23,Homo sapiens,NCBITaxon,9606,HeLa,EFO,EFO_0001185,DMSO,679,IAZDPXIOMUYVGZ-UHFFFAOYSA-N,CS(=O)C,,,,,Neutral Control,,Pass,Hoechst:DNA; Alexa Fluor 488 phalloidin:actin; mScarlet:fascin; iRFP:nuclear actin chromobody (nAC),8.133003235,-26.7616272,,,,,,,,,,,
1093688946,A24,Homo sapiens,NCBITaxon,9606,HeLa,EFO,EFO_0001185,,,,,,,,,Stimulator Control,Leptomycin b blocks nuclear export of fascin,Pass,Hoechst:DNA; Alexa Fluor 488 phalloidin:actin; mScarlet:fascin; iRFP:nuclear actin chromobody (nAC),99.6452713,23.16936111,,,,,,,,,,,
1093688946,B1,Homo sapiens,NCBITaxon,9606,HeLa,EFO,EFO_0001185,,,,,SN1065407590,0.3,142,PARP1,,,Pass,Hoechst:DNA; Alexa Fluor 488 phalloidin:actin; mScarlet:fascin; iRFP:nuclear actin chromobody (nAC),10.83529568,-7.14083481,,,compound response across 12 wells,inactive,inactive,,,,,,
1093688946,B2,Homo sapiens,NCBITaxon,9606,HeLa,EFO,EFO_0001185,,,,,SN1065407590,0.1,142,PARP1,,,Pass,Hoechst:DNA; Alexa Fluor 488 phalloidin:actin; mScarlet:fascin; iRFP:nuclear actin chromobody (nAC),11.22113132,-7.89823198,,,compound response across 12 wells,inactive,inactive,,,,,,
1093688946,B3,Homo sapiens,NCBITaxon,9606,HeLa,EFO,EFO_0001185,,,,,SN1065407590,0.03,142,PARP1,,,Pass,Hoechst:DNA; Alexa Fluor 488 phalloidin:actin; mScarlet:fascin; iRFP:nuclear actin chromobody (nAC),10.12533855,-27.9590073,,,compound response across 12 wells,inactive,inactive,,,,,,
1093688946,B4,Homo sapiens,NCBITaxon,9606,HeLa,EFO,EFO_0001185,,,,,SN1065407590,0.0125,142,PARP1,,,Pass,Hoechst:DNA; Alexa Fluor 488 phalloidin:actin; mScarlet:fascin; iRFP:nuclear actin chromobody (nAC),0.595180273,-44.2029152,,,compound response across 12 wells,inactive,inactive,,,,,,
1093688946,B5,Homo sapiens,NCBITaxon,9606,HeLa,EFO,EFO_0001185,,,,,SN1065407590,0.003,142,PARP1,,,Pass,Hoechst:DNA; Alexa Fluor 488 phalloidin:actin; mScarlet:fascin; iRFP:nuclear actin chromobody (nAC),9.249109268,-11.0410843,,,compound response across 12 wells,inactive,inactive,,,,,,
1093688946,B6,Homo sapiens,NCBITaxon,9606,HeLa,EFO,EFO_0001185,,,,,SN1065407590,0.001,142,PARP1,,,Pass,Hoechst:DNA; Alexa Fluor 488 phalloidin:actin; mScarlet:fascin; iRFP:nuclear actin chromobody (nAC),9.083532333,-7.81545067,,,compound response across 12 wells,inactive,inactive,,,,,,
1093688946,B7,Homo sapiens,NCBITaxon,9606,HeLa,EFO,EFO_0001185,,,,,SN1065407590,0.0003,142,PARP1,,,Pass,Hoechst:DNA; Alexa Fluor 488 phalloidin:actin; mScarlet:fascin; iRFP:nuclear actin chromobody (nAC),14.18002319,-20.2882862,,,compound response across 12 wells,inactive,inactive,,,,,,
1093688946,B8,Homo sapiens,NCBITaxon,9606,HeLa,EFO,EFO_0001185,,,,,SN1065407590,0.00003,142,PARP1,,,Pass,Hoechst:DNA; Alexa Fluor 488 phalloidin:actin; mScarlet:fascin; iRFP:nuclear actin chromobody (nAC),20.20533943,-7.18475437,,,compound response across 12 wells,inactive,inactive,,,,,,
1093688946,B9,Homo sapiens,NCBITaxon,9606,HeLa,EFO,EFO_0001185,,,,,SN0185717431,30,898,CCNE1,,,Pass,Hoechst:DNA; Alexa Fluor 488 phalloidin:actin; mScarlet:fascin; iRFP:nuclear actin chromobody (nAC),57.08295822,94.33769226,,Yes,compound response across 12 wells,active,active,Nuclear fascin,regulation of protein localization to nucleus,GO_1900180,Nuclear actin,actin filament phenotype,CMPO_0000104
1093688946,B10,Homo sapiens,NCBITaxon,9606,HeLa,EFO,EFO_0001185,,,,,SN0185717431,10,898,CCNE1,,,Pass,Hoechst:DNA; Alexa Fluor 488 phalloidin:actin; mScarlet:fascin; iRFP:nuclear actin chromobody (nAC),91.6688385,,,Yes,compound response across 12 wells,active,active,Nuclear fascin,regulation of protein localization to nucleus,GO_1900180,Nuclear actin,actin filament phenotype,CMPO_0000104
1093688946,B11,Homo sapiens,NCBITaxon,9606,HeLa,EFO,EFO_0001185,,,,,SN0185717431,3.125,898,CCNE1,,,Pass,Hoechst:DNA; Alexa Fluor 488 phalloidin:actin; mScarlet:fascin; iRFP:nuclear actin chromobody (nAC),74.3449173,,,Yes,compound response across 12 wells,active,active,Nuclear fascin,regulation of protein localization to nucleus,GO_1900180,Nuclear actin,actin filament phenotype,CMPO_0000104
1093688946,B12,Homo sapiens,NCBITaxon,9606,HeLa,EFO,EFO_0001185,,,,,SN0185717431,1.25,898,CCNE1,,,Pass,Hoechst:DNA; Alexa Fluor 488 phalloidin:actin; mScarlet:fascin; iRFP:nuclear actin chromobody (nAC),40.19107056,,,Yes,compound response across 12 wells,active,active,Nuclear fascin,regulation of protein localization to nucleus,GO_1900180,Nuclear actin,actin filament phenotype,CMPO_0000104
1093688946,B13,Homo sapiens,NCBITaxon,9606,HeLa,EFO,EFO_0001185,,,,,SN0185717431,0.3,898,CCNE1,,,Pass,Hoechst:DNA; Alexa Fluor 488 phalloidin:actin; mScarlet:fascin; iRFP:nuclear actin chromobody (nAC),18.2539959,-55.6155014,,Yes,compound response across 12 wells,active,active,Nuclear fascin,regulation of protein localization to nucleus,GO_1900180,Nuclear actin,actin filament phenotype,CMPO_0000104
1093688946,B14,Homo sapiens,NCBITaxon,9606,HeLa,EFO,EFO_0001185,,,,,SN0185717431,0.1,898,CCNE1,,,Pass,Hoechst:DNA; Alexa Fluor 488 phalloidin:actin; mScarlet:fascin; iRFP:nuclear actin chromobody (nAC),20.32078171,-45.3338623,,Yes,compound response across 12 wells,active,active,Nuclear fascin,regulation of protein localization to nucleus,GO_1900180,Nuclear actin,actin filament phenotype,CMPO_0000104
1093688946,B15,Homo sapiens,NCBITaxon,9606,HeLa,EFO,EFO_0001185,,,,,SN0185717431,0.03,898,CCNE1,,,Pass,Hoechst:DNA; Alexa Fluor 488 phalloidin:actin; mScarlet:fascin; iRFP:nuclear actin chromobody (nAC),22.18685532,9.854026794,,Yes,compound response across 12 wells,active,active,Nuclear fascin,regulation of protein localization to nucleus,GO_1900180,Nuclear actin,actin filament phenotype,CMPO_0000104
1093688946,B16,Homo sapiens,NCBITaxon,9606,HeLa,EFO,EFO_0001185,,,,,SN0185717431,0.0125,898,CCNE1,,,Pass,Hoechst:DNA; Alexa Fluor 488 phalloidin:actin; mScarlet:fascin; iRFP:nuclear actin chromobody (nAC),8.702390671,-23.9106216,,Yes,compound response across 12 wells,active,active,Nuclear fascin,regulation of protein localization to nucleus,GO_1900180,Nuclear actin,actin filament phenotype,CMPO_0000104
1093688946,B17,Homo sapiens,NCBITaxon,9606,HeLa,EFO,EFO_0001185,,,,,SN0185717431,0.003,898,CCNE1,,,Pass,Hoechst:DNA; Alexa Fluor 488 phalloidin:actin; mScarlet:fascin; iRFP:nuclear actin chromobody (nAC),18.72787857,-1.7733829,,Yes,compound response across 12 wells,active,active,Nuclear fascin,regulation of protein localization to nucleus,GO_1900180,Nuclear actin,actin filament phenotype,CMPO_0000104
1093688946,B18,Homo sapiens,NCBITaxon,9606,HeLa,EFO,EFO_0001185,,,,,SN0185717431,0.001,898,CCNE1,,,Pass,Hoechst:DNA; Alexa Fluor 488 phalloidin:actin; mScarlet:fascin; iRFP:nuclear actin chromobody (nAC),13.37952709,-3.46536994,,Yes,compound response across 12 wells,active,active,Nuclear fascin,regulation of protein localization to nucleus,GO_1900180,Nuclear actin,actin filament phenotype,CMPO_0000104
1093688946,B19,Homo sapiens,NCBITaxon,9606,HeLa,EFO,EFO_0001185,,,,,SN0185717431,0.0003,898,CCNE1,,,Pass,Hoechst:DNA; Alexa Fluor 488 phalloidin:actin; mScarlet:fascin; iRFP:nuclear actin chromobody (nAC),0.514300585,-18.2544289,,Yes,compound response across 12 wells,active,active,Nuclear fascin,regulation of protein localization to nucleus,GO_1900180,Nuclear actin,actin filament phenotype,CMPO_0000104
1093688946,B20,Homo sapiens,NCBITaxon,9606,HeLa,EFO,EFO_0001185,,,,,SN0185717431,0.00003,898,CCNE1,,,Pass,Hoechst:DNA; Alexa Fluor 488 phalloidin:actin; mScarlet:fascin; iRFP:nuclear actin chromobody (nAC),2.738921881,-13.0789928,,Yes,compound response across 12 wells,active,active,Nuclear fascin,regulation of protein localization to nucleus,GO_1900180,Nuclear actin,actin filament phenotype,CMPO_0000104
1093688946,B21,Homo sapiens,NCBITaxon,9606,HeLa,EFO,EFO_0001185,,,,,SN1060324024,30,6714,SRC,,,Pass,Hoechst:DNA; Alexa Fluor 488 phalloidin:actin; mScarlet:fascin; iRFP:nuclear actin chromobody (nAC),36.13666153,-416.210388,,,compound response across 12 wells,inactive,inactive,,,,,,
1093688946,B22,Homo sapiens,NCBITaxon,9606,HeLa,EFO,EFO_0001185,,,,,SN1060324024,10,6714,SRC,,,Pass,Hoechst:DNA; Alexa Fluor 488 phalloidin:actin; mScarlet:fascin; iRFP:nuclear actin chromobody (nAC),57.18668747,-46.7989197,,,compound response across 12 wells,inactive,inactive,,,,,,
1093688946,B23,Homo sapiens,NCBITaxon,9606,HeLa,EFO,EFO_0001185,,,,,SN1060324024,3.125,6714,SRC,,,Pass,Hoechst:DNA; Alexa Fluor 488 phalloidin:actin; mScarlet:fascin; iRFP:nuclear actin chromobody (nAC),38.86449051,-36.6272507,,,compound response across 12 wells,inactive,inactive,,,,,,
1093688946,B24,Homo sapiens,NCBITaxon,9606,HeLa,EFO,EFO_0001185,,,,,SN1060324024,1.25,6714,SRC,,,Pass,Hoechst:DNA; Alexa Fluor 488 phalloidin:actin; mScarlet:fascin; iRFP:nuclear actin chromobody (nAC),30.91518974,-29.1449451,,,compound response across 12 wells,inactive,inactive,,,,,,
1093688946,C1,Homo sapiens,NCBITaxon,9606,HeLa,EFO,EFO_0001185,,,,,SN1060324024,0.3,6714,SRC,,,Pass,Hoechst:DNA; Alexa Fluor 488 phalloidin:actin; mScarlet:fascin; iRFP:nuclear actin chromobody (nAC),8.951096535,-18.3755817,,,compound response across 12 wells,inactive,inactive,,,,,,
1093688946,C2,Homo sapiens,NCBITaxon,9606,HeLa,EFO,EFO_0001185,,,,,SN1060324024,0.1,6714,SRC,,,Pass,Hoechst:DNA; Alexa Fluor 488 phalloidin:actin; mScarlet:fascin; iRFP:nuclear actin chromobody (nAC),16.69965363,-23.1160603,,,compound response across 12 wells,inactive,inactive,,,,,,
1093688946,C3,Homo sapiens,NCBITaxon,9606,HeLa,EFO,EFO_0001185,,,,,SN1060324024,0.03,6714,SRC,,,Pass,Hoechst:DNA; Alexa Fluor 488 phalloidin:actin; mScarlet:fascin; iRFP:nuclear actin chromobody (nAC),9.129759789,-34.1234703,,,compound response across 12 wells,inactive,inactive,,,,,,
1093688946,C4,Homo sapiens,NCBITaxon,9606,HeLa,EFO,EFO_0001185,,,,,SN1060324024,0.0125,6714,SRC,,,Pass,Hoechst:DNA; Alexa Fluor 488 phalloidin:actin; mScarlet:fascin; iRFP:nuclear actin chromobody (nAC),11.49801445,-57.0195198,,,compound response across 12 wells,inactive,inactive,,,,,,
1093688946,C5,Homo sapiens,NCBITaxon,9606,HeLa,EFO,EFO_0001185,DMSO,679,IAZDPXIOMUYVGZ-UHFFFAOYSA-N,CS(=O)C,,,,,Neutral Control,,Pass,Hoechst:DNA; Alexa Fluor 488 phalloidin:actin; mScarlet:fascin; iRFP:nuclear actin chromobody (nAC),8.306172371,-11.8355064,,,,,,,,,,,
1093688946,C6,Homo sapiens,NCBITaxon,9606,HeLa,EFO,EFO_0001185,,,,,,,,,Stimulator Control,Leptomycin b blocks nuclear export of fascin,Pass,Hoechst:DNA; Alexa Fluor 488 phalloidin:actin; mScarlet:fascin; iRFP:nuclear actin chromobody (nAC),108.0834732,11.65343952,,,,,,,,,,,
1093688946,C7,Homo sapiens,NCBITaxon,9606,HeLa,EFO,EFO_0001185,DMSO,679,IAZDPXIOMUYVGZ-UHFFFAOYSA-N,CS(=O)C,,,,,Neutral Control,,Pass,Hoechst:DNA; Alexa Fluor 488 phalloidin:actin; mScarlet:fascin; iRFP:nuclear actin chromobody (nAC),7.895118237,-50.2700615,,,,,,,,,,,
1093688946,C8,Homo sapiens,NCBITaxon,9606,HeLa,EFO,EFO_0001185,,,,,SN1060324024,0.003,6714,SRC,,,Pass,Hoechst:DNA; Alexa Fluor 488 phalloidin:actin; mScarlet:fascin; iRFP:nuclear actin chromobody (nAC),8.975651741,-20.3377304,,,compound response across 12 wells,inactive,inactive,,,,,,
1093688946,C9,Homo sapiens,NCBITaxon,9606,HeLa,EFO,EFO_0001185,,,,,SN1060324024,0.001,6714,SRC,,,Pass,Hoechst:DNA; Alexa Fluor 488 phalloidin:actin; mScarlet:fascin; iRFP:nuclear actin chromobody (nAC),10.81627941,-4.51689529,,,compound response across 12 wells,inactive,inactive,,,,,,
1093688946,C10,Homo sapiens,NCBITaxon,9606,HeLa,EFO,EFO_0001185,,,,,SN1060324024,0.0003,6714,SRC,,,Pass,Hoechst:DNA; Alexa Fluor 488 phalloidin:actin; mScarlet:fascin; iRFP:nuclear actin chromobody (nAC),9.904734612,-8.37283611,,,compound response across 12 wells,inactive,inactive,,,,,,
1093688946,C11,Homo sapiens,NCBITaxon,9606,HeLa,EFO,EFO_0001185,,,,,SN1060324024,0.00003,6714,SRC,,,Pass,Hoechst:DNA; Alexa Fluor 488 phalloidin:actin; mScarlet:fascin; iRFP:nuclear actin chromobody (nAC),16.03695107,-24.8312454,,,compound response across 12 wells,inactive,inactive,,,,,,
1093688946,C12,Homo sapiens,NCBITaxon,9606,HeLa,EFO,EFO_0001185,,,,,SN1047483929,30,904,CCNT1,,,Pass,Hoechst:DNA; Alexa Fluor 488 phalloidin:actin; mScarlet:fascin; iRFP:nuclear actin chromobody (nAC),43.9359436,-299.879822,,,compound response across 12 wells,inactive,inactive,,,,,,
1093688946,C13,Homo sapiens,NCBITaxon,9606,HeLa,EFO,EFO_0001185,,,,,SN1047483929,10,904,CCNT1,,,Pass,Hoechst:DNA; Alexa Fluor 488 phalloidin:actin; mScarlet:fascin; iRFP:nuclear actin chromobody (nAC),28.33446503,-235.916916,,,compound response across 12 wells,inactive,inactive,,,,,,
1093688946,C14,Homo sapiens,NCBITaxon,9606,HeLa,EFO,EFO_0001185,,,,,SN1047483929,3.125,904,CCNT1,,,Pass,Hoechst:DNA; Alexa Fluor 488 phalloidin:actin; mScarlet:fascin; iRFP:nuclear actin chromobody (nAC),41.91748047,-67.5858536,,,compound response across 12 wells,inactive,inactive,,,,,,
1093688946,C15,Homo sapiens,NCBITaxon,9606,HeLa,EFO,EFO_0001185,,,,,SN1047483929,1.25,904,CCNT1,,,Pass,Hoechst:DNA; Alexa Fluor 488 phalloidin:actin; mScarlet:fascin; iRFP:nuclear actin chromobody (nAC),29.51762581,-25.4587631,,,compound response across 12 wells,inactive,inactive,,,,,,
1093688946,C16,Homo sapiens,NCBITaxon,9606,HeLa,EFO,EFO_0001185,DMSO,679,IAZDPXIOMUYVGZ-UHFFFAOYSA-N,CS(=O)C,,,,,Neutral Control,,Pass,Hoechst:DNA; Alexa Fluor 488 phalloidin:actin; mScarlet:fascin; iRFP:nuclear actin chromobody (nAC),-10.04273891,-6.57408476,,,,,,,,,,,
1093688946,C17,Homo sapiens,NCBITaxon,9606,HeLa,EFO,EFO_0001185,,,,,,,,,Stimulator Control,Leptomycin b blocks nuclear export of fascin,Pass,Hoechst:DNA; Alexa Fluor 488 phalloidin:actin; mScarlet:fascin; iRFP:nuclear actin chromobody (nAC),105.0933228,22.00125122,,,,,,,,,,,
1093688946,C18,Homo sapiens,NCBITaxon,9606,HeLa,EFO,EFO_0001185,DMSO,679,IAZDPXIOMUYVGZ-UHFFFAOYSA-N,CS(=O)C,,,,,Neutral Control,,Pass,Hoechst:DNA; Alexa Fluor 488 phalloidin:actin; mScarlet:fascin; iRFP:nuclear actin chromobody (nAC),-1.068807006,21.89232254,,,,,,,,,,,
1093688946,C19,Homo sapiens,NCBITaxon,9606,HeLa,EFO,EFO_0001185,,,,,SN1047483929,0.3,904,CCNT1,,,Pass,Hoechst:DNA; Alexa Fluor 488 phalloidin:actin; mScarlet:fascin; iRFP:nuclear actin chromobody (nAC),16.15400696,-7.61446476,,,compound response across 12 wells,inactive,inactive,,,,,,
1093688946,C20,Homo sapiens,NCBITaxon,9606,HeLa,EFO,EFO_0001185,,,,,SN1047483929,0.1,904,CCNT1,,,Pass,Hoechst:DNA; Alexa Fluor 488 phalloidin:actin; mScarlet:fascin; iRFP:nuclear actin chromobody (nAC),11.36081028,-28.3285427,,,compound response across 12 wells,inactive,inactive,,,,,,
1093688946,C21,Homo sapiens,NCBITaxon,9606,HeLa,EFO,EFO_0001185,,,,,SN1047483929,0.03,904,CCNT1,,,Pass,Hoechst:DNA; Alexa Fluor 488 phalloidin:actin; mScarlet:fascin; iRFP:nuclear actin chromobody (nAC),19.42109871,-38.3974876,,,compound response across 12 wells,inactive,inactive,,,,,,
1093688946,C22,Homo sapiens,NCBITaxon,9606,HeLa,EFO,EFO_0001185,,,,,SN1047483929,0.0125,904,CCNT1,,,Pass,Hoechst:DNA; Alexa Fluor 488 phalloidin:actin; mScarlet:fascin; iRFP:nuclear actin chromobody (nAC),16.71697998,12.44132423,,,compound response across 12 wells,inactive,inactive,,,,,,
1093688946,C23,Homo sapiens,NCBITaxon,9606,HeLa,EFO,EFO_0001185,,,,,SN1047483929,0.003,904,CCNT1,,,Pass,Hoechst:DNA; Alexa Fluor 488 phalloidin:actin; mScarlet:fascin; iRFP:nuclear actin chromobody (nAC),4.885002613,-0.20034038,,,compound response across 12 wells,inactive,inactive,,,,,,
1093688946,C24,Homo sapiens,NCBITaxon,9606,HeLa,EFO,EFO_0001185,,,,,SN1047483929,0.001,904,CCNT1,,,Pass,Hoechst:DNA; Alexa Fluor 488 phalloidin:actin; mScarlet:fascin; iRFP:nuclear actin chromobody (nAC),9.026860237,-6.06099224,,,compound response across 12 wells,inactive,inactive,,,,,,
1093688946,D1,Homo sapiens,NCBITaxon,9606,HeLa,EFO,EFO_0001185,,,,,SN1047483929,0.0003,904,CCNT1,,,Pass,Hoechst:DNA; Alexa Fluor 488 phalloidin:actin; mScarlet:fascin; iRFP:nuclear actin chromobody (nAC),20.54185295,-34.540287,,,compound response across 12 wells,inactive,inactive,,,,,,
1093688946,D2,Homo sapiens,NCBITaxon,9606,HeLa,EFO,EFO_0001185,,,,,SN1047483929,0.00003,904,CCNT1,,,Pass,Hoechst:DNA; Alexa Fluor 488 phalloidin:actin; mScarlet:fascin; iRFP:nuclear actin chromobody (nAC),23.43770599,-12.8577919,,,compound response across 12 wells,inactive,inactive,,,,,,
1093688946,D3,Homo sapiens,NCBITaxon,9606,HeLa,EFO,EFO_0001185,,,,,SN1047339344,30,196,AHR,,,Pass,Hoechst:DNA; Alexa Fluor 488 phalloidin:actin; mScarlet:fascin; iRFP:nuclear actin chromobody (nAC),19.33377457,61.37620544,,,compound response across 12 wells,inactive,inactive,,,,,,
1093688946,D4,Homo sapiens,NCBITaxon,9606,HeLa,EFO,EFO_0001185,,,,,SN1047339344,10,196,AHR,,,Pass,Hoechst:DNA; Alexa Fluor 488 phalloidin:actin; mScarlet:fascin; iRFP:nuclear actin chromobody (nAC),1.484298348,24.21279716,,,compound response across 12 wells,inactive,inactive,,,,,,
1093688946,D5,Homo sapiens,NCBITaxon,9606,HeLa,EFO,EFO_0001185,,,,,SN1047339344,3.125,196,AHR,,,Pass,Hoechst:DNA; Alexa Fluor 488 phalloidin:actin; mScarlet:fascin; iRFP:nuclear actin chromobody (nAC),-4.416401863,-0.11717498,,,compound response across 12 wells,inactive,inactive,,,,,,
1093688946,D6,Homo sapiens,NCBITaxon,9606,HeLa,EFO,EFO_0001185,,,,,SN1047339344,1.25,196,AHR,,,Pass,Hoechst:DNA; Alexa Fluor 488 phalloidin:actin; mScarlet:fascin; iRFP:nuclear actin chromobody (nAC),-6.297039032,9.548196793,,,compound response across 12 wells,inactive,inactive,,,,,,
1093688946,D7,Homo sapiens,NCBITaxon,9606,HeLa,EFO,EFO_0001185,,,,,SN1047339344,0.3,196,AHR,,,Pass,Hoechst:DNA; Alexa Fluor 488 phalloidin:actin; mScarlet:fascin; iRFP:nuclear actin chromobody (nAC),3.142007113,-13.241807,,,compound response across 12 wells,inactive,inactive,,,,,,
1093688946,D8,Homo sapiens,NCBITaxon,9606,HeLa,EFO,EFO_0001185,,,,,SN1047339344,0.1,196,AHR,,,Pass,Hoechst:DNA; Alexa Fluor 488 phalloidin:actin; mScarlet:fascin; iRFP:nuclear actin chromobody (nAC),5.782119751,8.178811073,,,compound response across 12 wells,inactive,inactive,,,,,,
1093688946,D9,Homo sapiens,NCBITaxon,9606,HeLa,EFO,EFO_0001185,,,,,SN1047339344,0.03,196,AHR,,,Pass,Hoechst:DNA; Alexa Fluor 488 phalloidin:actin; mScarlet:fascin; iRFP:nuclear actin chromobody (nAC),21.99492645,-17.4689198,,,compound response across 12 wells,inactive,inactive,,,,,,
1093688946,D10,Homo sapiens,NCBITaxon,9606,HeLa,EFO,EFO_0001185,,,,,SN1047339344,0.0125,196,AHR,,,Pass,Hoechst:DNA; Alexa Fluor 488 phalloidin:actin; mScarlet:fascin; iRFP:nuclear actin chromobody (nAC),14.38312054,-6.06280613,,,compound response across 12 wells,inactive,inactive,,,,,,
1093688946,D11,Homo sapiens,NCBITaxon,9606,HeLa,EFO,EFO_0001185,,,,,SN1047339344,0.003,196,AHR,,,Pass,Hoechst:DNA; Alexa Fluor 488 phalloidin:actin; mScarlet:fascin; iRFP:nuclear actin chromobody (nAC),11.25241756,7.920901299,,,compound response across 12 wells,inactive,inactive,,,,,,
1093688946,D12,Homo sapiens,NCBITaxon,9606,HeLa,EFO,EFO_0001185,,,,,SN1047339344,0.001,196,AHR,,,Pass,Hoechst:DNA; Alexa Fluor 488 phalloidin:actin; mScarlet:fascin; iRFP:nuclear actin chromobody (nAC),17.39590645,-5.0642314,,,compound response across 12 wells,inactive,inactive,,,,,,
1093688946,D13,Homo sapiens,NCBITaxon,9606,HeLa,EFO,EFO_0001185,,,,,SN1047339344,0.0003,196,AHR,,,Pass,Hoechst:DNA; Alexa Fluor 488 phalloidin:actin; mScarlet:fascin; iRFP:nuclear actin chromobody (nAC),11.23767185,-52.2487984,,,compound response across 12 wells,inactive,inactive,,,,,,
1093688946,D14,Homo sapiens,NCBITaxon,9606,HeLa,EFO,EFO_0001185,,,,,SN1047339344,0.00003,196,AHR,,,Pass,Hoechst:DNA; Alexa Fluor 488 phalloidin:actin; mScarlet:fascin; iRFP:nuclear actin chromobody (nAC),10.30126953,-7.47455931,,,compound response across 12 wells,inactive,inactive,,,,,,
1093688946,D15,Homo sapiens,NCBITaxon,9606,HeLa,EFO,EFO_0001185,,,,,SN1059521883,30,1453,CSNK1D,,,Pass,Hoechst:DNA; Alexa Fluor 488 phalloidin:actin; mScarlet:fascin; iRFP:nuclear actin chromobody (nAC),13.22308064,91.46807098,,,compound response across 12 wells,inactive,inactive,,,,,,
1093688946,D16,Homo sapiens,NCBITaxon,9606,HeLa,EFO,EFO_0001185,,,,,SN1059521883,10,1453,CSNK1D,,,Pass,Hoechst:DNA; Alexa Fluor 488 phalloidin:actin; mScarlet:fascin; iRFP:nuclear actin chromobody (nAC),-17.28107071,81.40992737,,,compound response across 12 wells,inactive,inactive,,,,,,
1093688946,D17,Homo sapiens,NCBITaxon,9606,HeLa,EFO,EFO_0001185,,,,,SN1059521883,3.125,1453,CSNK1D,,,Pass,Hoechst:DNA; Alexa Fluor 488 phalloidin:actin; mScarlet:fascin; iRFP:nuclear actin chromobody (nAC),18.28004456,66.41809082,,,compound response across 12 wells,inactive,inactive,,,,,,
1093688946,D18,Homo sapiens,NCBITaxon,9606,HeLa,EFO,EFO_0001185,,,,,SN1059521883,1.25,1453,CSNK1D,,,Pass,Hoechst:DNA; Alexa Fluor 488 phalloidin:actin; mScarlet:fascin; iRFP:nuclear actin chromobody (nAC),12.84009743,-7.6426425,,,compound response across 12 wells,inactive,inactive,,,,,,
1093688946,D19,Homo sapiens,NCBITaxon,9606,HeLa,EFO,EFO_0001185,,,,,SN1059521883,0.3,1453,CSNK1D,,,Pass,Hoechst:DNA; Alexa Fluor 488 phalloidin:actin; mScarlet:fascin; iRFP:nuclear actin chromobody (nAC),22.87160873,-16.6206455,,,compound response across 12 wells,inactive,inactive,,,,,,
1093688946,D20,Homo sapiens,NCBITaxon,9606,HeLa,EFO,EFO_0001185,,,,,SN1059521883,0.1,1453,CSNK1D,,,Pass,Hoechst:DNA; Alexa Fluor 488 phalloidin:actin; mScarlet:fascin; iRFP:nuclear actin chromobody (nAC),19.25687981,-23.4070721,,,compound response across 12 wells,inactive,inactive,,,,,,
1093688946,D21,Homo sapiens,NCBITaxon,9606,HeLa,EFO,EFO_0001185,,,,,SN1059521883,0.03,1453,CSNK1D,,,Pass,Hoechst:DNA; Alexa Fluor 488 phalloidin:actin; mScarlet:fascin; iRFP:nuclear actin chromobody (nAC),8.682076454,-22.5835705,,,compound response across 12 wells,inactive,inactive,,,,,,
1093688946,D22,Homo sapiens,NCBITaxon,9606,HeLa,EFO,EFO_0001185,,,,,SN1059521883,0.0125,1453,CSNK1D,,,Pass,Hoechst:DNA; Alexa Fluor 488 phalloidin:actin; mScarlet:fascin; iRFP:nuclear actin chromobody (nAC),10.16486549,-8.85402775,,,compound response across 12 wells,inactive,inactive,,,,,,
1093688946,D23,Homo sapiens,NCBITaxon,9606,HeLa,EFO,EFO_0001185,,,,,SN1059521883,0.003,1453,CSNK1D,,,Pass,Hoechst:DNA; Alexa Fluor 488 phalloidin:actin; mScarlet:fascin; iRFP:nuclear actin chromobody (nAC),6.169041157,-9.55592537,,,compound response across 12 wells,inactive,inactive,,,,,,
1093688946,D24,Homo sapiens,NCBITaxon,9606,HeLa,EFO,EFO_0001185,,,,,SN1059521883,0.001,1453,CSNK1D,,,Pass,Hoechst:DNA; Alexa Fluor 488 phalloidin:actin; mScarlet:fascin; iRFP:nuclear actin chromobody (nAC),19.30049515,1.679200053,,,compound response across 12 wells,inactive,inactive,,,,,,
1093688946,E1,Homo sapiens,NCBITaxon,9606,HeLa,EFO,EFO_0001185,,,,,SN1059521883,0.0003,1453,CSNK1D,,,Pass,Hoechst:DNA; Alexa Fluor 488 phalloidin:actin; mScarlet:fascin; iRFP:nuclear actin chromobody (nAC),10.03369808,-41.3416138,,,compound response across 12 wells,inactive,inactive,,,,,,
1093688946,E2,Homo sapiens,NCBITaxon,9606,HeLa,EFO,EFO_0001185,,,,,SN1059521883,0.00003,1453,CSNK1D,,,Pass,Hoechst:DNA; Alexa Fluor 488 phalloidin:actin; mScarlet:fascin; iRFP:nuclear actin chromobody (nAC),6.079241753,10.43837738,,,compound response across 12 wells,inactive,inactive,,,,,,
1093688946,E3,Homo sapiens,NCBITaxon,9606,HeLa,EFO,EFO_0001185,,,,,SN0014898626,30,2554,GABRA1,,,Pass,Hoechst:DNA; Alexa Fluor 488 phalloidin:actin; mScarlet:fascin; iRFP:nuclear actin chromobody (nAC),29.43535805,-248.052551,,,compound response across 12 wells,inactive,inactive,,,,,,
1093688946,E4,Homo sapiens,NCBITaxon,9606,HeLa,EFO,EFO_0001185,,,,,SN0014898626,10,2554,GABRA1,,,Pass,Hoechst:DNA; Alexa Fluor 488 phalloidin:actin; mScarlet:fascin; iRFP:nuclear actin chromobody (nAC),29.15169907,1.125498533,,,compound response across 12 wells,inactive,inactive,,,,,,
1093688946,E5,Homo sapiens,NCBITaxon,9606,HeLa,EFO,EFO_0001185,,,,,SN0014898626,3.125,2554,GABRA1,,,Pass,Hoechst:DNA; Alexa Fluor 488 phalloidin:actin; mScarlet:fascin; iRFP:nuclear actin chromobody (nAC),26.43488693,-18.9395714,,,compound response across 12 wells,inactive,inactive,,,,,,
1093688946,E6,Homo sapiens,NCBITaxon,9606,HeLa,EFO,EFO_0001185,,,,,SN0014898626,1.25,2554,GABRA1,,,Pass,Hoechst:DNA; Alexa Fluor 488 phalloidin:actin; mScarlet:fascin; iRFP:nuclear actin chromobody (nAC),25.40901756,-52.6766815,,,compound response across 12 wells,inactive,inactive,,,,,,
1093688946,E7,Homo sapiens,NCBITaxon,9606,HeLa,EFO,EFO_0001185,,,,,SN0014898626,0.3,2554,GABRA1,,,Pass,Hoechst:DNA; Alexa Fluor 488 phalloidin:actin; mScarlet:fascin; iRFP:nuclear actin chromobody (nAC),17.4740696,-33.3293228,,,compound response across 12 wells,inactive,inactive,,,,,,
1093688946,E8,Homo sapiens,NCBITaxon,9606,HeLa,EFO,EFO_0001185,,,,,SN0014898626,0.1,2554,GABRA1,,,Pass,Hoechst:DNA; Alexa Fluor 488 phalloidin:actin; mScarlet:fascin; iRFP:nuclear actin chromobody (nAC),0.941880763,12.03595829,,,compound response across 12 wells,inactive,inactive,,,,,,
1093688946,E9,Homo sapiens,NCBITaxon,9606,HeLa,EFO,EFO_0001185,DMSO,679,IAZDPXIOMUYVGZ-UHFFFAOYSA-N,CS(=O)C,,,,,Neutral Control,,Pass,Hoechst:DNA; Alexa Fluor 488 phalloidin:actin; mScarlet:fascin; iRFP:nuclear actin chromobody (nAC),1.459848762,22.2965641,,,,,,,,,,,
1093688946,E10,Homo sapiens,NCBITaxon,9606,HeLa,EFO,EFO_0001185,,,,,,,,,Stimulator Control,Leptomycin b blocks nuclear export of fascin,Pass,Hoechst:DNA; Alexa Fluor 488 phalloidin:actin; mScarlet:fascin; iRFP:nuclear actin chromobody (nAC),100.3546982,0.614130855,,,,,,,,,,,
1093688946,E11,Homo sapiens,NCBITaxon,9606,HeLa,EFO,EFO_0001185,DMSO,679,IAZDPXIOMUYVGZ-UHFFFAOYSA-N,CS(=O)C,,,,,Neutral Control,,Pass,Hoechst:DNA; Alexa Fluor 488 phalloidin:actin; mScarlet:fascin; iRFP:nuclear actin chromobody (nAC),5.532010078,2.079413414,,,,,,,,,,,
1093688946,E12,Homo sapiens,NCBITaxon,9606,HeLa,EFO,EFO_0001185,,,,,SN0014898626,0.03,2554,GABRA1,,,Pass,Hoechst:DNA; Alexa Fluor 488 phalloidin:actin; mScarlet:fascin; iRFP:nuclear actin chromobody (nAC),11.59406185,-4.78328514,,,compound response across 12 wells,inactive,inactive,,,,,,
1093688946,E13,Homo sapiens,NCBITaxon,9606,HeLa,EFO,EFO_0001185,,,,,SN0014898626,0.0125,2554,GABRA1,,,Pass,Hoechst:DNA; Alexa Fluor 488 phalloidin:actin; mScarlet:fascin; iRFP:nuclear actin chromobody (nAC),8.303275108,1.177981853,,,compound response across 12 wells,inactive,inactive,,,,,,
1093688946,E14,Homo sapiens,NCBITaxon,9606,HeLa,EFO,EFO_0001185,,,,,SN0014898626,0.003,2554,GABRA1,,,Pass,Hoechst:DNA; Alexa Fluor 488 phalloidin:actin; mScarlet:fascin; iRFP:nuclear actin chromobody (nAC),11.2526741,-35.0223808,,,compound response across 12 wells,inactive,inactive,,,,,,
1093688946,E15,Homo sapiens,NCBITaxon,9606,HeLa,EFO,EFO_0001185,,,,,SN0014898626,0.001,2554,GABRA1,,,Pass,Hoechst:DNA; Alexa Fluor 488 phalloidin:actin; mScarlet:fascin; iRFP:nuclear actin chromobody (nAC),8.237698555,-2.84805632,,,compound response across 12 wells,inactive,inactive,,,,,,
1093688946,E16,Homo sapiens,NCBITaxon,9606,HeLa,EFO,EFO_0001185,,,,,SN0014898626,0.0003,2554,GABRA1,,,Pass,Hoechst:DNA; Alexa Fluor 488 phalloidin:actin; mScarlet:fascin; iRFP:nuclear actin chromobody (nAC),23.19331551,3.911522865,,,compound response across 12 wells,inactive,inactive,,,,,,
1093688946,E17,Homo sapiens,NCBITaxon,9606,HeLa,EFO,EFO_0001185,,,,,SN0014898626,0.00003,2554,GABRA1,,,Pass,Hoechst:DNA; Alexa Fluor 488 phalloidin:actin; mScarlet:fascin; iRFP:nuclear actin chromobody (nAC),2.875673294,-19.6252499,,,compound response across 12 wells,inactive,inactive,,,,,,
1093688946,E18,Homo sapiens,NCBITaxon,9606,HeLa,EFO,EFO_0001185,,,,,SN0036444631,30,4306,NR3C2,,,Pass,Hoechst:DNA; Alexa Fluor 488 phalloidin:actin; mScarlet:fascin; iRFP:nuclear actin chromobody (nAC),2.265989304,-15.2934313,,,compound response across 12 wells,inactive,inactive,,,,,,
1093688946,E19,Homo sapiens,NCBITaxon,9606,HeLa,EFO,EFO_0001185,,,,,SN0036444631,10,4306,NR3C2,,,Pass,Hoechst:DNA; Alexa Fluor 488 phalloidin:actin; mScarlet:fascin; iRFP:nuclear actin chromobody (nAC),17.24339867,-13.4386253,,,compound response across 12 wells,inactive,inactive,,,,,,
1093688946,E20,Homo sapiens,NCBITaxon,9606,HeLa,EFO,EFO_0001185,DMSO,679,IAZDPXIOMUYVGZ-UHFFFAOYSA-N,CS(=O)C,,,,,Neutral Control,,Pass,Hoechst:DNA; Alexa Fluor 488 phalloidin:actin; mScarlet:fascin; iRFP:nuclear actin chromobody (nAC),-3.556109905,-49.3260841,,,,,,,,,,,
1093688946,E21,Homo sapiens,NCBITaxon,9606,HeLa,EFO,EFO_0001185,,,,,,,,,Stimulator Control,Leptomycin b blocks nuclear export of fascin,Pass,Hoechst:DNA; Alexa Fluor 488 phalloidin:actin; mScarlet:fascin; iRFP:nuclear actin chromobody (nAC),99.30774689,10.26003838,,,,,,,,,,,
1093688946,E22,Homo sapiens,NCBITaxon,9606,HeLa,EFO,EFO_0001185,DMSO,679,IAZDPXIOMUYVGZ-UHFFFAOYSA-N,CS(=O)C,,,,,Neutral Control,,Pass,Hoechst:DNA; Alexa Fluor 488 phalloidin:actin; mScarlet:fascin; iRFP:nuclear actin chromobody (nAC),1.205075502,-22.747057,,,,,,,,,,,
1093688946,E23,Homo sapiens,NCBITaxon,9606,HeLa,EFO,EFO_0001185,,,,,SN0036444631,3.125,4306,NR3C2,,,Pass,Hoechst:DNA; Alexa Fluor 488 phalloidin:actin; mScarlet:fascin; iRFP:nuclear actin chromobody (nAC),22.33291817,-13.0387735,,,compound response across 12 wells,inactive,inactive,,,,,,
1093688946,E24,Homo sapiens,NCBITaxon,9606,HeLa,EFO,EFO_0001185,,,,,SN0036444631,1.25,4306,NR3C2,,,Pass,Hoechst:DNA; Alexa Fluor 488 phalloidin:actin; mScarlet:fascin; iRFP:nuclear actin chromobody (nAC),6.907100201,20.84877586,,,compound response across 12 wells,inactive,inactive,,,,,,
1093688946,F1,Homo sapiens,NCBITaxon,9606,HeLa,EFO,EFO_0001185,,,,,SN0036444631,0.3,4306,NR3C2,,,Pass,Hoechst:DNA; Alexa Fluor 488 phalloidin:actin; mScarlet:fascin; iRFP:nuclear actin chromobody (nAC),9.836985588,-27.5527287,,,compound response across 12 wells,inactive,inactive,,,,,,
1093688946,F2,Homo sapiens,NCBITaxon,9606,HeLa,EFO,EFO_0001185,,,,,SN0036444631,0.1,4306,NR3C2,,,Pass,Hoechst:DNA; Alexa Fluor 488 phalloidin:actin; mScarlet:fascin; iRFP:nuclear actin chromobody (nAC),4.430331707,-13.0751476,,,compound response across 12 wells,inactive,inactive,,,,,,
1093688946,F3,Homo sapiens,NCBITaxon,9606,HeLa,EFO,EFO_0001185,,,,,SN0036444631,0.03,4306,NR3C2,,,Pass,Hoechst:DNA; Alexa Fluor 488 phalloidin:actin; mScarlet:fascin; iRFP:nuclear actin chromobody (nAC),1.596041799,-7.91113567,,,compound response across 12 wells,inactive,inactive,,,,,,
1093688946,F4,Homo sapiens,NCBITaxon,9606,HeLa,EFO,EFO_0001185,,,,,SN0036444631,0.0125,4306,NR3C2,,,Pass,Hoechst:DNA; Alexa Fluor 488 phalloidin:actin; mScarlet:fascin; iRFP:nuclear actin chromobody (nAC),9.803842545,-27.4872684,,,compound response across 12 wells,inactive,inactive,,,,,,
1093688946,F5,Homo sapiens,NCBITaxon,9606,HeLa,EFO,EFO_0001185,,,,,SN0036444631,0.003,4306,NR3C2,,,Pass,Hoechst:DNA; Alexa Fluor 488 phalloidin:actin; mScarlet:fascin; iRFP:nuclear actin chromobody (nAC),9.035990715,-5.53503466,,,compound response across 12 wells,inactive,inactive,,,,,,
1093688946,F6,Homo sapiens,NCBITaxon,9606,HeLa,EFO,EFO_0001185,,,,,SN0036444631,0.001,4306,NR3C2,,,Pass,Hoechst:DNA; Alexa Fluor 488 phalloidin:actin; mScarlet:fascin; iRFP:nuclear actin chromobody (nAC),5.193730831,-48.5675888,,,compound response across 12 wells,inactive,inactive,,,,,,
1093688946,F7,Homo sapiens,NCBITaxon,9606,HeLa,EFO,EFO_0001185,,,,,SN0036444631,0.0003,4306,NR3C2,,,Pass,Hoechst:DNA; Alexa Fluor 488 phalloidin:actin; mScarlet:fascin; iRFP:nuclear actin chromobody (nAC),-4.070923805,-13.747159,,,compound response across 12 wells,inactive,inactive,,,,,,
1093688946,F8,Homo sapiens,NCBITaxon,9606,HeLa,EFO,EFO_0001185,,,,,SN0036444631,0.00003,4306,NR3C2,,,Pass,Hoechst:DNA; Alexa Fluor 488 phalloidin:actin; mScarlet:fascin; iRFP:nuclear actin chromobody (nAC),15.09537125,-29.993021,,,compound response across 12 wells,inactive,inactive,,,,,,
1093688946,F9,Homo sapiens,NCBITaxon,9606,HeLa,EFO,EFO_0001185,,,,,SN1058539184,30,23396,PIP5K1C,,,Pass,Hoechst:DNA; Alexa Fluor 488 phalloidin:actin; mScarlet:fascin; iRFP:nuclear actin chromobody (nAC),11.91789722,9.607112885,,,compound response across 12 wells,inactive,inactive,,,,,,
1093688946,F10,Homo sapiens,NCBITaxon,9606,HeLa,EFO,EFO_0001185,,,,,SN1058539184,10,23396,PIP5K1C,,,Pass,Hoechst:DNA; Alexa Fluor 488 phalloidin:actin; mScarlet:fascin; iRFP:nuclear actin chromobody (nAC),16.3407135,26.7794838,,,compound response across 12 wells,inactive,inactive,,,,,,
1093688946,F11,Homo sapiens,NCBITaxon,9606,HeLa,EFO,EFO_0001185,,,,,SN1058539184,3.125,23396,PIP5K1C,,,Pass,Hoechst:DNA; Alexa Fluor 488 phalloidin:actin; mScarlet:fascin; iRFP:nuclear actin chromobody (nAC),17.57046509,22.60385323,,,compound response across 12 wells,inactive,inactive,,,,,,
1093688946,F12,Homo sapiens,NCBITaxon,9606,HeLa,EFO,EFO_0001185,,,,,SN1058539184,1.25,23396,PIP5K1C,,,Pass,Hoechst:DNA; Alexa Fluor 488 phalloidin:actin; mScarlet:fascin; iRFP:nuclear actin chromobody (nAC),-0.91400528,6.117181301,,,compound response across 12 wells,inactive,inactive,,,,,,
1093688946,F13,Homo sapiens,NCBITaxon,9606,HeLa,EFO,EFO_0001185,,,,,SN1058539184,0.3,23396,PIP5K1C,,,Pass,Hoechst:DNA; Alexa Fluor 488 phalloidin:actin; mScarlet:fascin; iRFP:nuclear actin chromobody (nAC),0.149745882,-31.7019615,,,compound response across 12 wells,inactive,inactive,,,,,,
1093688946,F14,Homo sapiens,NCBITaxon,9606,HeLa,EFO,EFO_0001185,,,,,SN1058539184,0.1,23396,PIP5K1C,,,Pass,Hoechst:DNA; Alexa Fluor 488 phalloidin:actin; mScarlet:fascin; iRFP:nuclear actin chromobody (nAC),10.89402008,2.05233717,,,compound response across 12 wells,inactive,inactive,,,,,,
1093688946,F15,Homo sapiens,NCBITaxon,9606,HeLa,EFO,EFO_0001185,,,,,SN1058539184,0.03,23396,PIP5K1C,,,Pass,Hoechst:DNA; Alexa Fluor 488 phalloidin:actin; mScarlet:fascin; iRFP:nuclear actin chromobody (nAC),9.993160248,9.450162888,,,compound response across 12 wells,inactive,inactive,,,,,,
1093688946,F16,Homo sapiens,NCBITaxon,9606,HeLa,EFO,EFO_0001185,,,,,SN1058539184,0.0125,23396,PIP5K1C,,,Pass,Hoechst:DNA; Alexa Fluor 488 phalloidin:actin; mScarlet:fascin; iRFP:nuclear actin chromobody (nAC),17.12785339,5.608150482,,,compound response across 12 wells,inactive,inactive,,,,,,
1093688946,F17,Homo sapiens,NCBITaxon,9606,HeLa,EFO,EFO_0001185,,,,,SN1058539184,0.003,23396,PIP5K1C,,,Pass,Hoechst:DNA; Alexa Fluor 488 phalloidin:actin; mScarlet:fascin; iRFP:nuclear actin chromobody (nAC),6.811611176,-33.1375122,,,compound response across 12 wells,inactive,inactive,,,,,,
1093688946,F18,Homo sapiens,NCBITaxon,9606,HeLa,EFO,EFO_0001185,,,,,SN1058539184,0.001,23396,PIP5K1C,,,Pass,Hoechst:DNA; Alexa Fluor 488 phalloidin:actin; mScarlet:fascin; iRFP:nuclear actin chromobody (nAC),6.706116199,-25.4874706,,,compound response across 12 wells,inactive,inactive,,,,,,
1093688946,F19,Homo sapiens,NCBITaxon,9606,HeLa,EFO,EFO_0001185,,,,,SN1058539184,0.0003,23396,PIP5K1C,,,Pass,Hoechst:DNA; Alexa Fluor 488 phalloidin:actin; mScarlet:fascin; iRFP:nuclear actin chromobody (nAC),8.140503883,-27.3308372,,,compound response across 12 wells,inactive,inactive,,,,,,
1093688946,F20,Homo sapiens,NCBITaxon,9606,HeLa,EFO,EFO_0001185,,,,,SN1058539184,0.00003,23396,PIP5K1C,,,Pass,Hoechst:DNA; Alexa Fluor 488 phalloidin:actin; mScarlet:fascin; iRFP:nuclear actin chromobody (nAC),20.92654228,-12.2355642,,,compound response across 12 wells,inactive,inactive,,,,,,
1093688946,F21,Homo sapiens,NCBITaxon,9606,HeLa,EFO,EFO_0001185,,,,,SN1063659702,30,367,AR,,,Pass,Hoechst:DNA; Alexa Fluor 488 phalloidin:actin; mScarlet:fascin; iRFP:nuclear actin chromobody (nAC),49.54455948,-25.1047192,Yes,Yes,compound response across 12 wells,active,inactive,Nuclear fascin,regulation of protein localization to nucleus,GO_1900180,,,
1093688946,F22,Homo sapiens,NCBITaxon,9606,HeLa,EFO,EFO_0001185,,,,,SN1063659702,10,367,AR,,,Pass,Hoechst:DNA; Alexa Fluor 488 phalloidin:actin; mScarlet:fascin; iRFP:nuclear actin chromobody (nAC),45.35519409,-61.4294624,Yes,Yes,compound response across 12 wells,active,inactive,Nuclear fascin,regulation of protein localization to nucleus,GO_1900180,,,
1093688946,F23,Homo sapiens,NCBITaxon,9606,HeLa,EFO,EFO_0001185,,,,,SN1063659702,3.125,367,AR,,,Pass,Hoechst:DNA; Alexa Fluor 488 phalloidin:actin; mScarlet:fascin; iRFP:nuclear actin chromobody (nAC),22.86683846,-35.5688591,Yes,Yes,compound response across 12 wells,active,inactive,Nuclear fascin,regulation of protein localization to nucleus,GO_1900180,,,
1093688946,F24,Homo sapiens,NCBITaxon,9606,HeLa,EFO,EFO_0001185,,,,,SN1063659702,1.25,367,AR,,,Pass,Hoechst:DNA; Alexa Fluor 488 phalloidin:actin; mScarlet:fascin; iRFP:nuclear actin chromobody (nAC),11.96186161,-26.6789341,Yes,Yes,compound response across 12 wells,active,inactive,Nuclear fascin,regulation of protein localization to nucleus,GO_1900180,,,
1093688946,G1,Homo sapiens,NCBITaxon,9606,HeLa,EFO,EFO_0001185,,,,,SN1063659702,0.3,367,AR,,,Pass,Hoechst:DNA; Alexa Fluor 488 phalloidin:actin; mScarlet:fascin; iRFP:nuclear actin chromobody (nAC),6.353559971,-101.563492,Yes,Yes,compound response across 12 wells,active,inactive,Nuclear fascin,regulation of protein localization to nucleus,GO_1900180,,,
1093688946,G2,Homo sapiens,NCBITaxon,9606,HeLa,EFO,EFO_0001185,,,,,SN1063659702,0.1,367,AR,,,Pass,Hoechst:DNA; Alexa Fluor 488 phalloidin:actin; mScarlet:fascin; iRFP:nuclear actin chromobody (nAC),5.279998779,-80.1300964,Yes,Yes,compound response across 12 wells,active,inactive,Nuclear fascin,regulation of protein localization to nucleus,GO_1900180,,,
1093688946,G3,Homo sapiens,NCBITaxon,9606,HeLa,EFO,EFO_0001185,,,,,SN1063659702,0.03,367,AR,,,Pass,Hoechst:DNA; Alexa Fluor 488 phalloidin:actin; mScarlet:fascin; iRFP:nuclear actin chromobody (nAC),22.91204071,-24.2728691,Yes,Yes,compound response across 12 wells,active,inactive,Nuclear fascin,regulation of protein localization to nucleus,GO_1900180,,,
1093688946,G4,Homo sapiens,NCBITaxon,9606,HeLa,EFO,EFO_0001185,,,,,SN1063659702,0.0125,367,AR,,,Pass,Hoechst:DNA; Alexa Fluor 488 phalloidin:actin; mScarlet:fascin; iRFP:nuclear actin chromobody (nAC),20.01072502,-44.4395332,Yes,Yes,compound response across 12 wells,active,inactive,Nuclear fascin,regulation of protein localization to nucleus,GO_1900180,,,
1093688946,G5,Homo sapiens,NCBITaxon,9606,HeLa,EFO,EFO_0001185,,,,,SN1063659702,0.003,367,AR,,,Pass,Hoechst:DNA; Alexa Fluor 488 phalloidin:actin; mScarlet:fascin; iRFP:nuclear actin chromobody (nAC),10.43913841,22.00975418,Yes,Yes,compound response across 12 wells,active,inactive,Nuclear fascin,regulation of protein localization to nucleus,GO_1900180,,,
1093688946,G6,Homo sapiens,NCBITaxon,9606,HeLa,EFO,EFO_0001185,,,,,SN1063659702,0.001,367,AR,,,Pass,Hoechst:DNA; Alexa Fluor 488 phalloidin:actin; mScarlet:fascin; iRFP:nuclear actin chromobody (nAC),4.160013676,-4.81874132,Yes,Yes,compound response across 12 wells,active,inactive,Nuclear fascin,regulation of protein localization to nucleus,GO_1900180,,,
1093688946,G7,Homo sapiens,NCBITaxon,9606,HeLa,EFO,EFO_0001185,,,,,SN1063659702,0.0003,367,AR,,,Pass,Hoechst:DNA; Alexa Fluor 488 phalloidin:actin; mScarlet:fascin; iRFP:nuclear actin chromobody (nAC),15.44007969,-0.32228959,Yes,Yes,compound response across 12 wells,active,inactive,Nuclear fascin,regulation of protein localization to nucleus,GO_1900180,,,
1093688946,G8,Homo sapiens,NCBITaxon,9606,HeLa,EFO,EFO_0001185,,,,,SN1063659702,0.00003,367,AR,,,Pass,Hoechst:DNA; Alexa Fluor 488 phalloidin:actin; mScarlet:fascin; iRFP:nuclear actin chromobody (nAC),2.57222724,18.53732681,Yes,Yes,compound response across 12 wells,active,inactive,Nuclear fascin,regulation of protein localization to nucleus,GO_1900180,,,
1093688946,G9,Homo sapiens,NCBITaxon,9606,HeLa,EFO,EFO_0001185,,,,,SN1071478279,30,2932,GSK3B,,,Pass,Hoechst:DNA; Alexa Fluor 488 phalloidin:actin; mScarlet:fascin; iRFP:nuclear actin chromobody (nAC),45.18647385,-211.3936,Yes,Yes,compound response across 12 wells,active,inactive,Nuclear fascin,regulation of protein localization to nucleus,GO_1900180,,,
1093688946,G10,Homo sapiens,NCBITaxon,9606,HeLa,EFO,EFO_0001185,,,,,SN1071478279,10,2932,GSK3B,,,Pass,Hoechst:DNA; Alexa Fluor 488 phalloidin:actin; mScarlet:fascin; iRFP:nuclear actin chromobody (nAC),47.50395966,-43.65131,Yes,Yes,compound response across 12 wells,active,inactive,Nuclear fascin,regulation of protein localization to nucleus,GO_1900180,,,
1093688946,G11,Homo sapiens,NCBITaxon,9606,HeLa,EFO,EFO_0001185,,,,,SN1071478279,3.125,2932,GSK3B,,,Pass,Hoechst:DNA; Alexa Fluor 488 phalloidin:actin; mScarlet:fascin; iRFP:nuclear actin chromobody (nAC),49.61953735,-35.3447685,Yes,Yes,compound response across 12 wells,active,inactive,Nuclear fascin,regulation of protein localization to nucleus,GO_1900180,,,
1093688946,G12,Homo sapiens,NCBITaxon,9606,HeLa,EFO,EFO_0001185,,,,,SN1071478279,1.25,2932,GSK3B,,,Pass,Hoechst:DNA; Alexa Fluor 488 phalloidin:actin; mScarlet:fascin; iRFP:nuclear actin chromobody (nAC),41.65511703,-46.0730362,Yes,Yes,compound response across 12 wells,active,inactive,Nuclear fascin,regulation of protein localization to nucleus,GO_1900180,,,
1093688946,G13,Homo sapiens,NCBITaxon,9606,HeLa,EFO,EFO_0001185,DMSO,679,IAZDPXIOMUYVGZ-UHFFFAOYSA-N,CS(=O)C,,,,,Neutral Control,,Pass,Hoechst:DNA; Alexa Fluor 488 phalloidin:actin; mScarlet:fascin; iRFP:nuclear actin chromobody (nAC),-7.293946266,-4.78310728,,,,,,,,,,,
1093688946,G14,Homo sapiens,NCBITaxon,9606,HeLa,EFO,EFO_0001185,,,,,,,,,Stimulator Control,Leptomycin b blocks nuclear export of fascin,Pass,Hoechst:DNA; Alexa Fluor 488 phalloidin:actin; mScarlet:fascin; iRFP:nuclear actin chromobody (nAC),95.49371338,18.4821949,,,,,,,,,,,
1093688946,G15,Homo sapiens,NCBITaxon,9606,HeLa,EFO,EFO_0001185,DMSO,679,IAZDPXIOMUYVGZ-UHFFFAOYSA-N,CS(=O)C,,,,,Neutral Control,,Pass,Hoechst:DNA; Alexa Fluor 488 phalloidin:actin; mScarlet:fascin; iRFP:nuclear actin chromobody (nAC),-0.699498296,55.7869606,,,,,,,,,,,
1093688946,G16,Homo sapiens,NCBITaxon,9606,HeLa,EFO,EFO_0001185,,,,,SN1071478279,0.3,2932,GSK3B,,,Pass,Hoechst:DNA; Alexa Fluor 488 phalloidin:actin; mScarlet:fascin; iRFP:nuclear actin chromobody (nAC),28.57941246,-35.0207672,Yes,Yes,compound response across 12 wells,active,inactive,Nuclear fascin,regulation of protein localization to nucleus,GO_1900180,,,
1093688946,G17,Homo sapiens,NCBITaxon,9606,HeLa,EFO,EFO_0001185,,,,,SN1071478279,0.1,2932,GSK3B,,,Pass,Hoechst:DNA; Alexa Fluor 488 phalloidin:actin; mScarlet:fascin; iRFP:nuclear actin chromobody (nAC),23.13041115,-8.99326515,Yes,Yes,compound response across 12 wells,active,inactive,Nuclear fascin,regulation of protein localization to nucleus,GO_1900180,,,
1093688946,G18,Homo sapiens,NCBITaxon,9606,HeLa,EFO,EFO_0001185,,,,,SN1071478279,0.03,2932,GSK3B,,,Pass,Hoechst:DNA; Alexa Fluor 488 phalloidin:actin; mScarlet:fascin; iRFP:nuclear actin chromobody (nAC),6.61408329,-27.0356407,Yes,Yes,compound response across 12 wells,active,inactive,Nuclear fascin,regulation of protein localization to nucleus,GO_1900180,,,
1093688946,G19,Homo sapiens,NCBITaxon,9606,HeLa,EFO,EFO_0001185,,,,,SN1071478279,0.0125,2932,GSK3B,,,Pass,Hoechst:DNA; Alexa Fluor 488 phalloidin:actin; mScarlet:fascin; iRFP:nuclear actin chromobody (nAC),-3.004425764,-8.56050587,Yes,Yes,compound response across 12 wells,active,inactive,Nuclear fascin,regulation of protein localization to nucleus,GO_1900180,,,
1093688946,G20,Homo sapiens,NCBITaxon,9606,HeLa,EFO,EFO_0001185,,,,,SN1071478279,0.003,2932,GSK3B,,,Pass,Hoechst:DNA; Alexa Fluor 488 phalloidin:actin; mScarlet:fascin; iRFP:nuclear actin chromobody (nAC),1.572965622,-31.3131828,Yes,Yes,compound response across 12 wells,active,inactive,Nuclear fascin,regulation of protein localization to nucleus,GO_1900180,,,
1093688946,G21,Homo sapiens,NCBITaxon,9606,HeLa,EFO,EFO_0001185,,,,,SN1071478279,0.001,2932,GSK3B,,,Pass,Hoechst:DNA; Alexa Fluor 488 phalloidin:actin; mScarlet:fascin; iRFP:nuclear actin chromobody (nAC),23.49777222,-1.93710959,Yes,Yes,compound response across 12 wells,active,inactive,Nuclear fascin,regulation of protein localization to nucleus,GO_1900180,,,
1093688946,G22,Homo sapiens,NCBITaxon,9606,HeLa,EFO,EFO_0001185,,,,,SN1071478279,0.0003,2932,GSK3B,,,Pass,Hoechst:DNA; Alexa Fluor 488 phalloidin:actin; mScarlet:fascin; iRFP:nuclear actin chromobody (nAC),17.78527451,-50.2483826,Yes,Yes,compound response across 12 wells,active,inactive,Nuclear fascin,regulation of protein localization to nucleus,GO_1900180,,,
1093688946,G23,Homo sapiens,NCBITaxon,9606,HeLa,EFO,EFO_0001185,,,,,SN1071478279,0.00003,2932,GSK3B,,,Pass,Hoechst:DNA; Alexa Fluor 488 phalloidin:actin; mScarlet:fascin; iRFP:nuclear actin chromobody (nAC),11.54475498,-52.2872429,Yes,Yes,compound response across 12 wells,active,inactive,Nuclear fascin,regulation of protein localization to nucleus,GO_1900180,,,
1093688946,G24,Homo sapiens,NCBITaxon,9606,HeLa,EFO,EFO_0001185,,,,,SN1060629797,30,898,CCNE1,,,Fail,Hoechst:DNA; Alexa Fluor 488 phalloidin:actin; mScarlet:fascin; iRFP:nuclear actin chromobody (nAC),51.67216873,,Yes,Yes,compound response across 12 wells,active,active,Nuclear fascin,regulation of protein localization to nucleus,GO_1900180,Nuclear actin,actin filament phenotype,CMPO_0000104
1093688946,H1,Homo sapiens,NCBITaxon,9606,HeLa,EFO,EFO_0001185,,,,,SN1060629797,10,898,CCNE1,,,Pass,Hoechst:DNA; Alexa Fluor 488 phalloidin:actin; mScarlet:fascin; iRFP:nuclear actin chromobody (nAC),65.7903595,-415.660492,Yes,Yes,compound response across 12 wells,active,active,Nuclear fascin,regulation of protein localization to nucleus,GO_1900180,Nuclear actin,actin filament phenotype,CMPO_0000104
1093688946,H2,Homo sapiens,NCBITaxon,9606,HeLa,EFO,EFO_0001185,DMSO,679,IAZDPXIOMUYVGZ-UHFFFAOYSA-N,CS(=O)C,,,,,Neutral Control,,Pass,Hoechst:DNA; Alexa Fluor 488 phalloidin:actin; mScarlet:fascin; iRFP:nuclear actin chromobody (nAC),-0.613170266,12.80118465,,,,,,,,,,,
1093688946,H3,Homo sapiens,NCBITaxon,9606,HeLa,EFO,EFO_0001185,,,,,,,,,Stimulator Control,Leptomycin b blocks nuclear export of fascin,Pass,Hoechst:DNA; Alexa Fluor 488 phalloidin:actin; mScarlet:fascin; iRFP:nuclear actin chromobody (nAC),103.2881622,-5.32111692,,,,,,,,,,,
1093688946,H4,Homo sapiens,NCBITaxon,9606,HeLa,EFO,EFO_0001185,DMSO,679,IAZDPXIOMUYVGZ-UHFFFAOYSA-N,CS(=O)C,,,,,Neutral Control,,Pass,Hoechst:DNA; Alexa Fluor 488 phalloidin:actin; mScarlet:fascin; iRFP:nuclear actin chromobody (nAC),9.562667847,-5.92976141,,,,,,,,,,,
1093688946,H5,Homo sapiens,NCBITaxon,9606,HeLa,EFO,EFO_0001185,,,,,SN1060629797,3.125,898,CCNE1,,,Pass,Hoechst:DNA; Alexa Fluor 488 phalloidin:actin; mScarlet:fascin; iRFP:nuclear actin chromobody (nAC),63.66324997,-154.634842,Yes,Yes,compound response across 12 wells,active,active,Nuclear fascin,regulation of protein localization to nucleus,GO_1900180,Nuclear actin,actin filament phenotype,CMPO_0000104
1093688946,H6,Homo sapiens,NCBITaxon,9606,HeLa,EFO,EFO_0001185,,,,,SN1060629797,1.25,898,CCNE1,,,Pass,Hoechst:DNA; Alexa Fluor 488 phalloidin:actin; mScarlet:fascin; iRFP:nuclear actin chromobody (nAC),15.43132591,-96.5443192,Yes,Yes,compound response across 12 wells,active,active,Nuclear fascin,regulation of protein localization to nucleus,GO_1900180,Nuclear actin,actin filament phenotype,CMPO_0000104
1093688946,H7,Homo sapiens,NCBITaxon,9606,HeLa,EFO,EFO_0001185,,,,,SN1060629797,0.3,898,CCNE1,,,Pass,Hoechst:DNA; Alexa Fluor 488 phalloidin:actin; mScarlet:fascin; iRFP:nuclear actin chromobody (nAC),27.35296631,-25.1248665,Yes,Yes,compound response across 12 wells,active,active,Nuclear fascin,regulation of protein localization to nucleus,GO_1900180,Nuclear actin,actin filament phenotype,CMPO_0000104
1093688946,H8,Homo sapiens,NCBITaxon,9606,HeLa,EFO,EFO_0001185,,,,,SN1060629797,0.1,898,CCNE1,,,Pass,Hoechst:DNA; Alexa Fluor 488 phalloidin:actin; mScarlet:fascin; iRFP:nuclear actin chromobody (nAC),17.61904716,3.461864471,Yes,Yes,compound response across 12 wells,active,active,Nuclear fascin,regulation of protein localization to nucleus,GO_1900180,Nuclear actin,actin filament phenotype,CMPO_0000104
1093688946,H9,Homo sapiens,NCBITaxon,9606,HeLa,EFO,EFO_0001185,,,,,SN1060629797,0.03,898,CCNE1,,,Pass,Hoechst:DNA; Alexa Fluor 488 phalloidin:actin; mScarlet:fascin; iRFP:nuclear actin chromobody (nAC),26.2107048,-45.7982025,Yes,Yes,compound response across 12 wells,active,active,Nuclear fascin,regulation of protein localization to nucleus,GO_1900180,Nuclear actin,actin filament phenotype,CMPO_0000104
1093688946,H10,Homo sapiens,NCBITaxon,9606,HeLa,EFO,EFO_0001185,,,,,SN1060629797,0.0125,898,CCNE1,,,Pass,Hoechst:DNA; Alexa Fluor 488 phalloidin:actin; mScarlet:fascin; iRFP:nuclear actin chromobody (nAC),10.90751266,20.15962601,Yes,Yes,compound response across 12 wells,active,active,Nuclear fascin,regulation of protein localization to nucleus,GO_1900180,Nuclear actin,actin filament phenotype,CMPO_0000104
1093688946,H11,Homo sapiens,NCBITaxon,9606,HeLa,EFO,EFO_0001185,,,,,SN1060629797,0.003,898,CCNE1,,,Pass,Hoechst:DNA; Alexa Fluor 488 phalloidin:actin; mScarlet:fascin; iRFP:nuclear actin chromobody (nAC),7.933558464,-0.79370493,Yes,Yes,compound response across 12 wells,active,active,Nuclear fascin,regulation of protein localization to nucleus,GO_1900180,Nuclear actin,actin filament phenotype,CMPO_0000104
1093688946,H12,Homo sapiens,NCBITaxon,9606,HeLa,EFO,EFO_0001185,,,,,SN1060629797,0.001,898,CCNE1,,,Pass,Hoechst:DNA; Alexa Fluor 488 phalloidin:actin; mScarlet:fascin; iRFP:nuclear actin chromobody (nAC),2.650043249,-2.63428354,Yes,Yes,compound response across 12 wells,active,active,Nuclear fascin,regulation of protein localization to nucleus,GO_1900180,Nuclear actin,actin filament phenotype,CMPO_0000104
1093688946,H13,Homo sapiens,NCBITaxon,9606,HeLa,EFO,EFO_0001185,,,,,SN1060629797,0.0003,898,CCNE1,,,Pass,Hoechst:DNA; Alexa Fluor 488 phalloidin:actin; mScarlet:fascin; iRFP:nuclear actin chromobody (nAC),-2.639252186,27.9104023,Yes,Yes,compound response across 12 wells,active,active,Nuclear fascin,regulation of protein localization to nucleus,GO_1900180,Nuclear actin,actin filament phenotype,CMPO_0000104
1093688946,H14,Homo sapiens,NCBITaxon,9606,HeLa,EFO,EFO_0001185,,,,,SN1060629797,0.00003,898,CCNE1,,,Pass,Hoechst:DNA; Alexa Fluor 488 phalloidin:actin; mScarlet:fascin; iRFP:nuclear actin chromobody (nAC),-2.120997429,-2.42744398,Yes,Yes,compound response across 12 wells,active,active,Nuclear fascin,regulation of protein localization to nucleus,GO_1900180,Nuclear actin,actin filament phenotype,CMPO_0000104
1093688946,H15,Homo sapiens,NCBITaxon,9606,HeLa,EFO,EFO_0001185,,,,,SN0029948641,30,4000,LMNA,,,Pass,Hoechst:DNA; Alexa Fluor 488 phalloidin:actin; mScarlet:fascin; iRFP:nuclear actin chromobody (nAC),33.88927841,-7.42455196,,,compound response across 12 wells,inactive,inactive,,,,,,
1093688946,H16,Homo sapiens,NCBITaxon,9606,HeLa,EFO,EFO_0001185,,,,,SN0029948641,10,4000,LMNA,,,Pass,Hoechst:DNA; Alexa Fluor 488 phalloidin:actin; mScarlet:fascin; iRFP:nuclear actin chromobody (nAC),-5.213456631,20.72932053,,,compound response across 12 wells,inactive,inactive,,,,,,
1093688946,H17,Homo sapiens,NCBITaxon,9606,HeLa,EFO,EFO_0001185,,,,,SN0029948641,3.125,4000,LMNA,,,Pass,Hoechst:DNA; Alexa Fluor 488 phalloidin:actin; mScarlet:fascin; iRFP:nuclear actin chromobody (nAC),17.88338852,79.01265717,,,compound response across 12 wells,inactive,inactive,,,,,,
1093688946,H18,Homo sapiens,NCBITaxon,9606,HeLa,EFO,EFO_0001185,,,,,SN0029948641,1.25,4000,LMNA,,,Pass,Hoechst:DNA; Alexa Fluor 488 phalloidin:actin; mScarlet:fascin; iRFP:nuclear actin chromobody (nAC),-17.13702965,-4.52386189,,,compound response across 12 wells,inactive,inactive,,,,,,
1093688946,H19,Homo sapiens,NCBITaxon,9606,HeLa,EFO,EFO_0001185,,,,,SN0029948641,0.3,4000,LMNA,,,Pass,Hoechst:DNA; Alexa Fluor 488 phalloidin:actin; mScarlet:fascin; iRFP:nuclear actin chromobody (nAC),14.27773094,-33.4567642,,,compound response across 12 wells,inactive,inactive,,,,,,
1093688946,H20,Homo sapiens,NCBITaxon,9606,HeLa,EFO,EFO_0001185,,,,,SN0029948641,0.1,4000,LMNA,,,Pass,Hoechst:DNA; Alexa Fluor 488 phalloidin:actin; mScarlet:fascin; iRFP:nuclear actin chromobody (nAC),14.05542088,5.378330231,,,compound response across 12 wells,inactive,inactive,,,,,,
1093688946,H21,Homo sapiens,NCBITaxon,9606,HeLa,EFO,EFO_0001185,,,,,SN0029948641,0.03,4000,LMNA,,,Pass,Hoechst:DNA; Alexa Fluor 488 phalloidin:actin; mScarlet:fascin; iRFP:nuclear actin chromobody (nAC),6.003659725,-14.7882462,,,compound response across 12 wells,inactive,inactive,,,,,,
1093688946,H22,Homo sapiens,NCBITaxon,9606,HeLa,EFO,EFO_0001185,,,,,SN0029948641,0.0125,4000,LMNA,,,Pass,Hoechst:DNA; Alexa Fluor 488 phalloidin:actin; mScarlet:fascin; iRFP:nuclear actin chromobody (nAC),7.722160339,-41.5951347,,,compound response across 12 wells,inactive,inactive,,,,,,
1093688946,H23,Homo sapiens,NCBITaxon,9606,HeLa,EFO,EFO_0001185,,,,,SN0029948641,0.003,4000,LMNA,,,Pass,Hoechst:DNA; Alexa Fluor 488 phalloidin:actin; mScarlet:fascin; iRFP:nuclear actin chromobody (nAC),8.844635963,-83.6753311,,,compound response across 12 wells,inactive,inactive,,,,,,
1093688946,H24,Homo sapiens,NCBITaxon,9606,HeLa,EFO,EFO_0001185,,,,,SN0029948641,0.001,4000,LMNA,,,Pass,Hoechst:DNA; Alexa Fluor 488 phalloidin:actin; mScarlet:fascin; iRFP:nuclear actin chromobody (nAC),2.120393753,-35.0755959,,,compound response across 12 wells,inactive,inactive,,,,,,
1093688946,I1,Homo sapiens,NCBITaxon,9606,HeLa,EFO,EFO_0001185,,,,,SN0029948641,0.0003,4000,LMNA,,,Pass,Hoechst:DNA; Alexa Fluor 488 phalloidin:actin; mScarlet:fascin; iRFP:nuclear actin chromobody (nAC),10.15132809,-47.7530975,,,compound response across 12 wells,inactive,inactive,,,,,,
1093688946,I2,Homo sapiens,NCBITaxon,9606,HeLa,EFO,EFO_0001185,,,,,SN0029948641,0.00003,4000,LMNA,,,Pass,Hoechst:DNA; Alexa Fluor 488 phalloidin:actin; mScarlet:fascin; iRFP:nuclear actin chromobody (nAC),10.44236755,-16.4152298,,,compound response across 12 wells,inactive,inactive,,,,,,
1093688946,I3,Homo sapiens,NCBITaxon,9606,HeLa,EFO,EFO_0001185,,,,,SN1094658344,30,3845,KRAS,,,Pass,Hoechst:DNA; Alexa Fluor 488 phalloidin:actin; mScarlet:fascin; iRFP:nuclear actin chromobody (nAC),127.3085709,-145.00032,,Yes,compound response across 12 wells,inactive,active,,,,Nuclear actin,actin filament phenotype,CMPO_0000104
1093688946,I4,Homo sapiens,NCBITaxon,9606,HeLa,EFO,EFO_0001185,,,,,SN1094658344,10,3845,KRAS,,,Pass,Hoechst:DNA; Alexa Fluor 488 phalloidin:actin; mScarlet:fascin; iRFP:nuclear actin chromobody (nAC),134.865799,-32.8985558,,Yes,compound response across 12 wells,inactive,active,,,,Nuclear actin,actin filament phenotype,CMPO_0000104
1093688946,I5,Homo sapiens,NCBITaxon,9606,HeLa,EFO,EFO_0001185,,,,,SN1094658344,3.125,3845,KRAS,,,Pass,Hoechst:DNA; Alexa Fluor 488 phalloidin:actin; mScarlet:fascin; iRFP:nuclear actin chromobody (nAC),23.53880882,14.60661888,,Yes,compound response across 12 wells,inactive,active,,,,Nuclear actin,actin filament phenotype,CMPO_0000104
1093688946,I6,Homo sapiens,NCBITaxon,9606,HeLa,EFO,EFO_0001185,,,,,SN1094658344,1.25,3845,KRAS,,,Pass,Hoechst:DNA; Alexa Fluor 488 phalloidin:actin; mScarlet:fascin; iRFP:nuclear actin chromobody (nAC),-8.445625305,11.99350262,,Yes,compound response across 12 wells,inactive,active,,,,Nuclear actin,actin filament phenotype,CMPO_0000104
1093688946,I7,Homo sapiens,NCBITaxon,9606,HeLa,EFO,EFO_0001185,,,,,SN1094658344,0.3,3845,KRAS,,,Pass,Hoechst:DNA; Alexa Fluor 488 phalloidin:actin; mScarlet:fascin; iRFP:nuclear actin chromobody (nAC),6.474464417,-11.5608377,,Yes,compound response across 12 wells,inactive,active,,,,Nuclear actin,actin filament phenotype,CMPO_0000104
1093688946,I8,Homo sapiens,NCBITaxon,9606,HeLa,EFO,EFO_0001185,,,,,SN1094658344,0.1,3845,KRAS,,,Pass,Hoechst:DNA; Alexa Fluor 488 phalloidin:actin; mScarlet:fascin; iRFP:nuclear actin chromobody (nAC),17.59076309,7.901604176,,Yes,compound response across 12 wells,inactive,active,,,,Nuclear actin,actin filament phenotype,CMPO_0000104
1093688946,I9,Homo sapiens,NCBITaxon,9606,HeLa,EFO,EFO_0001185,,,,,SN1094658344,0.03,3845,KRAS,,,Pass,Hoechst:DNA; Alexa Fluor 488 phalloidin:actin; mScarlet:fascin; iRFP:nuclear actin chromobody (nAC),8.690452576,2.220203638,,Yes,compound response across 12 wells,inactive,active,,,,Nuclear actin,actin filament phenotype,CMPO_0000104
1093688946,I10,Homo sapiens,NCBITaxon,9606,HeLa,EFO,EFO_0001185,,,,,SN1094658344,0.0125,3845,KRAS,,,Pass,Hoechst:DNA; Alexa Fluor 488 phalloidin:actin; mScarlet:fascin; iRFP:nuclear actin chromobody (nAC),9.9145298,-23.0223064,,Yes,compound response across 12 wells,inactive,active,,,,Nuclear actin,actin filament phenotype,CMPO_0000104
1093688946,I11,Homo sapiens,NCBITaxon,9606,HeLa,EFO,EFO_0001185,,,,,SN1094658344,0.003,3845,KRAS,,,Pass,Hoechst:DNA; Alexa Fluor 488 phalloidin:actin; mScarlet:fascin; iRFP:nuclear actin chromobody (nAC),4.557635307,-29.7394238,,Yes,compound response across 12 wells,inactive,active,,,,Nuclear actin,actin filament phenotype,CMPO_0000104
1093688946,I12,Homo sapiens,NCBITaxon,9606,HeLa,EFO,EFO_0001185,,,,,SN1094658344,0.001,3845,KRAS,,,Pass,Hoechst:DNA; Alexa Fluor 488 phalloidin:actin; mScarlet:fascin; iRFP:nuclear actin chromobody (nAC),8.191500664,-13.5972271,,Yes,compound response across 12 wells,inactive,active,,,,Nuclear actin,actin filament phenotype,CMPO_0000104
1093688946,I13,Homo sapiens,NCBITaxon,9606,HeLa,EFO,EFO_0001185,,,,,SN1094658344,0.0003,3845,KRAS,,,Pass,Hoechst:DNA; Alexa Fluor 488 phalloidin:actin; mScarlet:fascin; iRFP:nuclear actin chromobody (nAC),-1.460452437,-19.9882202,,Yes,compound response across 12 wells,inactive,active,,,,Nuclear actin,actin filament phenotype,CMPO_0000104
1093688946,I14,Homo sapiens,NCBITaxon,9606,HeLa,EFO,EFO_0001185,,,,,SN1094658344,0.00003,3845,KRAS,,,Pass,Hoechst:DNA; Alexa Fluor 488 phalloidin:actin; mScarlet:fascin; iRFP:nuclear actin chromobody (nAC),6.758199692,-5.82843399,,Yes,compound response across 12 wells,inactive,active,,,,Nuclear actin,actin filament phenotype,CMPO_0000104
1093688946,I15,Homo sapiens,NCBITaxon,9606,HeLa,EFO,EFO_0001185,,,,,SN0036955706,30,7052,TGM2,,,Pass,Hoechst:DNA; Alexa Fluor 488 phalloidin:actin; mScarlet:fascin; iRFP:nuclear actin chromobody (nAC),38.35983276,-20.6425095,,,compound response across 12 wells,inactive,inactive,,,,,,
1093688946,I16,Homo sapiens,NCBITaxon,9606,HeLa,EFO,EFO_0001185,,,,,SN0036955706,10,7052,TGM2,,,Pass,Hoechst:DNA; Alexa Fluor 488 phalloidin:actin; mScarlet:fascin; iRFP:nuclear actin chromobody (nAC),18.3815403,-4.94114685,,,compound response across 12 wells,inactive,inactive,,,,,,
1093688946,I17,Homo sapiens,NCBITaxon,9606,HeLa,EFO,EFO_0001185,DMSO,679,IAZDPXIOMUYVGZ-UHFFFAOYSA-N,CS(=O)C,,,,,Neutral Control,,Pass,Hoechst:DNA; Alexa Fluor 488 phalloidin:actin; mScarlet:fascin; iRFP:nuclear actin chromobody (nAC),-1.811605215,22.5557766,,,,,,,,,,,
1093688946,I18,Homo sapiens,NCBITaxon,9606,HeLa,EFO,EFO_0001185,,,,,,,,,Stimulator Control,Leptomycin b blocks nuclear export of fascin,Pass,Hoechst:DNA; Alexa Fluor 488 phalloidin:actin; mScarlet:fascin; iRFP:nuclear actin chromobody (nAC),114.6915207,-35.8257561,,,,,,,,,,,
1093688946,I19,Homo sapiens,NCBITaxon,9606,HeLa,EFO,EFO_0001185,DMSO,679,IAZDPXIOMUYVGZ-UHFFFAOYSA-N,CS(=O)C,,,,,Neutral Control,,Pass,Hoechst:DNA; Alexa Fluor 488 phalloidin:actin; mScarlet:fascin; iRFP:nuclear actin chromobody (nAC),-7.19720459,-17.7749672,,,,,,,,,,,
1093688946,I20,Homo sapiens,NCBITaxon,9606,HeLa,EFO,EFO_0001185,,,,,SN0036955706,3.125,7052,TGM2,,,Pass,Hoechst:DNA; Alexa Fluor 488 phalloidin:actin; mScarlet:fascin; iRFP:nuclear actin chromobody (nAC),23.82053757,7.264625549,,,compound response across 12 wells,inactive,inactive,,,,,,
1093688946,I21,Homo sapiens,NCBITaxon,9606,HeLa,EFO,EFO_0001185,,,,,SN0036955706,1.25,7052,TGM2,,,Pass,Hoechst:DNA; Alexa Fluor 488 phalloidin:actin; mScarlet:fascin; iRFP:nuclear actin chromobody (nAC),32.46923065,-9.41881943,,,compound response across 12 wells,inactive,inactive,,,,,,
1093688946,I22,Homo sapiens,NCBITaxon,9606,HeLa,EFO,EFO_0001185,,,,,SN0036955706,0.3,7052,TGM2,,,Pass,Hoechst:DNA; Alexa Fluor 488 phalloidin:actin; mScarlet:fascin; iRFP:nuclear actin chromobody (nAC),-0.454942524,13.43139648,,,compound response across 12 wells,inactive,inactive,,,,,,
1093688946,I23,Homo sapiens,NCBITaxon,9606,HeLa,EFO,EFO_0001185,,,,,SN0036955706,0.1,7052,TGM2,,,Pass,Hoechst:DNA; Alexa Fluor 488 phalloidin:actin; mScarlet:fascin; iRFP:nuclear actin chromobody (nAC),5.001967907,-40.2161179,,,compound response across 12 wells,inactive,inactive,,,,,,
1093688946,I24,Homo sapiens,NCBITaxon,9606,HeLa,EFO,EFO_0001185,,,,,SN0036955706,0.03,7052,TGM2,,,Pass,Hoechst:DNA; Alexa Fluor 488 phalloidin:actin; mScarlet:fascin; iRFP:nuclear actin chromobody (nAC),16.67031479,-31.5010319,,,compound response across 12 wells,inactive,inactive,,,,,,
1093688946,J1,Homo sapiens,NCBITaxon,9606,HeLa,EFO,EFO_0001185,,,,,SN0036955706,0.0125,7052,TGM2,,,Pass,Hoechst:DNA; Alexa Fluor 488 phalloidin:actin; mScarlet:fascin; iRFP:nuclear actin chromobody (nAC),11.39611149,-9.32460308,,,compound response across 12 wells,inactive,inactive,,,,,,
1093688946,J2,Homo sapiens,NCBITaxon,9606,HeLa,EFO,EFO_0001185,,,,,SN0036955706,0.003,7052,TGM2,,,Pass,Hoechst:DNA; Alexa Fluor 488 phalloidin:actin; mScarlet:fascin; iRFP:nuclear actin chromobody (nAC),9.360536575,-7.50506306,,,compound response across 12 wells,inactive,inactive,,,,,,
1093688946,J3,Homo sapiens,NCBITaxon,9606,HeLa,EFO,EFO_0001185,,,,,SN0036955706,0.001,7052,TGM2,,,Pass,Hoechst:DNA; Alexa Fluor 488 phalloidin:actin; mScarlet:fascin; iRFP:nuclear actin chromobody (nAC),10.54018116,-25.1840382,,,compound response across 12 wells,inactive,inactive,,,,,,
1093688946,J4,Homo sapiens,NCBITaxon,9606,HeLa,EFO,EFO_0001185,,,,,SN0036955706,0.0003,7052,TGM2,,,Pass,Hoechst:DNA; Alexa Fluor 488 phalloidin:actin; mScarlet:fascin; iRFP:nuclear actin chromobody (nAC),11.33103275,-51.9621201,,,compound response across 12 wells,inactive,inactive,,,,,,
1093688946,J5,Homo sapiens,NCBITaxon,9606,HeLa,EFO,EFO_0001185,,,,,SN0036955706,0.00003,7052,TGM2,,,Pass,Hoechst:DNA; Alexa Fluor 488 phalloidin:actin; mScarlet:fascin; iRFP:nuclear actin chromobody (nAC),15.83377743,-17.1156921,,,compound response across 12 wells,inactive,inactive,,,,,,
1093688946,J6,Homo sapiens,NCBITaxon,9606,HeLa,EFO,EFO_0001185,DMSO,679,IAZDPXIOMUYVGZ-UHFFFAOYSA-N,CS(=O)C,,,,,Neutral Control,,Pass,Hoechst:DNA; Alexa Fluor 488 phalloidin:actin; mScarlet:fascin; iRFP:nuclear actin chromobody (nAC),-4.576712132,25.3332653,,,,,,,,,,,
1093688946,J7,Homo sapiens,NCBITaxon,9606,HeLa,EFO,EFO_0001185,,,,,,,,,Stimulator Control,Leptomycin b blocks nuclear export of fascin,Pass,Hoechst:DNA; Alexa Fluor 488 phalloidin:actin; mScarlet:fascin; iRFP:nuclear actin chromobody (nAC),98.64408112,9.193722725,,,,,,,,,,,
1093688946,J8,Homo sapiens,NCBITaxon,9606,HeLa,EFO,EFO_0001185,DMSO,679,IAZDPXIOMUYVGZ-UHFFFAOYSA-N,CS(=O)C,,,,,Neutral Control,,Pass,Hoechst:DNA; Alexa Fluor 488 phalloidin:actin; mScarlet:fascin; iRFP:nuclear actin chromobody (nAC),-2.191976547,12.04678726,,,,,,,,,,,
1093688946,J9,Homo sapiens,NCBITaxon,9606,HeLa,EFO,EFO_0001185,,,,,SN0150182995,30,8658,TNKS,,,Pass,Hoechst:DNA; Alexa Fluor 488 phalloidin:actin; mScarlet:fascin; iRFP:nuclear actin chromobody (nAC),39.3127594,9.286670685,,Yes,compound response across 12 wells,active,inactive,Nuclear fascin,regulation of protein localization to nucleus,GO_1900180,,,
1093688946,J10,Homo sapiens,NCBITaxon,9606,HeLa,EFO,EFO_0001185,,,,,SN0150182995,10,8658,TNKS,,,Pass,Hoechst:DNA; Alexa Fluor 488 phalloidin:actin; mScarlet:fascin; iRFP:nuclear actin chromobody (nAC),19.69617081,-10.6268425,,Yes,compound response across 12 wells,active,inactive,Nuclear fascin,regulation of protein localization to nucleus,GO_1900180,,,
1093688946,J11,Homo sapiens,NCBITaxon,9606,HeLa,EFO,EFO_0001185,,,,,SN0150182995,3.125,8658,TNKS,,,Pass,Hoechst:DNA; Alexa Fluor 488 phalloidin:actin; mScarlet:fascin; iRFP:nuclear actin chromobody (nAC),-2.355501652,-7.66819429,,Yes,compound response across 12 wells,active,inactive,Nuclear fascin,regulation of protein localization to nucleus,GO_1900180,,,
1093688946,J12,Homo sapiens,NCBITaxon,9606,HeLa,EFO,EFO_0001185,,,,,SN0150182995,1.25,8658,TNKS,,,Pass,Hoechst:DNA; Alexa Fluor 488 phalloidin:actin; mScarlet:fascin; iRFP:nuclear actin chromobody (nAC),-6.276574135,18.62343025,,Yes,compound response across 12 wells,active,inactive,Nuclear fascin,regulation of protein localization to nucleus,GO_1900180,,,
1093688946,J13,Homo sapiens,NCBITaxon,9606,HeLa,EFO,EFO_0001185,,,,,SN0150182995,0.3,8658,TNKS,,,Pass,Hoechst:DNA; Alexa Fluor 488 phalloidin:actin; mScarlet:fascin; iRFP:nuclear actin chromobody (nAC),10.24068928,7.831036568,,Yes,compound response across 12 wells,active,inactive,Nuclear fascin,regulation of protein localization to nucleus,GO_1900180,,,
1093688946,J14,Homo sapiens,NCBITaxon,9606,HeLa,EFO,EFO_0001185,,,,,SN0150182995,0.1,8658,TNKS,,,Pass,Hoechst:DNA; Alexa Fluor 488 phalloidin:actin; mScarlet:fascin; iRFP:nuclear actin chromobody (nAC),11.81170845,-18.0058842,,Yes,compound response across 12 wells,active,inactive,Nuclear fascin,regulation of protein localization to nucleus,GO_1900180,,,
1093688946,J15,Homo sapiens,NCBITaxon,9606,HeLa,EFO,EFO_0001185,,,,,SN0150182995,0.03,8658,TNKS,,,Pass,Hoechst:DNA; Alexa Fluor 488 phalloidin:actin; mScarlet:fascin; iRFP:nuclear actin chromobody (nAC),16.22035217,-40.018692,,Yes,compound response across 12 wells,active,inactive,Nuclear fascin,regulation of protein localization to nucleus,GO_1900180,,,
1093688946,J16,Homo sapiens,NCBITaxon,9606,HeLa,EFO,EFO_0001185,,,,,SN0150182995,0.0125,8658,TNKS,,,Pass,Hoechst:DNA; Alexa Fluor 488 phalloidin:actin; mScarlet:fascin; iRFP:nuclear actin chromobody (nAC),-1.492508531,-14.0090647,,Yes,compound response across 12 wells,active,inactive,Nuclear fascin,regulation of protein localization to nucleus,GO_1900180,,,
1093688946,J17,Homo sapiens,NCBITaxon,9606,HeLa,EFO,EFO_0001185,,,,,SN0150182995,0.003,8658,TNKS,,,Pass,Hoechst:DNA; Alexa Fluor 488 phalloidin:actin; mScarlet:fascin; iRFP:nuclear actin chromobody (nAC),6.51231575,-19.5529022,,Yes,compound response across 12 wells,active,inactive,Nuclear fascin,regulation of protein localization to nucleus,GO_1900180,,,
1093688946,J18,Homo sapiens,NCBITaxon,9606,HeLa,EFO,EFO_0001185,,,,,SN0150182995,0.001,8658,TNKS,,,Pass,Hoechst:DNA; Alexa Fluor 488 phalloidin:actin; mScarlet:fascin; iRFP:nuclear actin chromobody (nAC),17.62399673,10.69728851,,Yes,compound response across 12 wells,active,inactive,Nuclear fascin,regulation of protein localization to nucleus,GO_1900180,,,
1093688946,J19,Homo sapiens,NCBITaxon,9606,HeLa,EFO,EFO_0001185,,,,,SN0150182995,0.0003,8658,TNKS,,,Pass,Hoechst:DNA; Alexa Fluor 488 phalloidin:actin; mScarlet:fascin; iRFP:nuclear actin chromobody (nAC),15.77583885,22.24418068,,Yes,compound response across 12 wells,active,inactive,Nuclear fascin,regulation of protein localization to nucleus,GO_1900180,,,
1093688946,J20,Homo sapiens,NCBITaxon,9606,HeLa,EFO,EFO_0001185,,,,,SN0150182995,0.00003,8658,TNKS,,,Pass,Hoechst:DNA; Alexa Fluor 488 phalloidin:actin; mScarlet:fascin; iRFP:nuclear actin chromobody (nAC),5.341122627,-28.3555813,,Yes,compound response across 12 wells,active,inactive,Nuclear fascin,regulation of protein localization to nucleus,GO_1900180,,,
1093688946,J21,Homo sapiens,NCBITaxon,9606,HeLa,EFO,EFO_0001185,,,,,SN1054559963,30,1436,CSF1R,,,Pass,Hoechst:DNA; Alexa Fluor 488 phalloidin:actin; mScarlet:fascin; iRFP:nuclear actin chromobody (nAC),-0.298073083,12.47776031,,,compound response across 12 wells,inactive,inactive,,,,,,
1093688946,J22,Homo sapiens,NCBITaxon,9606,HeLa,EFO,EFO_0001185,,,,,SN1054559963,10,1436,CSF1R,,,Pass,Hoechst:DNA; Alexa Fluor 488 phalloidin:actin; mScarlet:fascin; iRFP:nuclear actin chromobody (nAC),-1.179795861,-30.2657375,,,compound response across 12 wells,inactive,inactive,,,,,,
1093688946,J23,Homo sapiens,NCBITaxon,9606,HeLa,EFO,EFO_0001185,,,,,SN1054559963,3.125,1436,CSF1R,,,Pass,Hoechst:DNA; Alexa Fluor 488 phalloidin:actin; mScarlet:fascin; iRFP:nuclear actin chromobody (nAC),-1.065818787,-1.2345494,,,compound response across 12 wells,inactive,inactive,,,,,,
1093688946,J24,Homo sapiens,NCBITaxon,9606,HeLa,EFO,EFO_0001185,,,,,SN1054559963,1.25,1436,CSF1R,,,Pass,Hoechst:DNA; Alexa Fluor 488 phalloidin:actin; mScarlet:fascin; iRFP:nuclear actin chromobody (nAC),-8.111451149,-18.1471634,,,compound response across 12 wells,inactive,inactive,,,,,,
1093688946,K1,Homo sapiens,NCBITaxon,9606,HeLa,EFO,EFO_0001185,,,,,SN1054559963,0.3,1436,CSF1R,,,Pass,Hoechst:DNA; Alexa Fluor 488 phalloidin:actin; mScarlet:fascin; iRFP:nuclear actin chromobody (nAC),22.74913406,-36.4653473,,,compound response across 12 wells,inactive,inactive,,,,,,
1093688946,K2,Homo sapiens,NCBITaxon,9606,HeLa,EFO,EFO_0001185,,,,,SN1054559963,0.1,1436,CSF1R,,,Pass,Hoechst:DNA; Alexa Fluor 488 phalloidin:actin; mScarlet:fascin; iRFP:nuclear actin chromobody (nAC),21.45614624,-18.1803894,,,compound response across 12 wells,inactive,inactive,,,,,,
1093688946,K3,Homo sapiens,NCBITaxon,9606,HeLa,EFO,EFO_0001185,,,,,SN1054559963,0.03,1436,CSF1R,,,Pass,Hoechst:DNA; Alexa Fluor 488 phalloidin:actin; mScarlet:fascin; iRFP:nuclear actin chromobody (nAC),7.319180489,-21.3038044,,,compound response across 12 wells,inactive,inactive,,,,,,
1093688946,K4,Homo sapiens,NCBITaxon,9606,HeLa,EFO,EFO_0001185,,,,,SN1054559963,0.0125,1436,CSF1R,,,Pass,Hoechst:DNA; Alexa Fluor 488 phalloidin:actin; mScarlet:fascin; iRFP:nuclear actin chromobody (nAC),21.60160446,-23.2316437,,,compound response across 12 wells,inactive,inactive,,,,,,
1093688946,K5,Homo sapiens,NCBITaxon,9606,HeLa,EFO,EFO_0001185,,,,,SN1054559963,0.003,1436,CSF1R,,,Pass,Hoechst:DNA; Alexa Fluor 488 phalloidin:actin; mScarlet:fascin; iRFP:nuclear actin chromobody (nAC),3.445785284,-19.7282639,,,compound response across 12 wells,inactive,inactive,,,,,,
1093688946,K6,Homo sapiens,NCBITaxon,9606,HeLa,EFO,EFO_0001185,,,,,SN1054559963,0.001,1436,CSF1R,,,Pass,Hoechst:DNA; Alexa Fluor 488 phalloidin:actin; mScarlet:fascin; iRFP:nuclear actin chromobody (nAC),3.694551706,-4.2461319,,,compound response across 12 wells,inactive,inactive,,,,,,
1093688946,K7,Homo sapiens,NCBITaxon,9606,HeLa,EFO,EFO_0001185,,,,,SN1054559963,0.0003,1436,CSF1R,,,Pass,Hoechst:DNA; Alexa Fluor 488 phalloidin:actin; mScarlet:fascin; iRFP:nuclear actin chromobody (nAC),6.115523815,-37.6628494,,,compound response across 12 wells,inactive,inactive,,,,,,
1093688946,K8,Homo sapiens,NCBITaxon,9606,HeLa,EFO,EFO_0001185,,,,,SN1054559963,0.00003,1436,CSF1R,,,Pass,Hoechst:DNA; Alexa Fluor 488 phalloidin:actin; mScarlet:fascin; iRFP:nuclear actin chromobody (nAC),16.85522461,21.82805443,,,compound response across 12 wells,inactive,inactive,,,,,,
1093688946,K9,Homo sapiens,NCBITaxon,9606,HeLa,EFO,EFO_0001185,,,,,SN1048578444,30,898,CCNE1,,,Pass,Hoechst:DNA; Alexa Fluor 488 phalloidin:actin; mScarlet:fascin; iRFP:nuclear actin chromobody (nAC),139.399765,-53.9305115,,Yes,compound response across 12 wells,inactive,active,,,,Nuclear actin,actin filament phenotype,CMPO_0000104
1093688946,K10,Homo sapiens,NCBITaxon,9606,HeLa,EFO,EFO_0001185,,,,,SN1048578444,10,898,CCNE1,,,Fail,Hoechst:DNA; Alexa Fluor 488 phalloidin:actin; mScarlet:fascin; iRFP:nuclear actin chromobody (nAC),147.438446,,,Yes,compound response across 12 wells,inactive,active,,,,Nuclear actin,actin filament phenotype,CMPO_0000104
1093688946,K11,Homo sapiens,NCBITaxon,9606,HeLa,EFO,EFO_0001185,,,,,SN1048578444,3.125,898,CCNE1,,,Pass,Hoechst:DNA; Alexa Fluor 488 phalloidin:actin; mScarlet:fascin; iRFP:nuclear actin chromobody (nAC),1.328243852,-214.764755,,Yes,compound response across 12 wells,inactive,active,,,,Nuclear actin,actin filament phenotype,CMPO_0000104
1093688946,K12,Homo sapiens,NCBITaxon,9606,HeLa,EFO,EFO_0001185,,,,,SN1048578444,1.25,898,CCNE1,,,Pass,Hoechst:DNA; Alexa Fluor 488 phalloidin:actin; mScarlet:fascin; iRFP:nuclear actin chromobody (nAC),34.31061172,44.08601379,,Yes,compound response across 12 wells,inactive,active,,,,Nuclear actin,actin filament phenotype,CMPO_0000104
1093688946,K13,Homo sapiens,NCBITaxon,9606,HeLa,EFO,EFO_0001185,,,,,SN1048578444,0.3,898,CCNE1,,,Pass,Hoechst:DNA; Alexa Fluor 488 phalloidin:actin; mScarlet:fascin; iRFP:nuclear actin chromobody (nAC),105.115448,-123.784538,,Yes,compound response across 12 wells,inactive,active,,,,Nuclear actin,actin filament phenotype,CMPO_0000104
1093688946,K14,Homo sapiens,NCBITaxon,9606,HeLa,EFO,EFO_0001185,,,,,SN1048578444,0.1,898,CCNE1,,,Pass,Hoechst:DNA; Alexa Fluor 488 phalloidin:actin; mScarlet:fascin; iRFP:nuclear actin chromobody (nAC),60.0230751,-115.768608,,Yes,compound response across 12 wells,inactive,active,,,,Nuclear actin,actin filament phenotype,CMPO_0000104
1093688946,K15,Homo sapiens,NCBITaxon,9606,HeLa,EFO,EFO_0001185,,,,,SN1048578444,0.03,898,CCNE1,,,Pass,Hoechst:DNA; Alexa Fluor 488 phalloidin:actin; mScarlet:fascin; iRFP:nuclear actin chromobody (nAC),20.53270721,-48.4914703,,Yes,compound response across 12 wells,inactive,active,,,,Nuclear actin,actin filament phenotype,CMPO_0000104
1093688946,K16,Homo sapiens,NCBITaxon,9606,HeLa,EFO,EFO_0001185,,,,,SN1048578444,0.0125,898,CCNE1,,,Pass,Hoechst:DNA; Alexa Fluor 488 phalloidin:actin; mScarlet:fascin; iRFP:nuclear actin chromobody (nAC),26.17360878,-27.1935806,,Yes,compound response across 12 wells,inactive,active,,,,Nuclear actin,actin filament phenotype,CMPO_0000104
1093688946,K17,Homo sapiens,NCBITaxon,9606,HeLa,EFO,EFO_0001185,,,,,SN1048578444,0.003,898,CCNE1,,,Pass,Hoechst:DNA; Alexa Fluor 488 phalloidin:actin; mScarlet:fascin; iRFP:nuclear actin chromobody (nAC),15.19535828,-22.9779854,,Yes,compound response across 12 wells,inactive,active,,,,Nuclear actin,actin filament phenotype,CMPO_0000104
1093688946,K18,Homo sapiens,NCBITaxon,9606,HeLa,EFO,EFO_0001185,,,,,SN1048578444,0.001,898,CCNE1,,,Pass,Hoechst:DNA; Alexa Fluor 488 phalloidin:actin; mScarlet:fascin; iRFP:nuclear actin chromobody (nAC),26.01598358,-5.55009174,,Yes,compound response across 12 wells,inactive,active,,,,Nuclear actin,actin filament phenotype,CMPO_0000104
1093688946,K19,Homo sapiens,NCBITaxon,9606,HeLa,EFO,EFO_0001185,,,,,SN1048578444,0.0003,898,CCNE1,,,Pass,Hoechst:DNA; Alexa Fluor 488 phalloidin:actin; mScarlet:fascin; iRFP:nuclear actin chromobody (nAC),1.306661844,-23.3842869,,Yes,compound response across 12 wells,inactive,active,,,,Nuclear actin,actin filament phenotype,CMPO_0000104
1093688946,K20,Homo sapiens,NCBITaxon,9606,HeLa,EFO,EFO_0001185,,,,,SN1048578444,0.00003,898,CCNE1,,,Pass,Hoechst:DNA; Alexa Fluor 488 phalloidin:actin; mScarlet:fascin; iRFP:nuclear actin chromobody (nAC),9.456659317,3.33156848,,Yes,compound response across 12 wells,inactive,active,,,,Nuclear actin,actin filament phenotype,CMPO_0000104
1093688946,K21,Homo sapiens,NCBITaxon,9606,HeLa,EFO,EFO_0001185,DMSO,679,IAZDPXIOMUYVGZ-UHFFFAOYSA-N,CS(=O)C,,,,,Neutral Control,,Pass,Hoechst:DNA; Alexa Fluor 488 phalloidin:actin; mScarlet:fascin; iRFP:nuclear actin chromobody (nAC),11.68085766,-2.68971586,,,,,,,,,,,
1093688946,K22,Homo sapiens,NCBITaxon,9606,HeLa,EFO,EFO_0001185,,,,,,,,,Stimulator Control,Leptomycin b blocks nuclear export of fascin,Pass,Hoechst:DNA; Alexa Fluor 488 phalloidin:actin; mScarlet:fascin; iRFP:nuclear actin chromobody (nAC),99.04335785,14.17182827,,,,,,,,,,,
1093688946,K23,Homo sapiens,NCBITaxon,9606,HeLa,EFO,EFO_0001185,DMSO,679,IAZDPXIOMUYVGZ-UHFFFAOYSA-N,CS(=O)C,,,,,Neutral Control,,Pass,Hoechst:DNA; Alexa Fluor 488 phalloidin:actin; mScarlet:fascin; iRFP:nuclear actin chromobody (nAC),0.279751033,-2.07941341,,,,,,,,,,,
1093688946,K24,Homo sapiens,NCBITaxon,9606,HeLa,EFO,EFO_0001185,,,,,SN1053841386,30,2932,GSK3B,,,Fail,Hoechst:DNA; Alexa Fluor 488 phalloidin:actin; mScarlet:fascin; iRFP:nuclear actin chromobody (nAC),188.6810455,73.02294159,,Yes,compound response across 12 wells,active,inactive,Nuclear fascin,regulation of protein localization to nucleus,GO_1900180,,,
1093688946,L1,Homo sapiens,NCBITaxon,9606,HeLa,EFO,EFO_0001185,,,,,SN1053841386,10,2932,GSK3B,,,Pass,Hoechst:DNA; Alexa Fluor 488 phalloidin:actin; mScarlet:fascin; iRFP:nuclear actin chromobody (nAC),105.9009171,-202.146362,,Yes,compound response across 12 wells,active,inactive,Nuclear fascin,regulation of protein localization to nucleus,GO_1900180,,,
1093688946,L2,Homo sapiens,NCBITaxon,9606,HeLa,EFO,EFO_0001185,,,,,SN1053841386,3.125,2932,GSK3B,,,Pass,Hoechst:DNA; Alexa Fluor 488 phalloidin:actin; mScarlet:fascin; iRFP:nuclear actin chromobody (nAC),20.34717751,-116.145424,,Yes,compound response across 12 wells,active,inactive,Nuclear fascin,regulation of protein localization to nucleus,GO_1900180,,,
1093688946,L3,Homo sapiens,NCBITaxon,9606,HeLa,EFO,EFO_0001185,,,,,SN1053841386,1.25,2932,GSK3B,,,Pass,Hoechst:DNA; Alexa Fluor 488 phalloidin:actin; mScarlet:fascin; iRFP:nuclear actin chromobody (nAC),42.93488312,-49.0067215,,Yes,compound response across 12 wells,active,inactive,Nuclear fascin,regulation of protein localization to nucleus,GO_1900180,,,
1093688946,L4,Homo sapiens,NCBITaxon,9606,HeLa,EFO,EFO_0001185,,,,,SN1053841386,0.3,2932,GSK3B,,,Pass,Hoechst:DNA; Alexa Fluor 488 phalloidin:actin; mScarlet:fascin; iRFP:nuclear actin chromobody (nAC),25.7179718,-61.710083,,Yes,compound response across 12 wells,active,inactive,Nuclear fascin,regulation of protein localization to nucleus,GO_1900180,,,
1093688946,L5,Homo sapiens,NCBITaxon,9606,HeLa,EFO,EFO_0001185,,,,,SN1053841386,0.1,2932,GSK3B,,,Pass,Hoechst:DNA; Alexa Fluor 488 phalloidin:actin; mScarlet:fascin; iRFP:nuclear actin chromobody (nAC),14.15208721,-67.6330032,,Yes,compound response across 12 wells,active,inactive,Nuclear fascin,regulation of protein localization to nucleus,GO_1900180,,,
1093688946,L6,Homo sapiens,NCBITaxon,9606,HeLa,EFO,EFO_0001185,,,,,SN1053841386,0.03,2932,GSK3B,,,Pass,Hoechst:DNA; Alexa Fluor 488 phalloidin:actin; mScarlet:fascin; iRFP:nuclear actin chromobody (nAC),10.45388317,-27.7637577,,Yes,compound response across 12 wells,active,inactive,Nuclear fascin,regulation of protein localization to nucleus,GO_1900180,,,
1093688946,L7,Homo sapiens,NCBITaxon,9606,HeLa,EFO,EFO_0001185,,,,,SN1053841386,0.0125,2932,GSK3B,,,Pass,Hoechst:DNA; Alexa Fluor 488 phalloidin:actin; mScarlet:fascin; iRFP:nuclear actin chromobody (nAC),23.93501091,-16.6177902,,Yes,compound response across 12 wells,active,inactive,Nuclear fascin,regulation of protein localization to nucleus,GO_1900180,,,
1093688946,L8,Homo sapiens,NCBITaxon,9606,HeLa,EFO,EFO_0001185,,,,,SN1053841386,0.003,2932,GSK3B,,,Pass,Hoechst:DNA; Alexa Fluor 488 phalloidin:actin; mScarlet:fascin; iRFP:nuclear actin chromobody (nAC),14.12549496,-24.5553455,,Yes,compound response across 12 wells,active,inactive,Nuclear fascin,regulation of protein localization to nucleus,GO_1900180,,,
1093688946,L9,Homo sapiens,NCBITaxon,9606,HeLa,EFO,EFO_0001185,,,,,SN1053841386,0.001,2932,GSK3B,,,Pass,Hoechst:DNA; Alexa Fluor 488 phalloidin:actin; mScarlet:fascin; iRFP:nuclear actin chromobody (nAC),11.87669563,-10.9165421,,Yes,compound response across 12 wells,active,inactive,Nuclear fascin,regulation of protein localization to nucleus,GO_1900180,,,
1093688946,L10,Homo sapiens,NCBITaxon,9606,HeLa,EFO,EFO_0001185,,,,,SN1053841386,0.0003,2932,GSK3B,,,Pass,Hoechst:DNA; Alexa Fluor 488 phalloidin:actin; mScarlet:fascin; iRFP:nuclear actin chromobody (nAC),1.052311182,-36.6497192,,Yes,compound response across 12 wells,active,inactive,Nuclear fascin,regulation of protein localization to nucleus,GO_1900180,,,
1093688946,L11,Homo sapiens,NCBITaxon,9606,HeLa,EFO,EFO_0001185,,,,,SN1053841386,0.00003,2932,GSK3B,,,Pass,Hoechst:DNA; Alexa Fluor 488 phalloidin:actin; mScarlet:fascin; iRFP:nuclear actin chromobody (nAC),4.984325409,-20.254488,,Yes,compound response across 12 wells,active,inactive,Nuclear fascin,regulation of protein localization to nucleus,GO_1900180,,,
1093688946,L12,Homo sapiens,NCBITaxon,9606,HeLa,EFO,EFO_0001185,,,,,SN0151880263,30,4353,MPO,,,Pass,Hoechst:DNA; Alexa Fluor 488 phalloidin:actin; mScarlet:fascin; iRFP:nuclear actin chromobody (nAC),13.21373844,-0.09465031,,,compound response across 12 wells,inactive,inactive,,,,,,
1093688946,L13,Homo sapiens,NCBITaxon,9606,HeLa,EFO,EFO_0001185,,,,,SN0151880263,10,4353,MPO,,,Pass,Hoechst:DNA; Alexa Fluor 488 phalloidin:actin; mScarlet:fascin; iRFP:nuclear actin chromobody (nAC),14.33524799,23.83782387,,,compound response across 12 wells,inactive,inactive,,,,,,
1093688946,L14,Homo sapiens,NCBITaxon,9606,HeLa,EFO,EFO_0001185,,,,,SN0151880263,3.125,4353,MPO,,,Pass,Hoechst:DNA; Alexa Fluor 488 phalloidin:actin; mScarlet:fascin; iRFP:nuclear actin chromobody (nAC),6.621583939,3.788772345,,,compound response across 12 wells,inactive,inactive,,,,,,
1093688946,L15,Homo sapiens,NCBITaxon,9606,HeLa,EFO,EFO_0001185,,,,,SN0151880263,1.25,4353,MPO,,,Pass,Hoechst:DNA; Alexa Fluor 488 phalloidin:actin; mScarlet:fascin; iRFP:nuclear actin chromobody (nAC),0.22780329,15.58279133,,,compound response across 12 wells,inactive,inactive,,,,,,
1093688946,L16,Homo sapiens,NCBITaxon,9606,HeLa,EFO,EFO_0001185,,,,,SN0151880263,0.3,4353,MPO,,,Pass,Hoechst:DNA; Alexa Fluor 488 phalloidin:actin; mScarlet:fascin; iRFP:nuclear actin chromobody (nAC),5.491834164,13.54069233,,,compound response across 12 wells,inactive,inactive,,,,,,
1093688946,L17,Homo sapiens,NCBITaxon,9606,HeLa,EFO,EFO_0001185,,,,,SN0151880263,0.1,4353,MPO,,,Pass,Hoechst:DNA; Alexa Fluor 488 phalloidin:actin; mScarlet:fascin; iRFP:nuclear actin chromobody (nAC),21.70136452,-21.7787094,,,compound response across 12 wells,inactive,inactive,,,,,,
1093688946,L18,Homo sapiens,NCBITaxon,9606,HeLa,EFO,EFO_0001185,,,,,SN0151880263,0.03,4353,MPO,,,Pass,Hoechst:DNA; Alexa Fluor 488 phalloidin:actin; mScarlet:fascin; iRFP:nuclear actin chromobody (nAC),16.27830696,-12.509182,,,compound response across 12 wells,inactive,inactive,,,,,,
1093688946,L19,Homo sapiens,NCBITaxon,9606,HeLa,EFO,EFO_0001185,,,,,SN0151880263,0.0125,4353,MPO,,,Pass,Hoechst:DNA; Alexa Fluor 488 phalloidin:actin; mScarlet:fascin; iRFP:nuclear actin chromobody (nAC),13.66093826,-16.5895519,,,compound response across 12 wells,inactive,inactive,,,,,,
1093688946,L20,Homo sapiens,NCBITaxon,9606,HeLa,EFO,EFO_0001185,,,,,SN0151880263,0.003,4353,MPO,,,Pass,Hoechst:DNA; Alexa Fluor 488 phalloidin:actin; mScarlet:fascin; iRFP:nuclear actin chromobody (nAC),9.755698204,-22.8810482,,,compound response across 12 wells,inactive,inactive,,,,,,
1093688946,L21,Homo sapiens,NCBITaxon,9606,HeLa,EFO,EFO_0001185,,,,,SN0151880263,0.001,4353,MPO,,,Pass,Hoechst:DNA; Alexa Fluor 488 phalloidin:actin; mScarlet:fascin; iRFP:nuclear actin chromobody (nAC),22.54312325,13.93027782,,,compound response across 12 wells,inactive,inactive,,,,,,
1093688946,L22,Homo sapiens,NCBITaxon,9606,HeLa,EFO,EFO_0001185,,,,,SN0151880263,0.0003,4353,MPO,,,Pass,Hoechst:DNA; Alexa Fluor 488 phalloidin:actin; mScarlet:fascin; iRFP:nuclear actin chromobody (nAC),8.117730141,-44.6826057,,,compound response across 12 wells,inactive,inactive,,,,,,
1093688946,L23,Homo sapiens,NCBITaxon,9606,HeLa,EFO,EFO_0001185,,,,,SN0151880263,0.00003,4353,MPO,,,Pass,Hoechst:DNA; Alexa Fluor 488 phalloidin:actin; mScarlet:fascin; iRFP:nuclear actin chromobody (nAC),-1.742361665,-35.1275482,,,compound response across 12 wells,inactive,inactive,,,,,,
1093688946,L24,Homo sapiens,NCBITaxon,9606,HeLa,EFO,EFO_0001185,,,,,SN1033366939,30,2932,GSK3B,,,Pass,Hoechst:DNA; Alexa Fluor 488 phalloidin:actin; mScarlet:fascin; iRFP:nuclear actin chromobody (nAC),29.30899048,-169.424774,,Yes,compound response across 12 wells,inactive,active,,,,Nuclear actin,actin filament phenotype,CMPO_0000104
1093688946,M1,Homo sapiens,NCBITaxon,9606,HeLa,EFO,EFO_0001185,,,,,SN1033366939,10,2932,GSK3B,,,Pass,Hoechst:DNA; Alexa Fluor 488 phalloidin:actin; mScarlet:fascin; iRFP:nuclear actin chromobody (nAC),35.16966629,-160.171844,,Yes,compound response across 12 wells,inactive,active,,,,Nuclear actin,actin filament phenotype,CMPO_0000104
1093688946,M2,Homo sapiens,NCBITaxon,9606,HeLa,EFO,EFO_0001185,,,,,SN1033366939,3.125,2932,GSK3B,,,Pass,Hoechst:DNA; Alexa Fluor 488 phalloidin:actin; mScarlet:fascin; iRFP:nuclear actin chromobody (nAC),27.67079544,-50.6778145,,Yes,compound response across 12 wells,inactive,active,,,,Nuclear actin,actin filament phenotype,CMPO_0000104
1093688946,M3,Homo sapiens,NCBITaxon,9606,HeLa,EFO,EFO_0001185,,,,,SN1033366939,1.25,2932,GSK3B,,,Pass,Hoechst:DNA; Alexa Fluor 488 phalloidin:actin; mScarlet:fascin; iRFP:nuclear actin chromobody (nAC),26.97396851,-60.1140442,,Yes,compound response across 12 wells,inactive,active,,,,Nuclear actin,actin filament phenotype,CMPO_0000104
1093688946,M4,Homo sapiens,NCBITaxon,9606,HeLa,EFO,EFO_0001185,,,,,SN1033366939,0.3,2932,GSK3B,,,Pass,Hoechst:DNA; Alexa Fluor 488 phalloidin:actin; mScarlet:fascin; iRFP:nuclear actin chromobody (nAC),28.2799511,-19.6983986,,Yes,compound response across 12 wells,inactive,active,,,,Nuclear actin,actin filament phenotype,CMPO_0000104
1093688946,M5,Homo sapiens,NCBITaxon,9606,HeLa,EFO,EFO_0001185,,,,,SN1033366939,0.1,2932,GSK3B,,,Pass,Hoechst:DNA; Alexa Fluor 488 phalloidin:actin; mScarlet:fascin; iRFP:nuclear actin chromobody (nAC),19.60107422,-34.2473831,,Yes,compound response across 12 wells,inactive,active,,,,Nuclear actin,actin filament phenotype,CMPO_0000104
1093688946,M6,Homo sapiens,NCBITaxon,9606,HeLa,EFO,EFO_0001185,,,,,SN1033366939,0.03,2932,GSK3B,,,Pass,Hoechst:DNA; Alexa Fluor 488 phalloidin:actin; mScarlet:fascin; iRFP:nuclear actin chromobody (nAC),5.755119801,9.421717644,,Yes,compound response across 12 wells,inactive,active,,,,Nuclear actin,actin filament phenotype,CMPO_0000104
1093688946,M7,Homo sapiens,NCBITaxon,9606,HeLa,EFO,EFO_0001185,,,,,SN1033366939,0.0125,2932,GSK3B,,,Pass,Hoechst:DNA; Alexa Fluor 488 phalloidin:actin; mScarlet:fascin; iRFP:nuclear actin chromobody (nAC),10.99489689,-1.78129554,,Yes,compound response across 12 wells,inactive,active,,,,Nuclear actin,actin filament phenotype,CMPO_0000104
1093688946,M8,Homo sapiens,NCBITaxon,9606,HeLa,EFO,EFO_0001185,,,,,SN1033366939,0.003,2932,GSK3B,,,Pass,Hoechst:DNA; Alexa Fluor 488 phalloidin:actin; mScarlet:fascin; iRFP:nuclear actin chromobody (nAC),15.81411266,-10.2068596,,Yes,compound response across 12 wells,inactive,active,,,,Nuclear actin,actin filament phenotype,CMPO_0000104
1093688946,M9,Homo sapiens,NCBITaxon,9606,HeLa,EFO,EFO_0001185,,,,,SN1033366939,0.001,2932,GSK3B,,,Pass,Hoechst:DNA; Alexa Fluor 488 phalloidin:actin; mScarlet:fascin; iRFP:nuclear actin chromobody (nAC),12.64856148,16.52324104,,Yes,compound response across 12 wells,inactive,active,,,,Nuclear actin,actin filament phenotype,CMPO_0000104
1093688946,M10,Homo sapiens,NCBITaxon,9606,HeLa,EFO,EFO_0001185,,,,,SN1033366939,0.0003,2932,GSK3B,,,Pass,Hoechst:DNA; Alexa Fluor 488 phalloidin:actin; mScarlet:fascin; iRFP:nuclear actin chromobody (nAC),22.83437538,-19.2818985,,Yes,compound response across 12 wells,inactive,active,,,,Nuclear actin,actin filament phenotype,CMPO_0000104
1093688946,M11,Homo sapiens,NCBITaxon,9606,HeLa,EFO,EFO_0001185,,,,,SN1033366939,0.00003,2932,GSK3B,,,Pass,Hoechst:DNA; Alexa Fluor 488 phalloidin:actin; mScarlet:fascin; iRFP:nuclear actin chromobody (nAC),12.62169743,9.904663086,,Yes,compound response across 12 wells,inactive,active,,,,Nuclear actin,actin filament phenotype,CMPO_0000104
1093688946,M12,Homo sapiens,NCBITaxon,9606,HeLa,EFO,EFO_0001185,,,,,SN1063079743,30,6714,SRC,,,Pass,Hoechst:DNA; Alexa Fluor 488 phalloidin:actin; mScarlet:fascin; iRFP:nuclear actin chromobody (nAC),108.4877625,-53.0430717,,,compound response across 12 wells,inactive,inactive,,,,,,
1093688946,M13,Homo sapiens,NCBITaxon,9606,HeLa,EFO,EFO_0001185,,,,,SN1063079743,10,6714,SRC,,,Pass,Hoechst:DNA; Alexa Fluor 488 phalloidin:actin; mScarlet:fascin; iRFP:nuclear actin chromobody (nAC),21.34239388,0.593075156,,,compound response across 12 wells,inactive,inactive,,,,,,
1093688946,M14,Homo sapiens,NCBITaxon,9606,HeLa,EFO,EFO_0001185,,,,,SN1063079743,3.125,6714,SRC,,,Pass,Hoechst:DNA; Alexa Fluor 488 phalloidin:actin; mScarlet:fascin; iRFP:nuclear actin chromobody (nAC),63.17217636,-39.4761734,,,compound response across 12 wells,inactive,inactive,,,,,,
1093688946,M15,Homo sapiens,NCBITaxon,9606,HeLa,EFO,EFO_0001185,,,,,SN1063079743,1.25,6714,SRC,,,Pass,Hoechst:DNA; Alexa Fluor 488 phalloidin:actin; mScarlet:fascin; iRFP:nuclear actin chromobody (nAC),36.91075897,-64.7098312,,,compound response across 12 wells,inactive,inactive,,,,,,
1093688946,M16,Homo sapiens,NCBITaxon,9606,HeLa,EFO,EFO_0001185,,,,,SN1063079743,0.3,6714,SRC,,,Pass,Hoechst:DNA; Alexa Fluor 488 phalloidin:actin; mScarlet:fascin; iRFP:nuclear actin chromobody (nAC),44.88306046,-11.2266569,,,compound response across 12 wells,inactive,inactive,,,,,,
1093688946,M17,Homo sapiens,NCBITaxon,9606,HeLa,EFO,EFO_0001185,,,,,SN1063079743,0.1,6714,SRC,,,Pass,Hoechst:DNA; Alexa Fluor 488 phalloidin:actin; mScarlet:fascin; iRFP:nuclear actin chromobody (nAC),24.9723053,-11.3285522,,,compound response across 12 wells,inactive,inactive,,,,,,
1093688946,M18,Homo sapiens,NCBITaxon,9606,HeLa,EFO,EFO_0001185,,,,,SN1063079743,0.03,6714,SRC,,,Pass,Hoechst:DNA; Alexa Fluor 488 phalloidin:actin; mScarlet:fascin; iRFP:nuclear actin chromobody (nAC),12.28021812,-32.0820274,,,compound response across 12 wells,inactive,inactive,,,,,,
1093688946,M19,Homo sapiens,NCBITaxon,9606,HeLa,EFO,EFO_0001185,,,,,SN1063079743,0.0125,6714,SRC,,,Pass,Hoechst:DNA; Alexa Fluor 488 phalloidin:actin; mScarlet:fascin; iRFP:nuclear actin chromobody (nAC),6.292375565,7.171822548,,,compound response across 12 wells,inactive,inactive,,,,,,
1093688946,M20,Homo sapiens,NCBITaxon,9606,HeLa,EFO,EFO_0001185,,,,,SN1063079743,0.003,6714,SRC,,,Pass,Hoechst:DNA; Alexa Fluor 488 phalloidin:actin; mScarlet:fascin; iRFP:nuclear actin chromobody (nAC),24.98249435,-29.4945507,,,compound response across 12 wells,inactive,inactive,,,,,,
1093688946,M21,Homo sapiens,NCBITaxon,9606,HeLa,EFO,EFO_0001185,,,,,SN1063079743,0.001,6714,SRC,,,Pass,Hoechst:DNA; Alexa Fluor 488 phalloidin:actin; mScarlet:fascin; iRFP:nuclear actin chromobody (nAC),6.811611176,-9.89554787,,,compound response across 12 wells,inactive,inactive,,,,,,
1093688946,M22,Homo sapiens,NCBITaxon,9606,HeLa,EFO,EFO_0001185,,,,,SN1063079743,0.0003,6714,SRC,,,Pass,Hoechst:DNA; Alexa Fluor 488 phalloidin:actin; mScarlet:fascin; iRFP:nuclear actin chromobody (nAC),4.540641785,-28.4266548,,,compound response across 12 wells,inactive,inactive,,,,,,
1093688946,M23,Homo sapiens,NCBITaxon,9606,HeLa,EFO,EFO_0001185,,,,,SN1063079743,0.00003,6714,SRC,,,Pass,Hoechst:DNA; Alexa Fluor 488 phalloidin:actin; mScarlet:fascin; iRFP:nuclear actin chromobody (nAC),19.4548912,-13.3906708,,,compound response across 12 wells,inactive,inactive,,,,,,
1093688946,M24,Homo sapiens,NCBITaxon,9606,HeLa,EFO,EFO_0001185,,,,,SN1140243734,30,2264,FGFR4,,,Pass,Hoechst:DNA; Alexa Fluor 488 phalloidin:actin; mScarlet:fascin; iRFP:nuclear actin chromobody (nAC),85.99301147,-14.679924,Yes,Yes,compound response across 12 wells,active,inactive,Nuclear fascin,regulation of protein localization to nucleus,GO_1900180,,,
1093688946,N1,Homo sapiens,NCBITaxon,9606,HeLa,EFO,EFO_0001185,,,,,SN1140243734,10,2264,FGFR4,,,Pass,Hoechst:DNA; Alexa Fluor 488 phalloidin:actin; mScarlet:fascin; iRFP:nuclear actin chromobody (nAC),80.57384491,-35.8516502,Yes,Yes,compound response across 12 wells,active,inactive,Nuclear fascin,regulation of protein localization to nucleus,GO_1900180,,,
1093688946,N2,Homo sapiens,NCBITaxon,9606,HeLa,EFO,EFO_0001185,,,,,SN1140243734,3.125,2264,FGFR4,,,Pass,Hoechst:DNA; Alexa Fluor 488 phalloidin:actin; mScarlet:fascin; iRFP:nuclear actin chromobody (nAC),63.5364418,-18.7972412,Yes,Yes,compound response across 12 wells,active,inactive,Nuclear fascin,regulation of protein localization to nucleus,GO_1900180,,,
1093688946,N3,Homo sapiens,NCBITaxon,9606,HeLa,EFO,EFO_0001185,,,,,SN1140243734,1.25,2264,FGFR4,,,Pass,Hoechst:DNA; Alexa Fluor 488 phalloidin:actin; mScarlet:fascin; iRFP:nuclear actin chromobody (nAC),24.80543137,-29.9754429,Yes,Yes,compound response across 12 wells,active,inactive,Nuclear fascin,regulation of protein localization to nucleus,GO_1900180,,,
1093688946,N4,Homo sapiens,NCBITaxon,9606,HeLa,EFO,EFO_0001185,,,,,SN1140243734,0.3,2264,FGFR4,,,Pass,Hoechst:DNA; Alexa Fluor 488 phalloidin:actin; mScarlet:fascin; iRFP:nuclear actin chromobody (nAC),20.21469688,-41.5154572,Yes,Yes,compound response across 12 wells,active,inactive,Nuclear fascin,regulation of protein localization to nucleus,GO_1900180,,,
1093688946,N5,Homo sapiens,NCBITaxon,9606,HeLa,EFO,EFO_0001185,,,,,SN1140243734,0.1,2264,FGFR4,,,Pass,Hoechst:DNA; Alexa Fluor 488 phalloidin:actin; mScarlet:fascin; iRFP:nuclear actin chromobody (nAC),25.36626053,-83.091156,Yes,Yes,compound response across 12 wells,active,inactive,Nuclear fascin,regulation of protein localization to nucleus,GO_1900180,,,
1093688946,N6,Homo sapiens,NCBITaxon,9606,HeLa,EFO,EFO_0001185,,,,,SN1140243734,0.03,2264,FGFR4,,,Pass,Hoechst:DNA; Alexa Fluor 488 phalloidin:actin; mScarlet:fascin; iRFP:nuclear actin chromobody (nAC),10.09817219,-31.2731476,Yes,Yes,compound response across 12 wells,active,inactive,Nuclear fascin,regulation of protein localization to nucleus,GO_1900180,,,
1093688946,N7,Homo sapiens,NCBITaxon,9606,HeLa,EFO,EFO_0001185,,,,,SN1140243734,0.0125,2264,FGFR4,,,Pass,Hoechst:DNA; Alexa Fluor 488 phalloidin:actin; mScarlet:fascin; iRFP:nuclear actin chromobody (nAC),4.866846561,-14.8147106,Yes,Yes,compound response across 12 wells,active,inactive,Nuclear fascin,regulation of protein localization to nucleus,GO_1900180,,,
1093688946,N8,Homo sapiens,NCBITaxon,9606,HeLa,EFO,EFO_0001185,,,,,SN1140243734,0.003,2264,FGFR4,,,Pass,Hoechst:DNA; Alexa Fluor 488 phalloidin:actin; mScarlet:fascin; iRFP:nuclear actin chromobody (nAC),13.25350666,10.08388042,Yes,Yes,compound response across 12 wells,active,inactive,Nuclear fascin,regulation of protein localization to nucleus,GO_1900180,,,
1093688946,N9,Homo sapiens,NCBITaxon,9606,HeLa,EFO,EFO_0001185,,,,,SN1140243734,0.001,2264,FGFR4,,,Pass,Hoechst:DNA; Alexa Fluor 488 phalloidin:actin; mScarlet:fascin; iRFP:nuclear actin chromobody (nAC),4.267953873,-31.4948158,Yes,Yes,compound response across 12 wells,active,inactive,Nuclear fascin,regulation of protein localization to nucleus,GO_1900180,,,
1093688946,N10,Homo sapiens,NCBITaxon,9606,HeLa,EFO,EFO_0001185,,,,,SN1140243734,0.0003,2264,FGFR4,,,Pass,Hoechst:DNA; Alexa Fluor 488 phalloidin:actin; mScarlet:fascin; iRFP:nuclear actin chromobody (nAC),10.44519043,-3.50333023,Yes,Yes,compound response across 12 wells,active,inactive,Nuclear fascin,regulation of protein localization to nucleus,GO_1900180,,,
1093688946,N11,Homo sapiens,NCBITaxon,9606,HeLa,EFO,EFO_0001185,,,,,SN1140243734,0.00003,2264,FGFR4,,,Pass,Hoechst:DNA; Alexa Fluor 488 phalloidin:actin; mScarlet:fascin; iRFP:nuclear actin chromobody (nAC),29.38087463,-3.26627612,Yes,Yes,compound response across 12 wells,active,inactive,Nuclear fascin,regulation of protein localization to nucleus,GO_1900180,,,
1093688946,N12,Homo sapiens,NCBITaxon,9606,HeLa,EFO,EFO_0001185,,,,,SN1140237643,30,3678,ITGA5,,,Pass,Hoechst:DNA; Alexa Fluor 488 phalloidin:actin; mScarlet:fascin; iRFP:nuclear actin chromobody (nAC),46.40287018,-18.7189655,,,compound response across 12 wells,inactive,inactive,,,,,,
1093688946,N13,Homo sapiens,NCBITaxon,9606,HeLa,EFO,EFO_0001185,,,,,SN1140237643,10,3678,ITGA5,,,Pass,Hoechst:DNA; Alexa Fluor 488 phalloidin:actin; mScarlet:fascin; iRFP:nuclear actin chromobody (nAC),84.10121918,-95.9765167,,,compound response across 12 wells,inactive,inactive,,,,,,
1093688946,N14,Homo sapiens,NCBITaxon,9606,HeLa,EFO,EFO_0001185,DMSO,679,IAZDPXIOMUYVGZ-UHFFFAOYSA-N,CS(=O)C,,,,,Neutral Control,,Pass,Hoechst:DNA; Alexa Fluor 488 phalloidin:actin; mScarlet:fascin; iRFP:nuclear actin chromobody (nAC),10.98206902,-15.5602942,,,,,,,,,,,
1093688946,N15,Homo sapiens,NCBITaxon,9606,HeLa,EFO,EFO_0001185,,,,,,,,,Stimulator Control,Leptomycin b blocks nuclear export of fascin,Pass,Hoechst:DNA; Alexa Fluor 488 phalloidin:actin; mScarlet:fascin; iRFP:nuclear actin chromobody (nAC),117.6293564,-21.8084011,,,,,,,,,,,
1093688946,N16,Homo sapiens,NCBITaxon,9606,HeLa,EFO,EFO_0001185,DMSO,679,IAZDPXIOMUYVGZ-UHFFFAOYSA-N,CS(=O)C,,,,,Neutral Control,,Pass,Hoechst:DNA; Alexa Fluor 488 phalloidin:actin; mScarlet:fascin; iRFP:nuclear actin chromobody (nAC),7.52531147,9.36448288,,,,,,,,,,,
1093688946,N17,Homo sapiens,NCBITaxon,9606,HeLa,EFO,EFO_0001185,,,,,SN1140237643,3.125,3678,ITGA5,,,Pass,Hoechst:DNA; Alexa Fluor 488 phalloidin:actin; mScarlet:fascin; iRFP:nuclear actin chromobody (nAC),73.40805054,-36.9187813,,,compound response across 12 wells,inactive,inactive,,,,,,
1093688946,N18,Homo sapiens,NCBITaxon,9606,HeLa,EFO,EFO_0001185,,,,,SN1140237643,1.25,3678,ITGA5,,,Pass,Hoechst:DNA; Alexa Fluor 488 phalloidin:actin; mScarlet:fascin; iRFP:nuclear actin chromobody (nAC),40.1265831,-20.8846951,,,compound response across 12 wells,inactive,inactive,,,,,,
1093688946,N19,Homo sapiens,NCBITaxon,9606,HeLa,EFO,EFO_0001185,,,,,SN1140237643,0.3,3678,ITGA5,,,Pass,Hoechst:DNA; Alexa Fluor 488 phalloidin:actin; mScarlet:fascin; iRFP:nuclear actin chromobody (nAC),8.86541748,-33.9780998,,,compound response across 12 wells,inactive,inactive,,,,,,
1093688946,N20,Homo sapiens,NCBITaxon,9606,HeLa,EFO,EFO_0001185,,,,,SN1140237643,0.1,3678,ITGA5,,,Pass,Hoechst:DNA; Alexa Fluor 488 phalloidin:actin; mScarlet:fascin; iRFP:nuclear actin chromobody (nAC),23.55610466,-38.9389534,,,compound response across 12 wells,inactive,inactive,,,,,,
1093688946,N21,Homo sapiens,NCBITaxon,9606,HeLa,EFO,EFO_0001185,,,,,SN1140237643,0.03,3678,ITGA5,,,Pass,Hoechst:DNA; Alexa Fluor 488 phalloidin:actin; mScarlet:fascin; iRFP:nuclear actin chromobody (nAC),15.23908043,-45.1874046,,,compound response across 12 wells,inactive,inactive,,,,,,
1093688946,N22,Homo sapiens,NCBITaxon,9606,HeLa,EFO,EFO_0001185,,,,,SN1140237643,0.0125,3678,ITGA5,,,Pass,Hoechst:DNA; Alexa Fluor 488 phalloidin:actin; mScarlet:fascin; iRFP:nuclear actin chromobody (nAC),5.218090057,-37.8380661,,,compound response across 12 wells,inactive,inactive,,,,,,
1093688946,N23,Homo sapiens,NCBITaxon,9606,HeLa,EFO,EFO_0001185,,,,,SN1140237643,0.003,3678,ITGA5,,,Pass,Hoechst:DNA; Alexa Fluor 488 phalloidin:actin; mScarlet:fascin; iRFP:nuclear actin chromobody (nAC),16.25400734,-15.7542524,,,compound response across 12 wells,inactive,inactive,,,,,,
1093688946,N24,Homo sapiens,NCBITaxon,9606,HeLa,EFO,EFO_0001185,,,,,SN1140237643,0.001,3678,ITGA5,,,Pass,Hoechst:DNA; Alexa Fluor 488 phalloidin:actin; mScarlet:fascin; iRFP:nuclear actin chromobody (nAC),27.87615585,-37.8624611,,,compound response across 12 wells,inactive,inactive,,,,,,
1093688946,O1,Homo sapiens,NCBITaxon,9606,HeLa,EFO,EFO_0001185,,,,,SN1140237643,0.0003,3678,ITGA5,,,Pass,Hoechst:DNA; Alexa Fluor 488 phalloidin:actin; mScarlet:fascin; iRFP:nuclear actin chromobody (nAC),17.72674561,-20.4248981,,,compound response across 12 wells,inactive,inactive,,,,,,
1093688946,O2,Homo sapiens,NCBITaxon,9606,HeLa,EFO,EFO_0001185,,,,,SN1140237643,0.00003,3678,ITGA5,,,Pass,Hoechst:DNA; Alexa Fluor 488 phalloidin:actin; mScarlet:fascin; iRFP:nuclear actin chromobody (nAC),7.789260864,-2.3145535,,,compound response across 12 wells,inactive,inactive,,,,,,
1093688946,O3,Homo sapiens,NCBITaxon,9606,HeLa,EFO,EFO_0001185,,,,,SN1048744455,30,5147,PDE6D,,,Pass,Hoechst:DNA; Alexa Fluor 488 phalloidin:actin; mScarlet:fascin; iRFP:nuclear actin chromobody (nAC),38.60920334,,,,compound response across 12 wells,inactive,inactive,,,,,,
1093688946,O4,Homo sapiens,NCBITaxon,9606,HeLa,EFO,EFO_0001185,,,,,SN1048744455,10,5147,PDE6D,,,Fail,Hoechst:DNA; Alexa Fluor 488 phalloidin:actin; mScarlet:fascin; iRFP:nuclear actin chromobody (nAC),264.5637512,,,,compound response across 12 wells,inactive,inactive,,,,,,
1093688946,O5,Homo sapiens,NCBITaxon,9606,HeLa,EFO,EFO_0001185,,,,,SN1048744455,3.125,5147,PDE6D,,,Pass,Hoechst:DNA; Alexa Fluor 488 phalloidin:actin; mScarlet:fascin; iRFP:nuclear actin chromobody (nAC),-28.5678215,-6.02304268,,,compound response across 12 wells,inactive,inactive,,,,,,
1093688946,O6,Homo sapiens,NCBITaxon,9606,HeLa,EFO,EFO_0001185,,,,,SN1048744455,1.25,5147,PDE6D,,,Pass,Hoechst:DNA; Alexa Fluor 488 phalloidin:actin; mScarlet:fascin; iRFP:nuclear actin chromobody (nAC),-2.807878494,-4.02229881,,,compound response across 12 wells,inactive,inactive,,,,,,
1093688946,O7,Homo sapiens,NCBITaxon,9606,HeLa,EFO,EFO_0001185,DMSO,679,IAZDPXIOMUYVGZ-UHFFFAOYSA-N,CS(=O)C,,,,,Neutral Control,,Pass,Hoechst:DNA; Alexa Fluor 488 phalloidin:actin; mScarlet:fascin; iRFP:nuclear actin chromobody (nAC),1.106990576,-7.07919216,,,,,,,,,,,
1093688946,O8,Homo sapiens,NCBITaxon,9606,HeLa,EFO,EFO_0001185,,,,,,,,,Stimulator Control,Leptomycin b blocks nuclear export of fascin,Pass,Hoechst:DNA; Alexa Fluor 488 phalloidin:actin; mScarlet:fascin; iRFP:nuclear actin chromobody (nAC),93.40427399,-2.7619307,,,,,,,,,,,
1093688946,O9,Homo sapiens,NCBITaxon,9606,HeLa,EFO,EFO_0001185,DMSO,679,IAZDPXIOMUYVGZ-UHFFFAOYSA-N,CS(=O)C,,,,,Neutral Control,,Pass,Hoechst:DNA; Alexa Fluor 488 phalloidin:actin; mScarlet:fascin; iRFP:nuclear actin chromobody (nAC),4.802206516,-7.61610031,,,,,,,,,,,
1093688946,O10,Homo sapiens,NCBITaxon,9606,HeLa,EFO,EFO_0001185,,,,,SN1048744455,0.3,5147,PDE6D,,,Pass,Hoechst:DNA; Alexa Fluor 488 phalloidin:actin; mScarlet:fascin; iRFP:nuclear actin chromobody (nAC),7.587416172,-8.79477787,,,compound response across 12 wells,inactive,inactive,,,,,,
1093688946,O11,Homo sapiens,NCBITaxon,9606,HeLa,EFO,EFO_0001185,,,,,SN1048744455,0.1,5147,PDE6D,,,Pass,Hoechst:DNA; Alexa Fluor 488 phalloidin:actin; mScarlet:fascin; iRFP:nuclear actin chromobody (nAC),7.086699009,4.252007961,,,compound response across 12 wells,inactive,inactive,,,,,,
1093688946,O12,Homo sapiens,NCBITaxon,9606,HeLa,EFO,EFO_0001185,,,,,SN1048744455,0.03,5147,PDE6D,,,Pass,Hoechst:DNA; Alexa Fluor 488 phalloidin:actin; mScarlet:fascin; iRFP:nuclear actin chromobody (nAC),4.939727306,26.22296715,,,compound response across 12 wells,inactive,inactive,,,,,,
1093688946,O13,Homo sapiens,NCBITaxon,9606,HeLa,EFO,EFO_0001185,,,,,SN1048744455,0.0125,5147,PDE6D,,,Pass,Hoechst:DNA; Alexa Fluor 488 phalloidin:actin; mScarlet:fascin; iRFP:nuclear actin chromobody (nAC),2.01325345,-37.4689102,,,compound response across 12 wells,inactive,inactive,,,,,,
1093688946,O14,Homo sapiens,NCBITaxon,9606,HeLa,EFO,EFO_0001185,,,,,SN1048744455,0.003,5147,PDE6D,,,Pass,Hoechst:DNA; Alexa Fluor 488 phalloidin:actin; mScarlet:fascin; iRFP:nuclear actin chromobody (nAC),18.14223671,-12.8581638,,,compound response across 12 wells,inactive,inactive,,,,,,
1093688946,O15,Homo sapiens,NCBITaxon,9606,HeLa,EFO,EFO_0001185,,,,,SN1048744455,0.001,5147,PDE6D,,,Pass,Hoechst:DNA; Alexa Fluor 488 phalloidin:actin; mScarlet:fascin; iRFP:nuclear actin chromobody (nAC),14.33158016,-8.68357944,,,compound response across 12 wells,inactive,inactive,,,,,,
1093688946,O16,Homo sapiens,NCBITaxon,9606,HeLa,EFO,EFO_0001185,,,,,SN1048744455,0.0003,5147,PDE6D,,,Pass,Hoechst:DNA; Alexa Fluor 488 phalloidin:actin; mScarlet:fascin; iRFP:nuclear actin chromobody (nAC),3.595048189,11.70778179,,,compound response across 12 wells,inactive,inactive,,,,,,
1093688946,O17,Homo sapiens,NCBITaxon,9606,HeLa,EFO,EFO_0001185,,,,,SN1048744455,0.00003,5147,PDE6D,,,Pass,Hoechst:DNA; Alexa Fluor 488 phalloidin:actin; mScarlet:fascin; iRFP:nuclear actin chromobody (nAC),1.928947926,-4.98876715,,,compound response across 12 wells,inactive,inactive,,,,,,
1093688946,O18,Homo sapiens,NCBITaxon,9606,HeLa,EFO,EFO_0001185,,,,,SN1127265894,30,1022,CDK7,,,Pass,Hoechst:DNA; Alexa Fluor 488 phalloidin:actin; mScarlet:fascin; iRFP:nuclear actin chromobody (nAC),45.4145813,,,Yes,compound response across 12 wells,active,active,Nuclear fascin,regulation of protein localization to nucleus,GO_1900180,Nuclear actin,actin filament phenotype,CMPO_0000104
1093688946,O19,Homo sapiens,NCBITaxon,9606,HeLa,EFO,EFO_0001185,,,,,SN1127265894,10,1022,CDK7,,,Pass,Hoechst:DNA; Alexa Fluor 488 phalloidin:actin; mScarlet:fascin; iRFP:nuclear actin chromobody (nAC),75.60751343,-355.36087,,Yes,compound response across 12 wells,active,active,Nuclear fascin,regulation of protein localization to nucleus,GO_1900180,Nuclear actin,actin filament phenotype,CMPO_0000104
1093688946,O20,Homo sapiens,NCBITaxon,9606,HeLa,EFO,EFO_0001185,,,,,SN1127265894,3.125,1022,CDK7,,,Pass,Hoechst:DNA; Alexa Fluor 488 phalloidin:actin; mScarlet:fascin; iRFP:nuclear actin chromobody (nAC),62.76591873,-37.8248253,,Yes,compound response across 12 wells,active,active,Nuclear fascin,regulation of protein localization to nucleus,GO_1900180,Nuclear actin,actin filament phenotype,CMPO_0000104
1093688946,O21,Homo sapiens,NCBITaxon,9606,HeLa,EFO,EFO_0001185,,,,,SN1127265894,1.25,1022,CDK7,,,Pass,Hoechst:DNA; Alexa Fluor 488 phalloidin:actin; mScarlet:fascin; iRFP:nuclear actin chromobody (nAC),-16.39916611,-42.8922424,,Yes,compound response across 12 wells,active,active,Nuclear fascin,regulation of protein localization to nucleus,GO_1900180,Nuclear actin,actin filament phenotype,CMPO_0000104
1093688946,O22,Homo sapiens,NCBITaxon,9606,HeLa,EFO,EFO_0001185,,,,,SN1127265894,0.3,1022,CDK7,,,Pass,Hoechst:DNA; Alexa Fluor 488 phalloidin:actin; mScarlet:fascin; iRFP:nuclear actin chromobody (nAC),5.790465832,-41.5903091,,Yes,compound response across 12 wells,active,active,Nuclear fascin,regulation of protein localization to nucleus,GO_1900180,Nuclear actin,actin filament phenotype,CMPO_0000104
1093688946,O23,Homo sapiens,NCBITaxon,9606,HeLa,EFO,EFO_0001185,,,,,SN1127265894,0.1,1022,CDK7,,,Pass,Hoechst:DNA; Alexa Fluor 488 phalloidin:actin; mScarlet:fascin; iRFP:nuclear actin chromobody (nAC),9.553943634,-25.5644817,,Yes,compound response across 12 wells,active,active,Nuclear fascin,regulation of protein localization to nucleus,GO_1900180,Nuclear actin,actin filament phenotype,CMPO_0000104
1093688946,O24,Homo sapiens,NCBITaxon,9606,HeLa,EFO,EFO_0001185,DMSO,679,IAZDPXIOMUYVGZ-UHFFFAOYSA-N,CS(=O)C,,,,,Neutral Control,,Pass,Hoechst:DNA; Alexa Fluor 488 phalloidin:actin; mScarlet:fascin; iRFP:nuclear actin chromobody (nAC),-4.305895805,6.637373924,,,,,,,,,,,
1093688946,P1,Homo sapiens,NCBITaxon,9606,HeLa,EFO,EFO_0001185,DMSO,679,IAZDPXIOMUYVGZ-UHFFFAOYSA-N,CS(=O)C,,,,,Neutral Control,,Pass,Hoechst:DNA; Alexa Fluor 488 phalloidin:actin; mScarlet:fascin; iRFP:nuclear actin chromobody (nAC),7.386582851,-30.0431061,,,,,,,,,,,
1093688946,P2,Homo sapiens,NCBITaxon,9606,HeLa,EFO,EFO_0001185,,,,,,,,,Stimulator Control,Leptomycin b blocks nuclear export of fascin,Pass,Hoechst:DNA; Alexa Fluor 488 phalloidin:actin; mScarlet:fascin; iRFP:nuclear actin chromobody (nAC),107.5847321,-16.1736622,,,,,,,,,,,
1093688946,P3,Homo sapiens,NCBITaxon,9606,HeLa,EFO,EFO_0001185,DMSO,679,IAZDPXIOMUYVGZ-UHFFFAOYSA-N,CS(=O)C,,,,,Neutral Control,,Pass,Hoechst:DNA; Alexa Fluor 488 phalloidin:actin; mScarlet:fascin; iRFP:nuclear actin chromobody (nAC),-6.988462925,5.380500317,,,,,,,,,,,
1093688946,P4,Homo sapiens,NCBITaxon,9606,HeLa,EFO,EFO_0001185,,,,,SN1127265894,0.03,1022,CDK7,,,Pass,Hoechst:DNA; Alexa Fluor 488 phalloidin:actin; mScarlet:fascin; iRFP:nuclear actin chromobody (nAC),10.71067905,0.045082707,,Yes,compound response across 12 wells,active,active,Nuclear fascin,regulation of protein localization to nucleus,GO_1900180,Nuclear actin,actin filament phenotype,CMPO_0000104
1093688946,P5,Homo sapiens,NCBITaxon,9606,HeLa,EFO,EFO_0001185,,,,,SN1127265894,0.0125,1022,CDK7,,,Pass,Hoechst:DNA; Alexa Fluor 488 phalloidin:actin; mScarlet:fascin; iRFP:nuclear actin chromobody (nAC),15.79636383,-2.10705733,,Yes,compound response across 12 wells,active,active,Nuclear fascin,regulation of protein localization to nucleus,GO_1900180,Nuclear actin,actin filament phenotype,CMPO_0000104
1093688946,P6,Homo sapiens,NCBITaxon,9606,HeLa,EFO,EFO_0001185,,,,,SN1127265894,0.003,1022,CDK7,,,Pass,Hoechst:DNA; Alexa Fluor 488 phalloidin:actin; mScarlet:fascin; iRFP:nuclear actin chromobody (nAC),8.553399086,-3.97318745,,Yes,compound response across 12 wells,active,active,Nuclear fascin,regulation of protein localization to nucleus,GO_1900180,Nuclear actin,actin filament phenotype,CMPO_0000104
1093688946,P7,Homo sapiens,NCBITaxon,9606,HeLa,EFO,EFO_0001185,,,,,SN1127265894,0.001,1022,CDK7,,,Pass,Hoechst:DNA; Alexa Fluor 488 phalloidin:actin; mScarlet:fascin; iRFP:nuclear actin chromobody (nAC),4.973126888,32.64848328,,Yes,compound response across 12 wells,active,active,Nuclear fascin,regulation of protein localization to nucleus,GO_1900180,Nuclear actin,actin filament phenotype,CMPO_0000104
1093688946,P8,Homo sapiens,NCBITaxon,9606,HeLa,EFO,EFO_0001185,,,,,SN1127265894,0.0003,1022,CDK7,,,Pass,Hoechst:DNA; Alexa Fluor 488 phalloidin:actin; mScarlet:fascin; iRFP:nuclear actin chromobody (nAC),11.82302761,-16.3329544,,Yes,compound response across 12 wells,active,active,Nuclear fascin,regulation of protein localization to nucleus,GO_1900180,Nuclear actin,actin filament phenotype,CMPO_0000104
1093688946,P9,Homo sapiens,NCBITaxon,9606,HeLa,EFO,EFO_0001185,,,,,SN1127265894,0.00003,1022,CDK7,,,Pass,Hoechst:DNA; Alexa Fluor 488 phalloidin:actin; mScarlet:fascin; iRFP:nuclear actin chromobody (nAC),14.07552433,-12.1914778,,Yes,compound response across 12 wells,active,active,Nuclear fascin,regulation of protein localization to nucleus,GO_1900180,Nuclear actin,actin filament phenotype,CMPO_0000104
1093688946,P10,Homo sapiens,NCBITaxon,9606,HeLa,EFO,EFO_0001185,,,,,SN1107818037,30,8019,BRD3,,,Pass,Hoechst:DNA; Alexa Fluor 488 phalloidin:actin; mScarlet:fascin; iRFP:nuclear actin chromobody (nAC),7.999828815,-223.2099,,Yes,compound response across 12 wells,inactive,active,,,,Nuclear actin,actin filament phenotype,CMPO_0000104
1093688946,P11,Homo sapiens,NCBITaxon,9606,HeLa,EFO,EFO_0001185,,,,,SN1107818037,10,8019,BRD3,,,Pass,Hoechst:DNA; Alexa Fluor 488 phalloidin:actin; mScarlet:fascin; iRFP:nuclear actin chromobody (nAC),56.13991547,-150.5056,,Yes,compound response across 12 wells,inactive,active,,,,Nuclear actin,actin filament phenotype,CMPO_0000104
1093688946,P12,Homo sapiens,NCBITaxon,9606,HeLa,EFO,EFO_0001185,,,,,SN1107818037,3.125,8019,BRD3,,,Pass,Hoechst:DNA; Alexa Fluor 488 phalloidin:actin; mScarlet:fascin; iRFP:nuclear actin chromobody (nAC),18.89291382,-42.6554642,,Yes,compound response across 12 wells,inactive,active,,,,Nuclear actin,actin filament phenotype,CMPO_0000104
1093688946,P13,Homo sapiens,NCBITaxon,9606,HeLa,EFO,EFO_0001185,,,,,SN1107818037,1.25,8019,BRD3,,,Pass,Hoechst:DNA; Alexa Fluor 488 phalloidin:actin; mScarlet:fascin; iRFP:nuclear actin chromobody (nAC),15.22080421,26.88279152,,Yes,compound response across 12 wells,inactive,active,,,,Nuclear actin,actin filament phenotype,CMPO_0000104
1093688946,P14,Homo sapiens,NCBITaxon,9606,HeLa,EFO,EFO_0001185,,,,,SN1107818037,0.3,8019,BRD3,,,Pass,Hoechst:DNA; Alexa Fluor 488 phalloidin:actin; mScarlet:fascin; iRFP:nuclear actin chromobody (nAC),11.75788879,-1.67149889,,Yes,compound response across 12 wells,inactive,active,,,,Nuclear actin,actin filament phenotype,CMPO_0000104
1093688946,P15,Homo sapiens,NCBITaxon,9606,HeLa,EFO,EFO_0001185,,,,,SN1107818037,0.1,8019,BRD3,,,Pass,Hoechst:DNA; Alexa Fluor 488 phalloidin:actin; mScarlet:fascin; iRFP:nuclear actin chromobody (nAC),9.250090599,-6.76046944,,Yes,compound response across 12 wells,inactive,active,,,,Nuclear actin,actin filament phenotype,CMPO_0000104
1093688946,P16,Homo sapiens,NCBITaxon,9606,HeLa,EFO,EFO_0001185,,,,,SN1107818037,0.03,8019,BRD3,,,Pass,Hoechst:DNA; Alexa Fluor 488 phalloidin:actin; mScarlet:fascin; iRFP:nuclear actin chromobody (nAC),4.590763092,20.66122246,,Yes,compound response across 12 wells,inactive,active,,,,Nuclear actin,actin filament phenotype,CMPO_0000104
1093688946,P17,Homo sapiens,NCBITaxon,9606,HeLa,EFO,EFO_0001185,,,,,SN1107818037,0.0125,8019,BRD3,,,Pass,Hoechst:DNA; Alexa Fluor 488 phalloidin:actin; mScarlet:fascin; iRFP:nuclear actin chromobody (nAC),22.35775948,-4.5600419,,Yes,compound response across 12 wells,inactive,active,,,,Nuclear actin,actin filament phenotype,CMPO_0000104
1093688946,P18,Homo sapiens,NCBITaxon,9606,HeLa,EFO,EFO_0001185,DMSO,679,IAZDPXIOMUYVGZ-UHFFFAOYSA-N,CS(=O)C,,,,,Neutral Control,,Pass,Hoechst:DNA; Alexa Fluor 488 phalloidin:actin; mScarlet:fascin; iRFP:nuclear actin chromobody (nAC),20.19531822,13.86833477,,,,,,,,,,,
1093688946,P19,Homo sapiens,NCBITaxon,9606,HeLa,EFO,EFO_0001185,,,,,,,,,Stimulator Control,Leptomycin b blocks nuclear export of fascin,Pass,Hoechst:DNA; Alexa Fluor 488 phalloidin:actin; mScarlet:fascin; iRFP:nuclear actin chromobody (nAC),109.664238,11.54843998,,,,,,,,,,,
1093688946,P20,Homo sapiens,NCBITaxon,9606,HeLa,EFO,EFO_0001185,DMSO,679,IAZDPXIOMUYVGZ-UHFFFAOYSA-N,CS(=O)C,,,,,Neutral Control,,Pass,Hoechst:DNA; Alexa Fluor 488 phalloidin:actin; mScarlet:fascin; iRFP:nuclear actin chromobody (nAC),-1.047330737,14.38526726,,,,,,,,,,,
1093688946,P21,Homo sapiens,NCBITaxon,9606,HeLa,EFO,EFO_0001185,,,,,SN1107818037,0.003,8019,BRD3,,,Pass,Hoechst:DNA; Alexa Fluor 488 phalloidin:actin; mScarlet:fascin; iRFP:nuclear actin chromobody (nAC),18.98781395,-16.6881027,,Yes,compound response across 12 wells,inactive,active,,,,Nuclear actin,actin filament phenotype,CMPO_0000104
1093688946,P22,Homo sapiens,NCBITaxon,9606,HeLa,EFO,EFO_0001185,,,,,SN1107818037,0.001,8019,BRD3,,,Pass,Hoechst:DNA; Alexa Fluor 488 phalloidin:actin; mScarlet:fascin; iRFP:nuclear actin chromobody (nAC),15.42436886,0.111477032,,Yes,compound response across 12 wells,inactive,active,,,,Nuclear actin,actin filament phenotype,CMPO_0000104
1093688946,P23,Homo sapiens,NCBITaxon,9606,HeLa,EFO,EFO_0001185,,,,,SN1107818037,0.0003,8019,BRD3,,,Pass,Hoechst:DNA; Alexa Fluor 488 phalloidin:actin; mScarlet:fascin; iRFP:nuclear actin chromobody (nAC),9.319877625,-31.5729523,,Yes,compound response across 12 wells,inactive,active,,,,Nuclear actin,actin filament phenotype,CMPO_0000104
1093688946,P24,Homo sapiens,NCBITaxon,9606,HeLa,EFO,EFO_0001185,,,,,SN1107818037,0.00003,8019,BRD3,,,Pass,Hoechst:DNA; Alexa Fluor 488 phalloidin:actin; mScarlet:fascin; iRFP:nuclear actin chromobody (nAC),8.417222023,-9.83387852,,Yes,compound response across 12 wells,inactive,active,,,,Nuclear actin,actin filament phenotype,CMPO_0000104
1093688953,A1,Homo sapiens,NCBITaxon,9606,HeLa,EFO,EFO_0001185,DMSO,679,IAZDPXIOMUYVGZ-UHFFFAOYSA-N,CS(=O)C,,,,,Neutral Control,,Pass,Hoechst:DNA; Alexa Fluor 488 phalloidin:actin; mScarlet:fascin; iRFP:nuclear actin chromobody (nAC),11.80850315,17.87477875,,,,,,,,,,,
1093688953,A2,Homo sapiens,NCBITaxon,9606,HeLa,EFO,EFO_0001185,,,,,,,,,Stimulator Control,Leptomycin b blocks nuclear export of fascin,Pass,Hoechst:DNA; Alexa Fluor 488 phalloidin:actin; mScarlet:fascin; iRFP:nuclear actin chromobody (nAC),106.1342239,23.28850746,,,,,,,,,,,
1093688953,A3,Homo sapiens,NCBITaxon,9606,HeLa,EFO,EFO_0001185,DMSO,679,IAZDPXIOMUYVGZ-UHFFFAOYSA-N,CS(=O)C,,,,,Neutral Control,,Pass,Hoechst:DNA; Alexa Fluor 488 phalloidin:actin; mScarlet:fascin; iRFP:nuclear actin chromobody (nAC),15.39299679,-34.2998772,,,,,,,,,,,
1093688953,A4,Homo sapiens,NCBITaxon,9606,HeLa,EFO,EFO_0001185,,,,,SN1123576281,30,1017,CDK2,,,Pass,Hoechst:DNA; Alexa Fluor 488 phalloidin:actin; mScarlet:fascin; iRFP:nuclear actin chromobody (nAC),23.78901672,43.27483749,,Yes,compound response across 12 wells,active,active,Nuclear fascin,regulation of protein localization to nucleus,GO_1900180,Nuclear actin,actin filament phenotype,CMPO_0000104
1093688953,A5,Homo sapiens,NCBITaxon,9606,HeLa,EFO,EFO_0001185,,,,,SN1123576281,10,1017,CDK2,,,Pass,Hoechst:DNA; Alexa Fluor 488 phalloidin:actin; mScarlet:fascin; iRFP:nuclear actin chromobody (nAC),54.3989563,-73.4004211,,Yes,compound response across 12 wells,active,active,Nuclear fascin,regulation of protein localization to nucleus,GO_1900180,Nuclear actin,actin filament phenotype,CMPO_0000104
1093688953,A6,Homo sapiens,NCBITaxon,9606,HeLa,EFO,EFO_0001185,,,,,SN1123576281,3.125,1017,CDK2,,,Pass,Hoechst:DNA; Alexa Fluor 488 phalloidin:actin; mScarlet:fascin; iRFP:nuclear actin chromobody (nAC),80.53931427,-30.6193886,,Yes,compound response across 12 wells,active,active,Nuclear fascin,regulation of protein localization to nucleus,GO_1900180,Nuclear actin,actin filament phenotype,CMPO_0000104
1093688953,A7,Homo sapiens,NCBITaxon,9606,HeLa,EFO,EFO_0001185,,,,,SN1123576281,1.25,1017,CDK2,,,Pass,Hoechst:DNA; Alexa Fluor 488 phalloidin:actin; mScarlet:fascin; iRFP:nuclear actin chromobody (nAC),44.07721329,-43.409687,,Yes,compound response across 12 wells,active,active,Nuclear fascin,regulation of protein localization to nucleus,GO_1900180,Nuclear actin,actin filament phenotype,CMPO_0000104
1093688953,A8,Homo sapiens,NCBITaxon,9606,HeLa,EFO,EFO_0001185,,,,,SN1123576281,0.3,1017,CDK2,,,Pass,Hoechst:DNA; Alexa Fluor 488 phalloidin:actin; mScarlet:fascin; iRFP:nuclear actin chromobody (nAC),-2.145328045,18.89618683,,Yes,compound response across 12 wells,active,active,Nuclear fascin,regulation of protein localization to nucleus,GO_1900180,Nuclear actin,actin filament phenotype,CMPO_0000104
1093688953,A9,Homo sapiens,NCBITaxon,9606,HeLa,EFO,EFO_0001185,,,,,SN1123576281,0.1,1017,CDK2,,,Pass,Hoechst:DNA; Alexa Fluor 488 phalloidin:actin; mScarlet:fascin; iRFP:nuclear actin chromobody (nAC),0.43563053,32.4270401,,Yes,compound response across 12 wells,active,active,Nuclear fascin,regulation of protein localization to nucleus,GO_1900180,Nuclear actin,actin filament phenotype,CMPO_0000104
1093688953,A10,Homo sapiens,NCBITaxon,9606,HeLa,EFO,EFO_0001185,,,,,SN1123576281,0.03,1017,CDK2,,,Pass,Hoechst:DNA; Alexa Fluor 488 phalloidin:actin; mScarlet:fascin; iRFP:nuclear actin chromobody (nAC),20.12515831,-20.9202824,,Yes,compound response across 12 wells,active,active,Nuclear fascin,regulation of protein localization to nucleus,GO_1900180,Nuclear actin,actin filament phenotype,CMPO_0000104
1093688953,A11,Homo sapiens,NCBITaxon,9606,HeLa,EFO,EFO_0001185,,,,,SN1123576281,0.0125,1017,CDK2,,,Pass,Hoechst:DNA; Alexa Fluor 488 phalloidin:actin; mScarlet:fascin; iRFP:nuclear actin chromobody (nAC),43.25107956,20.28886414,,Yes,compound response across 12 wells,active,active,Nuclear fascin,regulation of protein localization to nucleus,GO_1900180,Nuclear actin,actin filament phenotype,CMPO_0000104
1093688953,A12,Homo sapiens,NCBITaxon,9606,HeLa,EFO,EFO_0001185,DMSO,679,IAZDPXIOMUYVGZ-UHFFFAOYSA-N,CS(=O)C,,,,,Neutral Control,,Pass,Hoechst:DNA; Alexa Fluor 488 phalloidin:actin; mScarlet:fascin; iRFP:nuclear actin chromobody (nAC),2.103933334,46.86188507,,,,,,,,,,,
1093688953,A13,Homo sapiens,NCBITaxon,9606,HeLa,EFO,EFO_0001185,,,,,,,,,Stimulator Control,Leptomycin b blocks nuclear export of fascin,Pass,Hoechst:DNA; Alexa Fluor 488 phalloidin:actin; mScarlet:fascin; iRFP:nuclear actin chromobody (nAC),108.8682404,-14.8243084,,,,,,,,,,,
1093688953,A14,Homo sapiens,NCBITaxon,9606,HeLa,EFO,EFO_0001185,DMSO,679,IAZDPXIOMUYVGZ-UHFFFAOYSA-N,CS(=O)C,,,,,Neutral Control,,Pass,Hoechst:DNA; Alexa Fluor 488 phalloidin:actin; mScarlet:fascin; iRFP:nuclear actin chromobody (nAC),6.786547184,-14.7901316,,,,,,,,,,,
1093688953,A15,Homo sapiens,NCBITaxon,9606,HeLa,EFO,EFO_0001185,,,,,SN1123576281,0.003,1017,CDK2,,,Pass,Hoechst:DNA; Alexa Fluor 488 phalloidin:actin; mScarlet:fascin; iRFP:nuclear actin chromobody (nAC),3.42010808,-6.00253344,,Yes,compound response across 12 wells,active,active,Nuclear fascin,regulation of protein localization to nucleus,GO_1900180,Nuclear actin,actin filament phenotype,CMPO_0000104
1093688953,A16,Homo sapiens,NCBITaxon,9606,HeLa,EFO,EFO_0001185,,,,,SN1123576281,0.001,1017,CDK2,,,Pass,Hoechst:DNA; Alexa Fluor 488 phalloidin:actin; mScarlet:fascin; iRFP:nuclear actin chromobody (nAC),3.822232246,-0.66820574,,Yes,compound response across 12 wells,active,active,Nuclear fascin,regulation of protein localization to nucleus,GO_1900180,Nuclear actin,actin filament phenotype,CMPO_0000104
1093688953,A17,Homo sapiens,NCBITaxon,9606,HeLa,EFO,EFO_0001185,,,,,SN1123576281,0.0003,1017,CDK2,,,Pass,Hoechst:DNA; Alexa Fluor 488 phalloidin:actin; mScarlet:fascin; iRFP:nuclear actin chromobody (nAC),9.094246864,11.66927814,,Yes,compound response across 12 wells,active,active,Nuclear fascin,regulation of protein localization to nucleus,GO_1900180,Nuclear actin,actin filament phenotype,CMPO_0000104
1093688953,A18,Homo sapiens,NCBITaxon,9606,HeLa,EFO,EFO_0001185,,,,,SN1123576281,0.00003,1017,CDK2,,,Pass,Hoechst:DNA; Alexa Fluor 488 phalloidin:actin; mScarlet:fascin; iRFP:nuclear actin chromobody (nAC),8.812339783,-12.916048,,Yes,compound response across 12 wells,active,active,Nuclear fascin,regulation of protein localization to nucleus,GO_1900180,Nuclear actin,actin filament phenotype,CMPO_0000104
1093688953,A19,Homo sapiens,NCBITaxon,9606,HeLa,EFO,EFO_0001185,,,,,SN1051816269,30,3579,CXCR2,,,Pass,Hoechst:DNA; Alexa Fluor 488 phalloidin:actin; mScarlet:fascin; iRFP:nuclear actin chromobody (nAC),12.62773705,1.566106439,,,compound response across 12 wells,inactive,inactive,,,,,,
1093688953,A20,Homo sapiens,NCBITaxon,9606,HeLa,EFO,EFO_0001185,,,,,SN1051816269,10,3579,CXCR2,,,Pass,Hoechst:DNA; Alexa Fluor 488 phalloidin:actin; mScarlet:fascin; iRFP:nuclear actin chromobody (nAC),10.54757786,-57.6479721,,,compound response across 12 wells,inactive,inactive,,,,,,
1093688953,A21,Homo sapiens,NCBITaxon,9606,HeLa,EFO,EFO_0001185,,,,,SN1051816269,3.125,3579,CXCR2,,,Pass,Hoechst:DNA; Alexa Fluor 488 phalloidin:actin; mScarlet:fascin; iRFP:nuclear actin chromobody (nAC),8.287952423,27.61130524,,,compound response across 12 wells,inactive,inactive,,,,,,
1093688953,A22,Homo sapiens,NCBITaxon,9606,HeLa,EFO,EFO_0001185,,,,,SN1051816269,1.25,3579,CXCR2,,,Pass,Hoechst:DNA; Alexa Fluor 488 phalloidin:actin; mScarlet:fascin; iRFP:nuclear actin chromobody (nAC),14.80441761,-24.6636848,,,compound response across 12 wells,inactive,inactive,,,,,,
1093688953,A23,Homo sapiens,NCBITaxon,9606,HeLa,EFO,EFO_0001185,DMSO,679,IAZDPXIOMUYVGZ-UHFFFAOYSA-N,CS(=O)C,,,,,Neutral Control,,Pass,Hoechst:DNA; Alexa Fluor 488 phalloidin:actin; mScarlet:fascin; iRFP:nuclear actin chromobody (nAC),3.474118233,-3.13088369,,,,,,,,,,,
1093688953,A24,Homo sapiens,NCBITaxon,9606,HeLa,EFO,EFO_0001185,,,,,,,,,Stimulator Control,Leptomycin b blocks nuclear export of fascin,Pass,Hoechst:DNA; Alexa Fluor 488 phalloidin:actin; mScarlet:fascin; iRFP:nuclear actin chromobody (nAC),108.0563049,-33.3576775,,,,,,,,,,,
1093688953,B1,Homo sapiens,NCBITaxon,9606,HeLa,EFO,EFO_0001185,,,,,SN1051816269,0.3,3579,CXCR2,,,Pass,Hoechst:DNA; Alexa Fluor 488 phalloidin:actin; mScarlet:fascin; iRFP:nuclear actin chromobody (nAC),3.284641027,-36.0180588,,,compound response across 12 wells,inactive,inactive,,,,,,
1093688953,B2,Homo sapiens,NCBITaxon,9606,HeLa,EFO,EFO_0001185,,,,,SN1051816269,0.1,3579,CXCR2,,,Pass,Hoechst:DNA; Alexa Fluor 488 phalloidin:actin; mScarlet:fascin; iRFP:nuclear actin chromobody (nAC),10.52013111,0.220186323,,,compound response across 12 wells,inactive,inactive,,,,,,
1093688953,B3,Homo sapiens,NCBITaxon,9606,HeLa,EFO,EFO_0001185,,,,,SN1051816269,0.03,3579,CXCR2,,,Pass,Hoechst:DNA; Alexa Fluor 488 phalloidin:actin; mScarlet:fascin; iRFP:nuclear actin chromobody (nAC),23.25787354,-37.7109909,,,compound response across 12 wells,inactive,inactive,,,,,,
1093688953,B4,Homo sapiens,NCBITaxon,9606,HeLa,EFO,EFO_0001185,,,,,SN1051816269,0.0125,3579,CXCR2,,,Pass,Hoechst:DNA; Alexa Fluor 488 phalloidin:actin; mScarlet:fascin; iRFP:nuclear actin chromobody (nAC),5.205962181,-38.9446297,,,compound response across 12 wells,inactive,inactive,,,,,,
1093688953,B5,Homo sapiens,NCBITaxon,9606,HeLa,EFO,EFO_0001185,,,,,SN1051816269,0.003,3579,CXCR2,,,Pass,Hoechst:DNA; Alexa Fluor 488 phalloidin:actin; mScarlet:fascin; iRFP:nuclear actin chromobody (nAC),8.928682327,-12.8243923,,,compound response across 12 wells,inactive,inactive,,,,,,
1093688953,B6,Homo sapiens,NCBITaxon,9606,HeLa,EFO,EFO_0001185,,,,,SN1051816269,0.001,3579,CXCR2,,,Pass,Hoechst:DNA; Alexa Fluor 488 phalloidin:actin; mScarlet:fascin; iRFP:nuclear actin chromobody (nAC),10.8710041,-34.6788902,,,compound response across 12 wells,inactive,inactive,,,,,,
1093688953,B7,Homo sapiens,NCBITaxon,9606,HeLa,EFO,EFO_0001185,,,,,SN1051816269,0.0003,3579,CXCR2,,,Pass,Hoechst:DNA; Alexa Fluor 488 phalloidin:actin; mScarlet:fascin; iRFP:nuclear actin chromobody (nAC),14.96775055,-42.2362175,,,compound response across 12 wells,inactive,inactive,,,,,,
1093688953,B8,Homo sapiens,NCBITaxon,9606,HeLa,EFO,EFO_0001185,,,,,SN1051816269,0.00003,3579,CXCR2,,,Pass,Hoechst:DNA; Alexa Fluor 488 phalloidin:actin; mScarlet:fascin; iRFP:nuclear actin chromobody (nAC),7.078992367,-0.61380029,,,compound response across 12 wells,inactive,inactive,,,,,,
1093688953,B9,Homo sapiens,NCBITaxon,9606,HeLa,EFO,EFO_0001185,,,,,SN1055754016,30,2932,GSK3B,,,Pass,Hoechst:DNA; Alexa Fluor 488 phalloidin:actin; mScarlet:fascin; iRFP:nuclear actin chromobody (nAC),7.829896927,,Yes,Yes,compound response across 12 wells,active,active,Nuclear fascin,regulation of protein localization to nucleus,GO_1900180,Nuclear actin,actin filament phenotype,CMPO_0000104
1093688953,B10,Homo sapiens,NCBITaxon,9606,HeLa,EFO,EFO_0001185,,,,,SN1055754016,10,2932,GSK3B,,,Pass,Hoechst:DNA; Alexa Fluor 488 phalloidin:actin; mScarlet:fascin; iRFP:nuclear actin chromobody (nAC),19.18906975,12.95281792,Yes,Yes,compound response across 12 wells,active,active,Nuclear fascin,regulation of protein localization to nucleus,GO_1900180,Nuclear actin,actin filament phenotype,CMPO_0000104
1093688953,B11,Homo sapiens,NCBITaxon,9606,HeLa,EFO,EFO_0001185,,,,,SN1055754016,3.125,2932,GSK3B,,,Pass,Hoechst:DNA; Alexa Fluor 488 phalloidin:actin; mScarlet:fascin; iRFP:nuclear actin chromobody (nAC),51.20302582,27.46804237,Yes,Yes,compound response across 12 wells,active,active,Nuclear fascin,regulation of protein localization to nucleus,GO_1900180,Nuclear actin,actin filament phenotype,CMPO_0000104
1093688953,B12,Homo sapiens,NCBITaxon,9606,HeLa,EFO,EFO_0001185,,,,,SN1055754016,1.25,2932,GSK3B,,,Pass,Hoechst:DNA; Alexa Fluor 488 phalloidin:actin; mScarlet:fascin; iRFP:nuclear actin chromobody (nAC),53.56313705,-98.997757,Yes,Yes,compound response across 12 wells,active,active,Nuclear fascin,regulation of protein localization to nucleus,GO_1900180,Nuclear actin,actin filament phenotype,CMPO_0000104
1093688953,B13,Homo sapiens,NCBITaxon,9606,HeLa,EFO,EFO_0001185,,,,,SN1055754016,0.3,2932,GSK3B,,,Pass,Hoechst:DNA; Alexa Fluor 488 phalloidin:actin; mScarlet:fascin; iRFP:nuclear actin chromobody (nAC),80.6657486,-123.032188,Yes,Yes,compound response across 12 wells,active,active,Nuclear fascin,regulation of protein localization to nucleus,GO_1900180,Nuclear actin,actin filament phenotype,CMPO_0000104
1093688953,B14,Homo sapiens,NCBITaxon,9606,HeLa,EFO,EFO_0001185,,,,,SN1055754016,0.1,2932,GSK3B,,,Pass,Hoechst:DNA; Alexa Fluor 488 phalloidin:actin; mScarlet:fascin; iRFP:nuclear actin chromobody (nAC),51.62034988,-65.709549,Yes,Yes,compound response across 12 wells,active,active,Nuclear fascin,regulation of protein localization to nucleus,GO_1900180,Nuclear actin,actin filament phenotype,CMPO_0000104
1093688953,B15,Homo sapiens,NCBITaxon,9606,HeLa,EFO,EFO_0001185,,,,,SN1055754016,0.03,2932,GSK3B,,,Pass,Hoechst:DNA; Alexa Fluor 488 phalloidin:actin; mScarlet:fascin; iRFP:nuclear actin chromobody (nAC),57.32911301,-90.7405548,Yes,Yes,compound response across 12 wells,active,active,Nuclear fascin,regulation of protein localization to nucleus,GO_1900180,Nuclear actin,actin filament phenotype,CMPO_0000104
1093688953,B16,Homo sapiens,NCBITaxon,9606,HeLa,EFO,EFO_0001185,,,,,SN1055754016,0.0125,2932,GSK3B,,,Pass,Hoechst:DNA; Alexa Fluor 488 phalloidin:actin; mScarlet:fascin; iRFP:nuclear actin chromobody (nAC),40.79281998,-40.1581078,Yes,Yes,compound response across 12 wells,active,active,Nuclear fascin,regulation of protein localization to nucleus,GO_1900180,Nuclear actin,actin filament phenotype,CMPO_0000104
1093688953,B17,Homo sapiens,NCBITaxon,9606,HeLa,EFO,EFO_0001185,,,,,SN1055754016,0.003,2932,GSK3B,,,Pass,Hoechst:DNA; Alexa Fluor 488 phalloidin:actin; mScarlet:fascin; iRFP:nuclear actin chromobody (nAC),23.19433212,-20.423275,Yes,Yes,compound response across 12 wells,active,active,Nuclear fascin,regulation of protein localization to nucleus,GO_1900180,Nuclear actin,actin filament phenotype,CMPO_0000104
1093688953,B18,Homo sapiens,NCBITaxon,9606,HeLa,EFO,EFO_0001185,,,,,SN1055754016,0.001,2932,GSK3B,,,Pass,Hoechst:DNA; Alexa Fluor 488 phalloidin:actin; mScarlet:fascin; iRFP:nuclear actin chromobody (nAC),17.11954117,-51.7050323,Yes,Yes,compound response across 12 wells,active,active,Nuclear fascin,regulation of protein localization to nucleus,GO_1900180,Nuclear actin,actin filament phenotype,CMPO_0000104
1093688953,B19,Homo sapiens,NCBITaxon,9606,HeLa,EFO,EFO_0001185,,,,,SN1055754016,0.0003,2932,GSK3B,,,Pass,Hoechst:DNA; Alexa Fluor 488 phalloidin:actin; mScarlet:fascin; iRFP:nuclear actin chromobody (nAC),7.383774281,-4.6182394,Yes,Yes,compound response across 12 wells,active,active,Nuclear fascin,regulation of protein localization to nucleus,GO_1900180,Nuclear actin,actin filament phenotype,CMPO_0000104
1093688953,B20,Homo sapiens,NCBITaxon,9606,HeLa,EFO,EFO_0001185,,,,,SN1055754016,0.00003,2932,GSK3B,,,Pass,Hoechst:DNA; Alexa Fluor 488 phalloidin:actin; mScarlet:fascin; iRFP:nuclear actin chromobody (nAC),7.60902071,-0.41455173,Yes,Yes,compound response across 12 wells,active,active,Nuclear fascin,regulation of protein localization to nucleus,GO_1900180,Nuclear actin,actin filament phenotype,CMPO_0000104
1093688953,B21,Homo sapiens,NCBITaxon,9606,HeLa,EFO,EFO_0001185,,,,,SN1056734396,30,898,CCNE1,,,Pass,Hoechst:DNA; Alexa Fluor 488 phalloidin:actin; mScarlet:fascin; iRFP:nuclear actin chromobody (nAC),80.58893585,16.45749664,,Yes,compound response across 12 wells,active,inactive,Nuclear fascin,regulation of protein localization to nucleus,GO_1900180,,,
1093688953,B22,Homo sapiens,NCBITaxon,9606,HeLa,EFO,EFO_0001185,,,,,SN1056734396,10,898,CCNE1,,,Pass,Hoechst:DNA; Alexa Fluor 488 phalloidin:actin; mScarlet:fascin; iRFP:nuclear actin chromobody (nAC),93.07051849,25.43645668,,Yes,compound response across 12 wells,active,inactive,Nuclear fascin,regulation of protein localization to nucleus,GO_1900180,,,
1093688953,B23,Homo sapiens,NCBITaxon,9606,HeLa,EFO,EFO_0001185,,,,,SN1056734396,3.125,898,CCNE1,,,Pass,Hoechst:DNA; Alexa Fluor 488 phalloidin:actin; mScarlet:fascin; iRFP:nuclear actin chromobody (nAC),38.54771423,-51.2926331,,Yes,compound response across 12 wells,active,inactive,Nuclear fascin,regulation of protein localization to nucleus,GO_1900180,,,
1093688953,B24,Homo sapiens,NCBITaxon,9606,HeLa,EFO,EFO_0001185,,,,,SN1056734396,1.25,898,CCNE1,,,Pass,Hoechst:DNA; Alexa Fluor 488 phalloidin:actin; mScarlet:fascin; iRFP:nuclear actin chromobody (nAC),38.85820007,-52.6605873,,Yes,compound response across 12 wells,active,inactive,Nuclear fascin,regulation of protein localization to nucleus,GO_1900180,,,
1093688953,C1,Homo sapiens,NCBITaxon,9606,HeLa,EFO,EFO_0001185,,,,,SN1056734396,0.3,898,CCNE1,,,Pass,Hoechst:DNA; Alexa Fluor 488 phalloidin:actin; mScarlet:fascin; iRFP:nuclear actin chromobody (nAC),22.29673958,-56.7341118,,Yes,compound response across 12 wells,active,inactive,Nuclear fascin,regulation of protein localization to nucleus,GO_1900180,,,
1093688953,C2,Homo sapiens,NCBITaxon,9606,HeLa,EFO,EFO_0001185,,,,,SN1056734396,0.1,898,CCNE1,,,Pass,Hoechst:DNA; Alexa Fluor 488 phalloidin:actin; mScarlet:fascin; iRFP:nuclear actin chromobody (nAC),13.52971554,1.636472821,,Yes,compound response across 12 wells,active,inactive,Nuclear fascin,regulation of protein localization to nucleus,GO_1900180,,,
1093688953,C3,Homo sapiens,NCBITaxon,9606,HeLa,EFO,EFO_0001185,,,,,SN1056734396,0.03,898,CCNE1,,,Pass,Hoechst:DNA; Alexa Fluor 488 phalloidin:actin; mScarlet:fascin; iRFP:nuclear actin chromobody (nAC),19.48309517,-13.1796436,,Yes,compound response across 12 wells,active,inactive,Nuclear fascin,regulation of protein localization to nucleus,GO_1900180,,,
1093688953,C4,Homo sapiens,NCBITaxon,9606,HeLa,EFO,EFO_0001185,,,,,SN1056734396,0.0125,898,CCNE1,,,Pass,Hoechst:DNA; Alexa Fluor 488 phalloidin:actin; mScarlet:fascin; iRFP:nuclear actin chromobody (nAC),0.274762303,-28.7873096,,Yes,compound response across 12 wells,active,inactive,Nuclear fascin,regulation of protein localization to nucleus,GO_1900180,,,
1093688953,C5,Homo sapiens,NCBITaxon,9606,HeLa,EFO,EFO_0001185,DMSO,679,IAZDPXIOMUYVGZ-UHFFFAOYSA-N,CS(=O)C,,,,,Neutral Control,,Pass,Hoechst:DNA; Alexa Fluor 488 phalloidin:actin; mScarlet:fascin; iRFP:nuclear actin chromobody (nAC),6.156092167,-10.0962095,,,,,,,,,,,
1093688953,C6,Homo sapiens,NCBITaxon,9606,HeLa,EFO,EFO_0001185,,,,,,,,,Stimulator Control,Leptomycin b blocks nuclear export of fascin,Pass,Hoechst:DNA; Alexa Fluor 488 phalloidin:actin; mScarlet:fascin; iRFP:nuclear actin chromobody (nAC),83.55046082,4.961610794,,,,,,,,,,,
1093688953,C7,Homo sapiens,NCBITaxon,9606,HeLa,EFO,EFO_0001185,DMSO,679,IAZDPXIOMUYVGZ-UHFFFAOYSA-N,CS(=O)C,,,,,Neutral Control,,Pass,Hoechst:DNA; Alexa Fluor 488 phalloidin:actin; mScarlet:fascin; iRFP:nuclear actin chromobody (nAC),0.12694332,17.96398544,,,,,,,,,,,
1093688953,C8,Homo sapiens,NCBITaxon,9606,HeLa,EFO,EFO_0001185,,,,,SN1056734396,0.003,898,CCNE1,,,Pass,Hoechst:DNA; Alexa Fluor 488 phalloidin:actin; mScarlet:fascin; iRFP:nuclear actin chromobody (nAC),11.89281178,-59.2616119,,Yes,compound response across 12 wells,active,inactive,Nuclear fascin,regulation of protein localization to nucleus,GO_1900180,,,
1093688953,C9,Homo sapiens,NCBITaxon,9606,HeLa,EFO,EFO_0001185,,,,,SN1056734396,0.001,898,CCNE1,,,Pass,Hoechst:DNA; Alexa Fluor 488 phalloidin:actin; mScarlet:fascin; iRFP:nuclear actin chromobody (nAC),-0.777359307,-14.4296751,,Yes,compound response across 12 wells,active,inactive,Nuclear fascin,regulation of protein localization to nucleus,GO_1900180,,,
1093688953,C10,Homo sapiens,NCBITaxon,9606,HeLa,EFO,EFO_0001185,,,,,SN1056734396,0.0003,898,CCNE1,,,Pass,Hoechst:DNA; Alexa Fluor 488 phalloidin:actin; mScarlet:fascin; iRFP:nuclear actin chromobody (nAC),10.43982124,-11.7015457,,Yes,compound response across 12 wells,active,inactive,Nuclear fascin,regulation of protein localization to nucleus,GO_1900180,,,
1093688953,C11,Homo sapiens,NCBITaxon,9606,HeLa,EFO,EFO_0001185,,,,,SN1056734396,0.00003,898,CCNE1,,,Pass,Hoechst:DNA; Alexa Fluor 488 phalloidin:actin; mScarlet:fascin; iRFP:nuclear actin chromobody (nAC),6.699789524,5.93210268,,Yes,compound response across 12 wells,active,inactive,Nuclear fascin,regulation of protein localization to nucleus,GO_1900180,,,
1093688953,C12,Homo sapiens,NCBITaxon,9606,HeLa,EFO,EFO_0001185,,,,,SN1151683253,30,3717,JAK2,,,Pass,Hoechst:DNA; Alexa Fluor 488 phalloidin:actin; mScarlet:fascin; iRFP:nuclear actin chromobody (nAC),21.2043705,-129.343307,Yes,Yes,compound response across 12 wells,active,active,Nuclear fascin,regulation of protein localization to nucleus,GO_1900180,Nuclear actin,actin filament phenotype,CMPO_0000104
1093688953,C13,Homo sapiens,NCBITaxon,9606,HeLa,EFO,EFO_0001185,,,,,SN1151683253,10,3717,JAK2,,,Pass,Hoechst:DNA; Alexa Fluor 488 phalloidin:actin; mScarlet:fascin; iRFP:nuclear actin chromobody (nAC),70.5991745,-194.576843,Yes,Yes,compound response across 12 wells,active,active,Nuclear fascin,regulation of protein localization to nucleus,GO_1900180,Nuclear actin,actin filament phenotype,CMPO_0000104
1093688953,C14,Homo sapiens,NCBITaxon,9606,HeLa,EFO,EFO_0001185,,,,,SN1151683253,3.125,3717,JAK2,,,Pass,Hoechst:DNA; Alexa Fluor 488 phalloidin:actin; mScarlet:fascin; iRFP:nuclear actin chromobody (nAC),79.18777466,-80.4482574,Yes,Yes,compound response across 12 wells,active,active,Nuclear fascin,regulation of protein localization to nucleus,GO_1900180,Nuclear actin,actin filament phenotype,CMPO_0000104
1093688953,C15,Homo sapiens,NCBITaxon,9606,HeLa,EFO,EFO_0001185,,,,,SN1151683253,1.25,3717,JAK2,,,Pass,Hoechst:DNA; Alexa Fluor 488 phalloidin:actin; mScarlet:fascin; iRFP:nuclear actin chromobody (nAC),37.15073395,-67.7081223,Yes,Yes,compound response across 12 wells,active,active,Nuclear fascin,regulation of protein localization to nucleus,GO_1900180,Nuclear actin,actin filament phenotype,CMPO_0000104
1093688953,C16,Homo sapiens,NCBITaxon,9606,HeLa,EFO,EFO_0001185,DMSO,679,IAZDPXIOMUYVGZ-UHFFFAOYSA-N,CS(=O)C,,,,,Neutral Control,,Pass,Hoechst:DNA; Alexa Fluor 488 phalloidin:actin; mScarlet:fascin; iRFP:nuclear actin chromobody (nAC),-3.101517677,-47.9884109,,,,,,,,,,,
1093688953,C17,Homo sapiens,NCBITaxon,9606,HeLa,EFO,EFO_0001185,,,,,,,,,Stimulator Control,Leptomycin b blocks nuclear export of fascin,Pass,Hoechst:DNA; Alexa Fluor 488 phalloidin:actin; mScarlet:fascin; iRFP:nuclear actin chromobody (nAC),82.81846619,59.78010178,,,,,,,,,,,
1093688953,C18,Homo sapiens,NCBITaxon,9606,HeLa,EFO,EFO_0001185,DMSO,679,IAZDPXIOMUYVGZ-UHFFFAOYSA-N,CS(=O)C,,,,,Neutral Control,,Pass,Hoechst:DNA; Alexa Fluor 488 phalloidin:actin; mScarlet:fascin; iRFP:nuclear actin chromobody (nAC),3.576544046,8.021887779,,,,,,,,,,,
1093688953,C19,Homo sapiens,NCBITaxon,9606,HeLa,EFO,EFO_0001185,,,,,SN1151683253,0.3,3717,JAK2,,,Pass,Hoechst:DNA; Alexa Fluor 488 phalloidin:actin; mScarlet:fascin; iRFP:nuclear actin chromobody (nAC),15.41801071,-88.5577393,Yes,Yes,compound response across 12 wells,active,active,Nuclear fascin,regulation of protein localization to nucleus,GO_1900180,Nuclear actin,actin filament phenotype,CMPO_0000104
1093688953,C20,Homo sapiens,NCBITaxon,9606,HeLa,EFO,EFO_0001185,,,,,SN1151683253,0.1,3717,JAK2,,,Pass,Hoechst:DNA; Alexa Fluor 488 phalloidin:actin; mScarlet:fascin; iRFP:nuclear actin chromobody (nAC),13.41055202,-18.7056446,Yes,Yes,compound response across 12 wells,active,active,Nuclear fascin,regulation of protein localization to nucleus,GO_1900180,Nuclear actin,actin filament phenotype,CMPO_0000104
1093688953,C21,Homo sapiens,NCBITaxon,9606,HeLa,EFO,EFO_0001185,,,,,SN1151683253,0.03,3717,JAK2,,,Pass,Hoechst:DNA; Alexa Fluor 488 phalloidin:actin; mScarlet:fascin; iRFP:nuclear actin chromobody (nAC),16.11000824,5.760583878,Yes,Yes,compound response across 12 wells,active,active,Nuclear fascin,regulation of protein localization to nucleus,GO_1900180,Nuclear actin,actin filament phenotype,CMPO_0000104
1093688953,C22,Homo sapiens,NCBITaxon,9606,HeLa,EFO,EFO_0001185,,,,,SN1151683253,0.0125,3717,JAK2,,,Pass,Hoechst:DNA; Alexa Fluor 488 phalloidin:actin; mScarlet:fascin; iRFP:nuclear actin chromobody (nAC),6.630870342,-32.6845779,Yes,Yes,compound response across 12 wells,active,active,Nuclear fascin,regulation of protein localization to nucleus,GO_1900180,Nuclear actin,actin filament phenotype,CMPO_0000104
1093688953,C23,Homo sapiens,NCBITaxon,9606,HeLa,EFO,EFO_0001185,,,,,SN1151683253,0.003,3717,JAK2,,,Pass,Hoechst:DNA; Alexa Fluor 488 phalloidin:actin; mScarlet:fascin; iRFP:nuclear actin chromobody (nAC),22.03722763,16.0342083,Yes,Yes,compound response across 12 wells,active,active,Nuclear fascin,regulation of protein localization to nucleus,GO_1900180,Nuclear actin,actin filament phenotype,CMPO_0000104
1093688953,C24,Homo sapiens,NCBITaxon,9606,HeLa,EFO,EFO_0001185,,,,,SN1151683253,0.001,3717,JAK2,,,Pass,Hoechst:DNA; Alexa Fluor 488 phalloidin:actin; mScarlet:fascin; iRFP:nuclear actin chromobody (nAC),20.24081802,25.0645771,Yes,Yes,compound response across 12 wells,active,active,Nuclear fascin,regulation of protein localization to nucleus,GO_1900180,Nuclear actin,actin filament phenotype,CMPO_0000104
1093688953,D1,Homo sapiens,NCBITaxon,9606,HeLa,EFO,EFO_0001185,,,,,SN1151683253,0.0003,3717,JAK2,,,Pass,Hoechst:DNA; Alexa Fluor 488 phalloidin:actin; mScarlet:fascin; iRFP:nuclear actin chromobody (nAC),4.736530781,-22.2234783,Yes,Yes,compound response across 12 wells,active,active,Nuclear fascin,regulation of protein localization to nucleus,GO_1900180,Nuclear actin,actin filament phenotype,CMPO_0000104
1093688953,D2,Homo sapiens,NCBITaxon,9606,HeLa,EFO,EFO_0001185,,,,,SN1151683253,0.00003,3717,JAK2,,,Pass,Hoechst:DNA; Alexa Fluor 488 phalloidin:actin; mScarlet:fascin; iRFP:nuclear actin chromobody (nAC),20.7829361,-14.1495152,Yes,Yes,compound response across 12 wells,active,active,Nuclear fascin,regulation of protein localization to nucleus,GO_1900180,Nuclear actin,actin filament phenotype,CMPO_0000104
1093688953,D3,Homo sapiens,NCBITaxon,9606,HeLa,EFO,EFO_0001185,,,,,SN1037788046,30,4306,NR3C2,,,Pass,Hoechst:DNA; Alexa Fluor 488 phalloidin:actin; mScarlet:fascin; iRFP:nuclear actin chromobody (nAC),26.92253685,-65.0286789,,Yes,compound response across 12 wells,inactive,active,,,,Nuclear actin,actin filament phenotype,CMPO_0000104
1093688953,D4,Homo sapiens,NCBITaxon,9606,HeLa,EFO,EFO_0001185,,,,,SN1037788046,10,4306,NR3C2,,,Pass,Hoechst:DNA; Alexa Fluor 488 phalloidin:actin; mScarlet:fascin; iRFP:nuclear actin chromobody (nAC),43.74504471,31.55382538,,Yes,compound response across 12 wells,inactive,active,,,,Nuclear actin,actin filament phenotype,CMPO_0000104
1093688953,D5,Homo sapiens,NCBITaxon,9606,HeLa,EFO,EFO_0001185,,,,,SN1037788046,3.125,4306,NR3C2,,,Pass,Hoechst:DNA; Alexa Fluor 488 phalloidin:actin; mScarlet:fascin; iRFP:nuclear actin chromobody (nAC),24.35724831,-21.9077072,,Yes,compound response across 12 wells,inactive,active,,,,Nuclear actin,actin filament phenotype,CMPO_0000104
1093688953,D6,Homo sapiens,NCBITaxon,9606,HeLa,EFO,EFO_0001185,,,,,SN1037788046,1.25,4306,NR3C2,,,Pass,Hoechst:DNA; Alexa Fluor 488 phalloidin:actin; mScarlet:fascin; iRFP:nuclear actin chromobody (nAC),16.10078621,13.19380188,,Yes,compound response across 12 wells,inactive,active,,,,Nuclear actin,actin filament phenotype,CMPO_0000104
1093688953,D7,Homo sapiens,NCBITaxon,9606,HeLa,EFO,EFO_0001185,,,,,SN1037788046,0.3,4306,NR3C2,,,Pass,Hoechst:DNA; Alexa Fluor 488 phalloidin:actin; mScarlet:fascin; iRFP:nuclear actin chromobody (nAC),-0.971579015,23.16016388,,Yes,compound response across 12 wells,inactive,active,,,,Nuclear actin,actin filament phenotype,CMPO_0000104
1093688953,D8,Homo sapiens,NCBITaxon,9606,HeLa,EFO,EFO_0001185,,,,,SN1037788046,0.1,4306,NR3C2,,,Pass,Hoechst:DNA; Alexa Fluor 488 phalloidin:actin; mScarlet:fascin; iRFP:nuclear actin chromobody (nAC),17.55264473,-14.886548,,Yes,compound response across 12 wells,inactive,active,,,,Nuclear actin,actin filament phenotype,CMPO_0000104
1093688953,D9,Homo sapiens,NCBITaxon,9606,HeLa,EFO,EFO_0001185,,,,,SN1037788046,0.03,4306,NR3C2,,,Pass,Hoechst:DNA; Alexa Fluor 488 phalloidin:actin; mScarlet:fascin; iRFP:nuclear actin chromobody (nAC),7.808029175,-34.2365723,,Yes,compound response across 12 wells,inactive,active,,,,Nuclear actin,actin filament phenotype,CMPO_0000104
1093688953,D10,Homo sapiens,NCBITaxon,9606,HeLa,EFO,EFO_0001185,,,,,SN1037788046,0.0125,4306,NR3C2,,,Pass,Hoechst:DNA; Alexa Fluor 488 phalloidin:actin; mScarlet:fascin; iRFP:nuclear actin chromobody (nAC),14.97771549,4.680086613,,Yes,compound response across 12 wells,inactive,active,,,,Nuclear actin,actin filament phenotype,CMPO_0000104
1093688953,D11,Homo sapiens,NCBITaxon,9606,HeLa,EFO,EFO_0001185,,,,,SN1037788046,0.003,4306,NR3C2,,,Pass,Hoechst:DNA; Alexa Fluor 488 phalloidin:actin; mScarlet:fascin; iRFP:nuclear actin chromobody (nAC),-4.444503784,18.65564728,,Yes,compound response across 12 wells,inactive,active,,,,Nuclear actin,actin filament phenotype,CMPO_0000104
1093688953,D12,Homo sapiens,NCBITaxon,9606,HeLa,EFO,EFO_0001185,,,,,SN1037788046,0.001,4306,NR3C2,,,Pass,Hoechst:DNA; Alexa Fluor 488 phalloidin:actin; mScarlet:fascin; iRFP:nuclear actin chromobody (nAC),4.422961712,-12.4320841,,Yes,compound response across 12 wells,inactive,active,,,,Nuclear actin,actin filament phenotype,CMPO_0000104
1093688953,D13,Homo sapiens,NCBITaxon,9606,HeLa,EFO,EFO_0001185,,,,,SN1037788046,0.0003,4306,NR3C2,,,Pass,Hoechst:DNA; Alexa Fluor 488 phalloidin:actin; mScarlet:fascin; iRFP:nuclear actin chromobody (nAC),8.760375023,1.944942117,,Yes,compound response across 12 wells,inactive,active,,,,Nuclear actin,actin filament phenotype,CMPO_0000104
1093688953,D14,Homo sapiens,NCBITaxon,9606,HeLa,EFO,EFO_0001185,,,,,SN1037788046,0.00003,4306,NR3C2,,,Pass,Hoechst:DNA; Alexa Fluor 488 phalloidin:actin; mScarlet:fascin; iRFP:nuclear actin chromobody (nAC),18.43343735,19.77018547,,Yes,compound response across 12 wells,inactive,active,,,,Nuclear actin,actin filament phenotype,CMPO_0000104
1093688953,D15,Homo sapiens,NCBITaxon,9606,HeLa,EFO,EFO_0001185,,,,,SN1047900893,30,1025,CDK9,,,Pass,Hoechst:DNA; Alexa Fluor 488 phalloidin:actin; mScarlet:fascin; iRFP:nuclear actin chromobody (nAC),48.31119156,-182.456345,,,compound response across 12 wells,inactive,inactive,,,,,,
1093688953,D16,Homo sapiens,NCBITaxon,9606,HeLa,EFO,EFO_0001185,,,,,SN1047900893,10,1025,CDK9,,,Fail,Hoechst:DNA; Alexa Fluor 488 phalloidin:actin; mScarlet:fascin; iRFP:nuclear actin chromobody (nAC),96.65908813,,,,compound response across 12 wells,inactive,inactive,,,,,,
1093688953,D17,Homo sapiens,NCBITaxon,9606,HeLa,EFO,EFO_0001185,,,,,SN1047900893,3.125,1025,CDK9,,,Pass,Hoechst:DNA; Alexa Fluor 488 phalloidin:actin; mScarlet:fascin; iRFP:nuclear actin chromobody (nAC),15.36500835,,,,compound response across 12 wells,inactive,inactive,,,,,,
1093688953,D18,Homo sapiens,NCBITaxon,9606,HeLa,EFO,EFO_0001185,,,,,SN1047900893,1.25,1025,CDK9,,,Pass,Hoechst:DNA; Alexa Fluor 488 phalloidin:actin; mScarlet:fascin; iRFP:nuclear actin chromobody (nAC),56.6015625,60.01081467,,,compound response across 12 wells,inactive,inactive,,,,,,
1093688953,D19,Homo sapiens,NCBITaxon,9606,HeLa,EFO,EFO_0001185,,,,,SN1047900893,0.3,1025,CDK9,,,Pass,Hoechst:DNA; Alexa Fluor 488 phalloidin:actin; mScarlet:fascin; iRFP:nuclear actin chromobody (nAC),62.52389908,-48.9868851,,,compound response across 12 wells,inactive,inactive,,,,,,
1093688953,D20,Homo sapiens,NCBITaxon,9606,HeLa,EFO,EFO_0001185,,,,,SN1047900893,0.1,1025,CDK9,,,Pass,Hoechst:DNA; Alexa Fluor 488 phalloidin:actin; mScarlet:fascin; iRFP:nuclear actin chromobody (nAC),8.46149826,-142.065598,,,compound response across 12 wells,inactive,inactive,,,,,,
1093688953,D21,Homo sapiens,NCBITaxon,9606,HeLa,EFO,EFO_0001185,,,,,SN1047900893,0.03,1025,CDK9,,,Pass,Hoechst:DNA; Alexa Fluor 488 phalloidin:actin; mScarlet:fascin; iRFP:nuclear actin chromobody (nAC),28.83211136,-26.3016567,,,compound response across 12 wells,inactive,inactive,,,,,,
1093688953,D22,Homo sapiens,NCBITaxon,9606,HeLa,EFO,EFO_0001185,,,,,SN1047900893,0.0125,1025,CDK9,,,Pass,Hoechst:DNA; Alexa Fluor 488 phalloidin:actin; mScarlet:fascin; iRFP:nuclear actin chromobody (nAC),17.58125496,-6.46723986,,,compound response across 12 wells,inactive,inactive,,,,,,
1093688953,D23,Homo sapiens,NCBITaxon,9606,HeLa,EFO,EFO_0001185,,,,,SN1047900893,0.003,1025,CDK9,,,Pass,Hoechst:DNA; Alexa Fluor 488 phalloidin:actin; mScarlet:fascin; iRFP:nuclear actin chromobody (nAC),16.39185333,-11.0083389,,,compound response across 12 wells,inactive,inactive,,,,,,
1093688953,D24,Homo sapiens,NCBITaxon,9606,HeLa,EFO,EFO_0001185,,,,,SN1047900893,0.001,1025,CDK9,,,Pass,Hoechst:DNA; Alexa Fluor 488 phalloidin:actin; mScarlet:fascin; iRFP:nuclear actin chromobody (nAC),15.34121895,-14.4751282,,,compound response across 12 wells,inactive,inactive,,,,,,
1093688953,E1,Homo sapiens,NCBITaxon,9606,HeLa,EFO,EFO_0001185,,,,,SN1047900893,0.0003,1025,CDK9,,,Pass,Hoechst:DNA; Alexa Fluor 488 phalloidin:actin; mScarlet:fascin; iRFP:nuclear actin chromobody (nAC),14.25664425,-25.8199005,,,compound response across 12 wells,inactive,inactive,,,,,,
1093688953,E2,Homo sapiens,NCBITaxon,9606,HeLa,EFO,EFO_0001185,,,,,SN1047900893,0.00003,1025,CDK9,,,Pass,Hoechst:DNA; Alexa Fluor 488 phalloidin:actin; mScarlet:fascin; iRFP:nuclear actin chromobody (nAC),20.62378693,-8.09292221,,,compound response across 12 wells,inactive,inactive,,,,,,
1093688953,E3,Homo sapiens,NCBITaxon,9606,HeLa,EFO,EFO_0001185,,,,,SN1151663437,30,3832,KIF11,,,Pass,Hoechst:DNA; Alexa Fluor 488 phalloidin:actin; mScarlet:fascin; iRFP:nuclear actin chromobody (nAC),15.5159111,-143.349411,,Yes,compound response across 12 wells,inactive,active,,,,Nuclear actin,actin filament phenotype,CMPO_0000104
1093688953,E4,Homo sapiens,NCBITaxon,9606,HeLa,EFO,EFO_0001185,,,,,SN1151663437,10,3832,KIF11,,,Pass,Hoechst:DNA; Alexa Fluor 488 phalloidin:actin; mScarlet:fascin; iRFP:nuclear actin chromobody (nAC),73.51516724,-113.341866,,Yes,compound response across 12 wells,inactive,active,,,,Nuclear actin,actin filament phenotype,CMPO_0000104
1093688953,E5,Homo sapiens,NCBITaxon,9606,HeLa,EFO,EFO_0001185,,,,,SN1151663437,3.125,3832,KIF11,,,Pass,Hoechst:DNA; Alexa Fluor 488 phalloidin:actin; mScarlet:fascin; iRFP:nuclear actin chromobody (nAC),113.4783096,-114.807816,,Yes,compound response across 12 wells,inactive,active,,,,Nuclear actin,actin filament phenotype,CMPO_0000104
1093688953,E6,Homo sapiens,NCBITaxon,9606,HeLa,EFO,EFO_0001185,,,,,SN1151663437,1.25,3832,KIF11,,,Pass,Hoechst:DNA; Alexa Fluor 488 phalloidin:actin; mScarlet:fascin; iRFP:nuclear actin chromobody (nAC),39.2057724,,,Yes,compound response across 12 wells,inactive,active,,,,Nuclear actin,actin filament phenotype,CMPO_0000104
1093688953,E7,Homo sapiens,NCBITaxon,9606,HeLa,EFO,EFO_0001185,,,,,SN1151663437,0.3,3832,KIF11,,,Pass,Hoechst:DNA; Alexa Fluor 488 phalloidin:actin; mScarlet:fascin; iRFP:nuclear actin chromobody (nAC),62.48218155,-52.6103973,,Yes,compound response across 12 wells,inactive,active,,,,Nuclear actin,actin filament phenotype,CMPO_0000104
1093688953,E8,Homo sapiens,NCBITaxon,9606,HeLa,EFO,EFO_0001185,,,,,SN1151663437,0.1,3832,KIF11,,,Pass,Hoechst:DNA; Alexa Fluor 488 phalloidin:actin; mScarlet:fascin; iRFP:nuclear actin chromobody (nAC),49.84067917,-18.7223549,,Yes,compound response across 12 wells,inactive,active,,,,Nuclear actin,actin filament phenotype,CMPO_0000104
1093688953,E9,Homo sapiens,NCBITaxon,9606,HeLa,EFO,EFO_0001185,DMSO,679,IAZDPXIOMUYVGZ-UHFFFAOYSA-N,CS(=O)C,,,,,Neutral Control,,Pass,Hoechst:DNA; Alexa Fluor 488 phalloidin:actin; mScarlet:fascin; iRFP:nuclear actin chromobody (nAC),-3.738218069,35.19669724,,,,,,,,,,,
1093688953,E10,Homo sapiens,NCBITaxon,9606,HeLa,EFO,EFO_0001185,,,,,,,,,Stimulator Control,Leptomycin b blocks nuclear export of fascin,Pass,Hoechst:DNA; Alexa Fluor 488 phalloidin:actin; mScarlet:fascin; iRFP:nuclear actin chromobody (nAC),92.3354187,-4.95776415,,,,,,,,,,,
1093688953,E11,Homo sapiens,NCBITaxon,9606,HeLa,EFO,EFO_0001185,DMSO,679,IAZDPXIOMUYVGZ-UHFFFAOYSA-N,CS(=O)C,,,,,Neutral Control,,Pass,Hoechst:DNA; Alexa Fluor 488 phalloidin:actin; mScarlet:fascin; iRFP:nuclear actin chromobody (nAC),-2.622694492,2.842924833,,,,,,,,,,,
1093688953,E12,Homo sapiens,NCBITaxon,9606,HeLa,EFO,EFO_0001185,,,,,SN1151663437,0.03,3832,KIF11,,,Pass,Hoechst:DNA; Alexa Fluor 488 phalloidin:actin; mScarlet:fascin; iRFP:nuclear actin chromobody (nAC),24.1542244,-34.9853516,,Yes,compound response across 12 wells,inactive,active,,,,Nuclear actin,actin filament phenotype,CMPO_0000104
1093688953,E13,Homo sapiens,NCBITaxon,9606,HeLa,EFO,EFO_0001185,,,,,SN1151663437,0.0125,3832,KIF11,,,Pass,Hoechst:DNA; Alexa Fluor 488 phalloidin:actin; mScarlet:fascin; iRFP:nuclear actin chromobody (nAC),29.90351295,-108.164078,,Yes,compound response across 12 wells,inactive,active,,,,Nuclear actin,actin filament phenotype,CMPO_0000104
1093688953,E14,Homo sapiens,NCBITaxon,9606,HeLa,EFO,EFO_0001185,,,,,SN1151663437,0.003,3832,KIF11,,,Pass,Hoechst:DNA; Alexa Fluor 488 phalloidin:actin; mScarlet:fascin; iRFP:nuclear actin chromobody (nAC),3.413924456,20.61790848,,Yes,compound response across 12 wells,inactive,active,,,,Nuclear actin,actin filament phenotype,CMPO_0000104
1093688953,E15,Homo sapiens,NCBITaxon,9606,HeLa,EFO,EFO_0001185,,,,,SN1151663437,0.001,3832,KIF11,,,Pass,Hoechst:DNA; Alexa Fluor 488 phalloidin:actin; mScarlet:fascin; iRFP:nuclear actin chromobody (nAC),11.21084213,11.68648052,,Yes,compound response across 12 wells,inactive,active,,,,Nuclear actin,actin filament phenotype,CMPO_0000104
1093688953,E16,Homo sapiens,NCBITaxon,9606,HeLa,EFO,EFO_0001185,,,,,SN1151663437,0.0003,3832,KIF11,,,Pass,Hoechst:DNA; Alexa Fluor 488 phalloidin:actin; mScarlet:fascin; iRFP:nuclear actin chromobody (nAC),16.2298069,2.995367765,,Yes,compound response across 12 wells,inactive,active,,,,Nuclear actin,actin filament phenotype,CMPO_0000104
1093688953,E17,Homo sapiens,NCBITaxon,9606,HeLa,EFO,EFO_0001185,,,,,SN1151663437,0.00003,3832,KIF11,,,Pass,Hoechst:DNA; Alexa Fluor 488 phalloidin:actin; mScarlet:fascin; iRFP:nuclear actin chromobody (nAC),1.405551314,-13.7459126,,Yes,compound response across 12 wells,inactive,active,,,,Nuclear actin,actin filament phenotype,CMPO_0000104
1093688953,E18,Homo sapiens,NCBITaxon,9606,HeLa,EFO,EFO_0001185,,,,,SN1004133774,30,3553,IL1B,,,Fail,Hoechst:DNA; Alexa Fluor 488 phalloidin:actin; mScarlet:fascin; iRFP:nuclear actin chromobody (nAC),,139.7896881,,Yes,compound response across 12 wells,inactive,active,,,,Nuclear actin,actin filament phenotype,CMPO_0000104
1093688953,E19,Homo sapiens,NCBITaxon,9606,HeLa,EFO,EFO_0001185,,,,,SN1004133774,10,3553,IL1B,,,Fail,Hoechst:DNA; Alexa Fluor 488 phalloidin:actin; mScarlet:fascin; iRFP:nuclear actin chromobody (nAC),333.8244019,,,Yes,compound response across 12 wells,inactive,active,,,,Nuclear actin,actin filament phenotype,CMPO_0000104
1093688953,E20,Homo sapiens,NCBITaxon,9606,HeLa,EFO,EFO_0001185,DMSO,679,IAZDPXIOMUYVGZ-UHFFFAOYSA-N,CS(=O)C,,,,,Neutral Control,,Pass,Hoechst:DNA; Alexa Fluor 488 phalloidin:actin; mScarlet:fascin; iRFP:nuclear actin chromobody (nAC),-6.102593422,-17.4347267,,,,,,,,,,,
1093688953,E21,Homo sapiens,NCBITaxon,9606,HeLa,EFO,EFO_0001185,,,,,,,,,Stimulator Control,Leptomycin b blocks nuclear export of fascin,Pass,Hoechst:DNA; Alexa Fluor 488 phalloidin:actin; mScarlet:fascin; iRFP:nuclear actin chromobody (nAC),89.01998138,-63.998333,,,,,,,,,,,
1093688953,E22,Homo sapiens,NCBITaxon,9606,HeLa,EFO,EFO_0001185,DMSO,679,IAZDPXIOMUYVGZ-UHFFFAOYSA-N,CS(=O)C,,,,,Neutral Control,,Pass,Hoechst:DNA; Alexa Fluor 488 phalloidin:actin; mScarlet:fascin; iRFP:nuclear actin chromobody (nAC),3.247647524,16.50704193,,,,,,,,,,,
1093688953,E23,Homo sapiens,NCBITaxon,9606,HeLa,EFO,EFO_0001185,,,,,SN1004133774,3.125,3553,IL1B,,,Pass,Hoechst:DNA; Alexa Fluor 488 phalloidin:actin; mScarlet:fascin; iRFP:nuclear actin chromobody (nAC),-12.53208447,-77.5598373,,Yes,compound response across 12 wells,inactive,active,,,,Nuclear actin,actin filament phenotype,CMPO_0000104
1093688953,E24,Homo sapiens,NCBITaxon,9606,HeLa,EFO,EFO_0001185,,,,,SN1004133774,1.25,3553,IL1B,,,Pass,Hoechst:DNA; Alexa Fluor 488 phalloidin:actin; mScarlet:fascin; iRFP:nuclear actin chromobody (nAC),-1.352734447,-19.9534969,,Yes,compound response across 12 wells,inactive,active,,,,Nuclear actin,actin filament phenotype,CMPO_0000104
1093688953,F1,Homo sapiens,NCBITaxon,9606,HeLa,EFO,EFO_0001185,,,,,SN1004133774,0.3,3553,IL1B,,,Pass,Hoechst:DNA; Alexa Fluor 488 phalloidin:actin; mScarlet:fascin; iRFP:nuclear actin chromobody (nAC),-2.257098913,-21.4388218,,Yes,compound response across 12 wells,inactive,active,,,,Nuclear actin,actin filament phenotype,CMPO_0000104
1093688953,F2,Homo sapiens,NCBITaxon,9606,HeLa,EFO,EFO_0001185,,,,,SN1004133774,0.1,3553,IL1B,,,Pass,Hoechst:DNA; Alexa Fluor 488 phalloidin:actin; mScarlet:fascin; iRFP:nuclear actin chromobody (nAC),13.42932034,-0.62221986,,Yes,compound response across 12 wells,inactive,active,,,,Nuclear actin,actin filament phenotype,CMPO_0000104
1093688953,F3,Homo sapiens,NCBITaxon,9606,HeLa,EFO,EFO_0001185,,,,,SN1004133774,0.03,3553,IL1B,,,Pass,Hoechst:DNA; Alexa Fluor 488 phalloidin:actin; mScarlet:fascin; iRFP:nuclear actin chromobody (nAC),-2.499703169,-46.4049377,,Yes,compound response across 12 wells,inactive,active,,,,Nuclear actin,actin filament phenotype,CMPO_0000104
1093688953,F4,Homo sapiens,NCBITaxon,9606,HeLa,EFO,EFO_0001185,,,,,SN1004133774,0.0125,3553,IL1B,,,Pass,Hoechst:DNA; Alexa Fluor 488 phalloidin:actin; mScarlet:fascin; iRFP:nuclear actin chromobody (nAC),11.40960217,-34.8267288,,Yes,compound response across 12 wells,inactive,active,,,,Nuclear actin,actin filament phenotype,CMPO_0000104
1093688953,F5,Homo sapiens,NCBITaxon,9606,HeLa,EFO,EFO_0001185,,,,,SN1004133774,0.003,3553,IL1B,,,Pass,Hoechst:DNA; Alexa Fluor 488 phalloidin:actin; mScarlet:fascin; iRFP:nuclear actin chromobody (nAC),-2.629436016,-4.7589426,,Yes,compound response across 12 wells,inactive,active,,,,Nuclear actin,actin filament phenotype,CMPO_0000104
1093688953,F6,Homo sapiens,NCBITaxon,9606,HeLa,EFO,EFO_0001185,,,,,SN1004133774,0.001,3553,IL1B,,,Pass,Hoechst:DNA; Alexa Fluor 488 phalloidin:actin; mScarlet:fascin; iRFP:nuclear actin chromobody (nAC),12.12431908,-2.25426626,,Yes,compound response across 12 wells,inactive,active,,,,Nuclear actin,actin filament phenotype,CMPO_0000104
1093688953,F7,Homo sapiens,NCBITaxon,9606,HeLa,EFO,EFO_0001185,,,,,SN1004133774,0.0003,3553,IL1B,,,Pass,Hoechst:DNA; Alexa Fluor 488 phalloidin:actin; mScarlet:fascin; iRFP:nuclear actin chromobody (nAC),13.86512089,-3.72238207,,Yes,compound response across 12 wells,inactive,active,,,,Nuclear actin,actin filament phenotype,CMPO_0000104
1093688953,F8,Homo sapiens,NCBITaxon,9606,HeLa,EFO,EFO_0001185,,,,,SN1004133774,0.00003,3553,IL1B,,,Pass,Hoechst:DNA; Alexa Fluor 488 phalloidin:actin; mScarlet:fascin; iRFP:nuclear actin chromobody (nAC),1.335950136,-9.40541553,,Yes,compound response across 12 wells,inactive,active,,,,Nuclear actin,actin filament phenotype,CMPO_0000104
1093688953,F9,Homo sapiens,NCBITaxon,9606,HeLa,EFO,EFO_0001185,,,,,SN1057293454,30,2932,GSK3B,,,Pass,Hoechst:DNA; Alexa Fluor 488 phalloidin:actin; mScarlet:fascin; iRFP:nuclear actin chromobody (nAC),19.41050339,,Yes,Yes,compound response across 12 wells,active,inactive,Nuclear fascin,regulation of protein localization to nucleus,GO_1900180,,,
1093688953,F10,Homo sapiens,NCBITaxon,9606,HeLa,EFO,EFO_0001185,,,,,SN1057293454,10,2932,GSK3B,,,Pass,Hoechst:DNA; Alexa Fluor 488 phalloidin:actin; mScarlet:fascin; iRFP:nuclear actin chromobody (nAC),67.3640213,-135.167404,Yes,Yes,compound response across 12 wells,active,inactive,Nuclear fascin,regulation of protein localization to nucleus,GO_1900180,,,
1093688953,F11,Homo sapiens,NCBITaxon,9606,HeLa,EFO,EFO_0001185,,,,,SN1057293454,3.125,2932,GSK3B,,,Pass,Hoechst:DNA; Alexa Fluor 488 phalloidin:actin; mScarlet:fascin; iRFP:nuclear actin chromobody (nAC),72.40750122,-141.702225,Yes,Yes,compound response across 12 wells,active,inactive,Nuclear fascin,regulation of protein localization to nucleus,GO_1900180,,,
1093688953,F12,Homo sapiens,NCBITaxon,9606,HeLa,EFO,EFO_0001185,,,,,SN1057293454,1.25,2932,GSK3B,,,Pass,Hoechst:DNA; Alexa Fluor 488 phalloidin:actin; mScarlet:fascin; iRFP:nuclear actin chromobody (nAC),106.9455719,-338.722412,Yes,Yes,compound response across 12 wells,active,inactive,Nuclear fascin,regulation of protein localization to nucleus,GO_1900180,,,
1093688953,F13,Homo sapiens,NCBITaxon,9606,HeLa,EFO,EFO_0001185,,,,,SN1057293454,0.3,2932,GSK3B,,,Pass,Hoechst:DNA; Alexa Fluor 488 phalloidin:actin; mScarlet:fascin; iRFP:nuclear actin chromobody (nAC),42.02961349,-30.4033127,Yes,Yes,compound response across 12 wells,active,inactive,Nuclear fascin,regulation of protein localization to nucleus,GO_1900180,,,
1093688953,F14,Homo sapiens,NCBITaxon,9606,HeLa,EFO,EFO_0001185,,,,,SN1057293454,0.1,2932,GSK3B,,,Pass,Hoechst:DNA; Alexa Fluor 488 phalloidin:actin; mScarlet:fascin; iRFP:nuclear actin chromobody (nAC),39.00538635,-38.9345627,Yes,Yes,compound response across 12 wells,active,inactive,Nuclear fascin,regulation of protein localization to nucleus,GO_1900180,,,
1093688953,F15,Homo sapiens,NCBITaxon,9606,HeLa,EFO,EFO_0001185,,,,,SN1057293454,0.03,2932,GSK3B,,,Pass,Hoechst:DNA; Alexa Fluor 488 phalloidin:actin; mScarlet:fascin; iRFP:nuclear actin chromobody (nAC),16.34867477,-24.9495525,Yes,Yes,compound response across 12 wells,active,inactive,Nuclear fascin,regulation of protein localization to nucleus,GO_1900180,,,
1093688953,F16,Homo sapiens,NCBITaxon,9606,HeLa,EFO,EFO_0001185,,,,,SN1057293454,0.0125,2932,GSK3B,,,Pass,Hoechst:DNA; Alexa Fluor 488 phalloidin:actin; mScarlet:fascin; iRFP:nuclear actin chromobody (nAC),19.62607956,2.5689888,Yes,Yes,compound response across 12 wells,active,inactive,Nuclear fascin,regulation of protein localization to nucleus,GO_1900180,,,
1093688953,F17,Homo sapiens,NCBITaxon,9606,HeLa,EFO,EFO_0001185,,,,,SN1057293454,0.003,2932,GSK3B,,,Pass,Hoechst:DNA; Alexa Fluor 488 phalloidin:actin; mScarlet:fascin; iRFP:nuclear actin chromobody (nAC),3.603727341,-11.7515593,Yes,Yes,compound response across 12 wells,active,inactive,Nuclear fascin,regulation of protein localization to nucleus,GO_1900180,,,
1093688953,F18,Homo sapiens,NCBITaxon,9606,HeLa,EFO,EFO_0001185,,,,,SN1057293454,0.001,2932,GSK3B,,,Pass,Hoechst:DNA; Alexa Fluor 488 phalloidin:actin; mScarlet:fascin; iRFP:nuclear actin chromobody (nAC),6.42343092,0.107745275,Yes,Yes,compound response across 12 wells,active,inactive,Nuclear fascin,regulation of protein localization to nucleus,GO_1900180,,,
1093688953,F19,Homo sapiens,NCBITaxon,9606,HeLa,EFO,EFO_0001185,,,,,SN1057293454,0.0003,2932,GSK3B,,,Pass,Hoechst:DNA; Alexa Fluor 488 phalloidin:actin; mScarlet:fascin; iRFP:nuclear actin chromobody (nAC),10.58838367,28.69711876,Yes,Yes,compound response across 12 wells,active,inactive,Nuclear fascin,regulation of protein localization to nucleus,GO_1900180,,,
1093688953,F20,Homo sapiens,NCBITaxon,9606,HeLa,EFO,EFO_0001185,,,,,SN1057293454,0.00003,2932,GSK3B,,,Pass,Hoechst:DNA; Alexa Fluor 488 phalloidin:actin; mScarlet:fascin; iRFP:nuclear actin chromobody (nAC),10.81455994,33.01762009,Yes,Yes,compound response across 12 wells,active,inactive,Nuclear fascin,regulation of protein localization to nucleus,GO_1900180,,,
1093688953,F21,Homo sapiens,NCBITaxon,9606,HeLa,EFO,EFO_0001185,,,,,SN1094624638,30,27198,GPR81,,,Pass,Hoechst:DNA; Alexa Fluor 488 phalloidin:actin; mScarlet:fascin; iRFP:nuclear actin chromobody (nAC),-14.02792645,39.64328003,,,compound response across 12 wells,inactive,inactive,,,,,,
1093688953,F22,Homo sapiens,NCBITaxon,9606,HeLa,EFO,EFO_0001185,,,,,SN1094624638,10,27198,GPR81,,,Pass,Hoechst:DNA; Alexa Fluor 488 phalloidin:actin; mScarlet:fascin; iRFP:nuclear actin chromobody (nAC),89.07577515,-200.781631,,,compound response across 12 wells,inactive,inactive,,,,,,
1093688953,F23,Homo sapiens,NCBITaxon,9606,HeLa,EFO,EFO_0001185,,,,,SN1094624638,3.125,27198,GPR81,,,Pass,Hoechst:DNA; Alexa Fluor 488 phalloidin:actin; mScarlet:fascin; iRFP:nuclear actin chromobody (nAC),13.03344154,20.24277306,,,compound response across 12 wells,inactive,inactive,,,,,,
1093688953,F24,Homo sapiens,NCBITaxon,9606,HeLa,EFO,EFO_0001185,,,,,SN1094624638,1.25,27198,GPR81,,,Pass,Hoechst:DNA; Alexa Fluor 488 phalloidin:actin; mScarlet:fascin; iRFP:nuclear actin chromobody (nAC),14.37614918,-26.9960804,,,compound response across 12 wells,inactive,inactive,,,,,,
1093688953,G1,Homo sapiens,NCBITaxon,9606,HeLa,EFO,EFO_0001185,,,,,SN1094624638,0.3,27198,GPR81,,,Pass,Hoechst:DNA; Alexa Fluor 488 phalloidin:actin; mScarlet:fascin; iRFP:nuclear actin chromobody (nAC),5.262948036,7.154023647,,,compound response across 12 wells,inactive,inactive,,,,,,
1093688953,G2,Homo sapiens,NCBITaxon,9606,HeLa,EFO,EFO_0001185,,,,,SN1094624638,0.1,27198,GPR81,,,Pass,Hoechst:DNA; Alexa Fluor 488 phalloidin:actin; mScarlet:fascin; iRFP:nuclear actin chromobody (nAC),16.19572639,-18.9757557,,,compound response across 12 wells,inactive,inactive,,,,,,
1093688953,G3,Homo sapiens,NCBITaxon,9606,HeLa,EFO,EFO_0001185,,,,,SN1094624638,0.03,27198,GPR81,,,Pass,Hoechst:DNA; Alexa Fluor 488 phalloidin:actin; mScarlet:fascin; iRFP:nuclear actin chromobody (nAC),7.731283665,14.2732687,,,compound response across 12 wells,inactive,inactive,,,,,,
1093688953,G4,Homo sapiens,NCBITaxon,9606,HeLa,EFO,EFO_0001185,,,,,SN1094624638,0.0125,27198,GPR81,,,Pass,Hoechst:DNA; Alexa Fluor 488 phalloidin:actin; mScarlet:fascin; iRFP:nuclear actin chromobody (nAC),-2.156176567,-11.7188177,,,compound response across 12 wells,inactive,inactive,,,,,,
1093688953,G5,Homo sapiens,NCBITaxon,9606,HeLa,EFO,EFO_0001185,,,,,SN1094624638,0.003,27198,GPR81,,,Pass,Hoechst:DNA; Alexa Fluor 488 phalloidin:actin; mScarlet:fascin; iRFP:nuclear actin chromobody (nAC),10.39690781,0.499754936,,,compound response across 12 wells,inactive,inactive,,,,,,
1093688953,G6,Homo sapiens,NCBITaxon,9606,HeLa,EFO,EFO_0001185,,,,,SN1094624638,0.001,27198,GPR81,,,Pass,Hoechst:DNA; Alexa Fluor 488 phalloidin:actin; mScarlet:fascin; iRFP:nuclear actin chromobody (nAC),13.66600418,8.10987854,,,compound response across 12 wells,inactive,inactive,,,,,,
1093688953,G7,Homo sapiens,NCBITaxon,9606,HeLa,EFO,EFO_0001185,,,,,SN1094624638,0.0003,27198,GPR81,,,Pass,Hoechst:DNA; Alexa Fluor 488 phalloidin:actin; mScarlet:fascin; iRFP:nuclear actin chromobody (nAC),18.28861046,2.057863235,,,compound response across 12 wells,inactive,inactive,,,,,,
1093688953,G8,Homo sapiens,NCBITaxon,9606,HeLa,EFO,EFO_0001185,,,,,SN1094624638,0.00003,27198,GPR81,,,Pass,Hoechst:DNA; Alexa Fluor 488 phalloidin:actin; mScarlet:fascin; iRFP:nuclear actin chromobody (nAC),5.358771801,23.06832123,,,compound response across 12 wells,inactive,inactive,,,,,,
1093688953,G9,Homo sapiens,NCBITaxon,9606,HeLa,EFO,EFO_0001185,,,,,SN1078998854,30,6714,SRC,,,Pass,Hoechst:DNA; Alexa Fluor 488 phalloidin:actin; mScarlet:fascin; iRFP:nuclear actin chromobody (nAC),102.795166,-69.0675278,,Yes,compound response across 12 wells,inactive,active,,,,Nuclear actin,actin filament phenotype,CMPO_0000104
1093688953,G10,Homo sapiens,NCBITaxon,9606,HeLa,EFO,EFO_0001185,,,,,SN1078998854,10,6714,SRC,,,Pass,Hoechst:DNA; Alexa Fluor 488 phalloidin:actin; mScarlet:fascin; iRFP:nuclear actin chromobody (nAC),38.92383575,-55.5831223,,Yes,compound response across 12 wells,inactive,active,,,,Nuclear actin,actin filament phenotype,CMPO_0000104
1093688953,G11,Homo sapiens,NCBITaxon,9606,HeLa,EFO,EFO_0001185,,,,,SN1078998854,3.125,6714,SRC,,,Pass,Hoechst:DNA; Alexa Fluor 488 phalloidin:actin; mScarlet:fascin; iRFP:nuclear actin chromobody (nAC),32.45560074,-4.21337748,,Yes,compound response across 12 wells,inactive,active,,,,Nuclear actin,actin filament phenotype,CMPO_0000104
1093688953,G12,Homo sapiens,NCBITaxon,9606,HeLa,EFO,EFO_0001185,,,,,SN1078998854,1.25,6714,SRC,,,Pass,Hoechst:DNA; Alexa Fluor 488 phalloidin:actin; mScarlet:fascin; iRFP:nuclear actin chromobody (nAC),14.79214382,7.095742226,,Yes,compound response across 12 wells,inactive,active,,,,Nuclear actin,actin filament phenotype,CMPO_0000104
1093688953,G13,Homo sapiens,NCBITaxon,9606,HeLa,EFO,EFO_0001185,DMSO,679,IAZDPXIOMUYVGZ-UHFFFAOYSA-N,CS(=O)C,,,,,Neutral Control,,Pass,Hoechst:DNA; Alexa Fluor 488 phalloidin:actin; mScarlet:fascin; iRFP:nuclear actin chromobody (nAC),-2.254820824,25.93117523,,,,,,,,,,,
1093688953,G14,Homo sapiens,NCBITaxon,9606,HeLa,EFO,EFO_0001185,,,,,,,,,Stimulator Control,Leptomycin b blocks nuclear export of fascin,Pass,Hoechst:DNA; Alexa Fluor 488 phalloidin:actin; mScarlet:fascin; iRFP:nuclear actin chromobody (nAC),119.281311,11.04914284,,,,,,,,,,,
1093688953,G15,Homo sapiens,NCBITaxon,9606,HeLa,EFO,EFO_0001185,DMSO,679,IAZDPXIOMUYVGZ-UHFFFAOYSA-N,CS(=O)C,,,,,Neutral Control,,Pass,Hoechst:DNA; Alexa Fluor 488 phalloidin:actin; mScarlet:fascin; iRFP:nuclear actin chromobody (nAC),3.595172405,2.778553963,,,,,,,,,,,
1093688953,G16,Homo sapiens,NCBITaxon,9606,HeLa,EFO,EFO_0001185,,,,,SN1078998854,0.3,6714,SRC,,,Pass,Hoechst:DNA; Alexa Fluor 488 phalloidin:actin; mScarlet:fascin; iRFP:nuclear actin chromobody (nAC),17.48495102,-31.2302799,,Yes,compound response across 12 wells,inactive,active,,,,Nuclear actin,actin filament phenotype,CMPO_0000104
1093688953,G17,Homo sapiens,NCBITaxon,9606,HeLa,EFO,EFO_0001185,,,,,SN1078998854,0.1,6714,SRC,,,Pass,Hoechst:DNA; Alexa Fluor 488 phalloidin:actin; mScarlet:fascin; iRFP:nuclear actin chromobody (nAC),5.304513454,7.967716694,,Yes,compound response across 12 wells,inactive,active,,,,Nuclear actin,actin filament phenotype,CMPO_0000104
1093688953,G18,Homo sapiens,NCBITaxon,9606,HeLa,EFO,EFO_0001185,,,,,SN1078998854,0.03,6714,SRC,,,Pass,Hoechst:DNA; Alexa Fluor 488 phalloidin:actin; mScarlet:fascin; iRFP:nuclear actin chromobody (nAC),6.567995548,-23.8412971,,Yes,compound response across 12 wells,inactive,active,,,,Nuclear actin,actin filament phenotype,CMPO_0000104
1093688953,G19,Homo sapiens,NCBITaxon,9606,HeLa,EFO,EFO_0001185,,,,,SN1078998854,0.0125,6714,SRC,,,Pass,Hoechst:DNA; Alexa Fluor 488 phalloidin:actin; mScarlet:fascin; iRFP:nuclear actin chromobody (nAC),13.13935375,-31.1075859,,Yes,compound response across 12 wells,inactive,active,,,,Nuclear actin,actin filament phenotype,CMPO_0000104
1093688953,G20,Homo sapiens,NCBITaxon,9606,HeLa,EFO,EFO_0001185,,,,,SN1078998854,0.003,6714,SRC,,,Pass,Hoechst:DNA; Alexa Fluor 488 phalloidin:actin; mScarlet:fascin; iRFP:nuclear actin chromobody (nAC),16.40742874,18.33409691,,Yes,compound response across 12 wells,inactive,active,,,,Nuclear actin,actin filament phenotype,CMPO_0000104
1093688953,G21,Homo sapiens,NCBITaxon,9606,HeLa,EFO,EFO_0001185,,,,,SN1078998854,0.001,6714,SRC,,,Pass,Hoechst:DNA; Alexa Fluor 488 phalloidin:actin; mScarlet:fascin; iRFP:nuclear actin chromobody (nAC),-2.103964329,1.456721663,,Yes,compound response across 12 wells,inactive,active,,,,Nuclear actin,actin filament phenotype,CMPO_0000104
1093688953,G22,Homo sapiens,NCBITaxon,9606,HeLa,EFO,EFO_0001185,,,,,SN1078998854,0.0003,6714,SRC,,,Pass,Hoechst:DNA; Alexa Fluor 488 phalloidin:actin; mScarlet:fascin; iRFP:nuclear actin chromobody (nAC),4.573802948,-0.83485317,,Yes,compound response across 12 wells,inactive,active,,,,Nuclear actin,actin filament phenotype,CMPO_0000104
1093688953,G23,Homo sapiens,NCBITaxon,9606,HeLa,EFO,EFO_0001185,,,,,SN1078998854,0.00003,6714,SRC,,,Pass,Hoechst:DNA; Alexa Fluor 488 phalloidin:actin; mScarlet:fascin; iRFP:nuclear actin chromobody (nAC),0.571345687,-42.9619141,,Yes,compound response across 12 wells,inactive,active,,,,Nuclear actin,actin filament phenotype,CMPO_0000104
1093688953,G24,Homo sapiens,NCBITaxon,9606,HeLa,EFO,EFO_0001185,,,,,SN1006003539,30,5579,PRKCB,,,Pass,Hoechst:DNA; Alexa Fluor 488 phalloidin:actin; mScarlet:fascin; iRFP:nuclear actin chromobody (nAC),37.6328125,43.02690125,,,compound response across 12 wells,inactive,inactive,,,,,,
1093688953,H1,Homo sapiens,NCBITaxon,9606,HeLa,EFO,EFO_0001185,,,,,SN1006003539,10,5579,PRKCB,,,Pass,Hoechst:DNA; Alexa Fluor 488 phalloidin:actin; mScarlet:fascin; iRFP:nuclear actin chromobody (nAC),31.1539917,-147.757385,,,compound response across 12 wells,inactive,inactive,,,,,,
1093688953,H2,Homo sapiens,NCBITaxon,9606,HeLa,EFO,EFO_0001185,DMSO,679,IAZDPXIOMUYVGZ-UHFFFAOYSA-N,CS(=O)C,,,,,Neutral Control,,Pass,Hoechst:DNA; Alexa Fluor 488 phalloidin:actin; mScarlet:fascin; iRFP:nuclear actin chromobody (nAC),21.53735733,-24.6318855,,,,,,,,,,,
1093688953,H3,Homo sapiens,NCBITaxon,9606,HeLa,EFO,EFO_0001185,,,,,,,,,Stimulator Control,Leptomycin b blocks nuclear export of fascin,Pass,Hoechst:DNA; Alexa Fluor 488 phalloidin:actin; mScarlet:fascin; iRFP:nuclear actin chromobody (nAC),108.0589981,-28.6752434,,,,,,,,,,,
1093688953,H4,Homo sapiens,NCBITaxon,9606,HeLa,EFO,EFO_0001185,DMSO,679,IAZDPXIOMUYVGZ-UHFFFAOYSA-N,CS(=O)C,,,,,Neutral Control,,Pass,Hoechst:DNA; Alexa Fluor 488 phalloidin:actin; mScarlet:fascin; iRFP:nuclear actin chromobody (nAC),-0.780660331,-3.02260566,,,,,,,,,,,
1093688953,H5,Homo sapiens,NCBITaxon,9606,HeLa,EFO,EFO_0001185,,,,,SN1006003539,3.125,5579,PRKCB,,,Pass,Hoechst:DNA; Alexa Fluor 488 phalloidin:actin; mScarlet:fascin; iRFP:nuclear actin chromobody (nAC),36.24308395,-17.216444,,,compound response across 12 wells,inactive,inactive,,,,,,
1093688953,H6,Homo sapiens,NCBITaxon,9606,HeLa,EFO,EFO_0001185,,,,,SN1006003539,1.25,5579,PRKCB,,,Pass,Hoechst:DNA; Alexa Fluor 488 phalloidin:actin; mScarlet:fascin; iRFP:nuclear actin chromobody (nAC),16.04694748,-8.2506876,,,compound response across 12 wells,inactive,inactive,,,,,,
1093688953,H7,Homo sapiens,NCBITaxon,9606,HeLa,EFO,EFO_0001185,,,,,SN1006003539,0.3,5579,PRKCB,,,Pass,Hoechst:DNA; Alexa Fluor 488 phalloidin:actin; mScarlet:fascin; iRFP:nuclear actin chromobody (nAC),4.364054203,12.38297749,,,compound response across 12 wells,inactive,inactive,,,,,,
1093688953,H8,Homo sapiens,NCBITaxon,9606,HeLa,EFO,EFO_0001185,,,,,SN1006003539,0.1,5579,PRKCB,,,Pass,Hoechst:DNA; Alexa Fluor 488 phalloidin:actin; mScarlet:fascin; iRFP:nuclear actin chromobody (nAC),10.0705061,2.030121803,,,compound response across 12 wells,inactive,inactive,,,,,,
1093688953,H9,Homo sapiens,NCBITaxon,9606,HeLa,EFO,EFO_0001185,,,,,SN1006003539,0.03,5579,PRKCB,,,Pass,Hoechst:DNA; Alexa Fluor 488 phalloidin:actin; mScarlet:fascin; iRFP:nuclear actin chromobody (nAC),17.86897278,1.764851451,,,compound response across 12 wells,inactive,inactive,,,,,,
1093688953,H10,Homo sapiens,NCBITaxon,9606,HeLa,EFO,EFO_0001185,,,,,SN1006003539,0.0125,5579,PRKCB,,,Pass,Hoechst:DNA; Alexa Fluor 488 phalloidin:actin; mScarlet:fascin; iRFP:nuclear actin chromobody (nAC),5.5655756,10.6763258,,,compound response across 12 wells,inactive,inactive,,,,,,
1093688953,H11,Homo sapiens,NCBITaxon,9606,HeLa,EFO,EFO_0001185,,,,,SN1006003539,0.003,5579,PRKCB,,,Pass,Hoechst:DNA; Alexa Fluor 488 phalloidin:actin; mScarlet:fascin; iRFP:nuclear actin chromobody (nAC),13.86907291,10.34840584,,,compound response across 12 wells,inactive,inactive,,,,,,
1093688953,H12,Homo sapiens,NCBITaxon,9606,HeLa,EFO,EFO_0001185,,,,,SN1006003539,0.001,5579,PRKCB,,,Pass,Hoechst:DNA; Alexa Fluor 488 phalloidin:actin; mScarlet:fascin; iRFP:nuclear actin chromobody (nAC),9.613488197,-6.25752258,,,compound response across 12 wells,inactive,inactive,,,,,,
1093688953,H13,Homo sapiens,NCBITaxon,9606,HeLa,EFO,EFO_0001185,,,,,SN1006003539,0.0003,5579,PRKCB,,,Pass,Hoechst:DNA; Alexa Fluor 488 phalloidin:actin; mScarlet:fascin; iRFP:nuclear actin chromobody (nAC),3.049956322,-19.7665977,,,compound response across 12 wells,inactive,inactive,,,,,,
1093688953,H14,Homo sapiens,NCBITaxon,9606,HeLa,EFO,EFO_0001185,,,,,SN1006003539,0.00003,5579,PRKCB,,,Pass,Hoechst:DNA; Alexa Fluor 488 phalloidin:actin; mScarlet:fascin; iRFP:nuclear actin chromobody (nAC),13.72590351,38.26255798,,,compound response across 12 wells,inactive,inactive,,,,,,
1093688953,H15,Homo sapiens,NCBITaxon,9606,HeLa,EFO,EFO_0001185,,,,,SN1044754064,30,7010,TEK,,,Pass,Hoechst:DNA; Alexa Fluor 488 phalloidin:actin; mScarlet:fascin; iRFP:nuclear actin chromobody (nAC),101.9816818,-204.123016,,Yes,compound response across 12 wells,inactive,active,,,,Nuclear actin,actin filament phenotype,CMPO_0000104
1093688953,H16,Homo sapiens,NCBITaxon,9606,HeLa,EFO,EFO_0001185,,,,,SN1044754064,10,7010,TEK,,,Pass,Hoechst:DNA; Alexa Fluor 488 phalloidin:actin; mScarlet:fascin; iRFP:nuclear actin chromobody (nAC),58.18827057,-18.5970669,,Yes,compound response across 12 wells,inactive,active,,,,Nuclear actin,actin filament phenotype,CMPO_0000104
1093688953,H17,Homo sapiens,NCBITaxon,9606,HeLa,EFO,EFO_0001185,,,,,SN1044754064,3.125,7010,TEK,,,Pass,Hoechst:DNA; Alexa Fluor 488 phalloidin:actin; mScarlet:fascin; iRFP:nuclear actin chromobody (nAC),-27.16210365,-200.052841,,Yes,compound response across 12 wells,inactive,active,,,,Nuclear actin,actin filament phenotype,CMPO_0000104
1093688953,H18,Homo sapiens,NCBITaxon,9606,HeLa,EFO,EFO_0001185,,,,,SN1044754064,1.25,7010,TEK,,,Pass,Hoechst:DNA; Alexa Fluor 488 phalloidin:actin; mScarlet:fascin; iRFP:nuclear actin chromobody (nAC),9.732512474,-28.2278442,,Yes,compound response across 12 wells,inactive,active,,,,Nuclear actin,actin filament phenotype,CMPO_0000104
1093688953,H19,Homo sapiens,NCBITaxon,9606,HeLa,EFO,EFO_0001185,,,,,SN1044754064,0.3,7010,TEK,,,Pass,Hoechst:DNA; Alexa Fluor 488 phalloidin:actin; mScarlet:fascin; iRFP:nuclear actin chromobody (nAC),14.72296047,-15.303277,,Yes,compound response across 12 wells,inactive,active,,,,Nuclear actin,actin filament phenotype,CMPO_0000104
1093688953,H20,Homo sapiens,NCBITaxon,9606,HeLa,EFO,EFO_0001185,,,,,SN1044754064,0.1,7010,TEK,,,Pass,Hoechst:DNA; Alexa Fluor 488 phalloidin:actin; mScarlet:fascin; iRFP:nuclear actin chromobody (nAC),9.824398994,19.81537628,,Yes,compound response across 12 wells,inactive,active,,,,Nuclear actin,actin filament phenotype,CMPO_0000104
1093688953,H21,Homo sapiens,NCBITaxon,9606,HeLa,EFO,EFO_0001185,,,,,SN1044754064,0.03,7010,TEK,,,Pass,Hoechst:DNA; Alexa Fluor 488 phalloidin:actin; mScarlet:fascin; iRFP:nuclear actin chromobody (nAC),11.63269424,-0.73449701,,Yes,compound response across 12 wells,inactive,active,,,,Nuclear actin,actin filament phenotype,CMPO_0000104
1093688953,H22,Homo sapiens,NCBITaxon,9606,HeLa,EFO,EFO_0001185,,,,,SN1044754064,0.0125,7010,TEK,,,Pass,Hoechst:DNA; Alexa Fluor 488 phalloidin:actin; mScarlet:fascin; iRFP:nuclear actin chromobody (nAC),6.194232464,-19.1179714,,Yes,compound response across 12 wells,inactive,active,,,,Nuclear actin,actin filament phenotype,CMPO_0000104
1093688953,H23,Homo sapiens,NCBITaxon,9606,HeLa,EFO,EFO_0001185,,,,,SN1044754064,0.003,7010,TEK,,,Pass,Hoechst:DNA; Alexa Fluor 488 phalloidin:actin; mScarlet:fascin; iRFP:nuclear actin chromobody (nAC),7.222596169,-70.4832993,,Yes,compound response across 12 wells,inactive,active,,,,Nuclear actin,actin filament phenotype,CMPO_0000104
1093688953,H24,Homo sapiens,NCBITaxon,9606,HeLa,EFO,EFO_0001185,,,,,SN1044754064,0.001,7010,TEK,,,Pass,Hoechst:DNA; Alexa Fluor 488 phalloidin:actin; mScarlet:fascin; iRFP:nuclear actin chromobody (nAC),0.355583876,6.943744183,,Yes,compound response across 12 wells,inactive,active,,,,Nuclear actin,actin filament phenotype,CMPO_0000104
1093688953,I1,Homo sapiens,NCBITaxon,9606,HeLa,EFO,EFO_0001185,,,,,SN1044754064,0.0003,7010,TEK,,,Pass,Hoechst:DNA; Alexa Fluor 488 phalloidin:actin; mScarlet:fascin; iRFP:nuclear actin chromobody (nAC),6.929406643,-18.3454971,,Yes,compound response across 12 wells,inactive,active,,,,Nuclear actin,actin filament phenotype,CMPO_0000104
1093688953,I2,Homo sapiens,NCBITaxon,9606,HeLa,EFO,EFO_0001185,,,,,SN1044754064,0.00003,7010,TEK,,,Pass,Hoechst:DNA; Alexa Fluor 488 phalloidin:actin; mScarlet:fascin; iRFP:nuclear actin chromobody (nAC),9.223251343,-8.80863571,,Yes,compound response across 12 wells,inactive,active,,,,Nuclear actin,actin filament phenotype,CMPO_0000104
1093688953,I3,Homo sapiens,NCBITaxon,9606,HeLa,EFO,EFO_0001185,,,,,SN0127491906,30,3551,IKBKB,,,Pass,Hoechst:DNA; Alexa Fluor 488 phalloidin:actin; mScarlet:fascin; iRFP:nuclear actin chromobody (nAC),15.16674328,21.97961426,,,compound response across 12 wells,inactive,inactive,,,,,,
1093688953,I4,Homo sapiens,NCBITaxon,9606,HeLa,EFO,EFO_0001185,,,,,SN0127491906,10,3551,IKBKB,,,Pass,Hoechst:DNA; Alexa Fluor 488 phalloidin:actin; mScarlet:fascin; iRFP:nuclear actin chromobody (nAC),20.93091011,8.899810791,,,compound response across 12 wells,inactive,inactive,,,,,,
1093688953,I5,Homo sapiens,NCBITaxon,9606,HeLa,EFO,EFO_0001185,,,,,SN0127491906,3.125,3551,IKBKB,,,Pass,Hoechst:DNA; Alexa Fluor 488 phalloidin:actin; mScarlet:fascin; iRFP:nuclear actin chromobody (nAC),9.856913567,-28.6634521,,,compound response across 12 wells,inactive,inactive,,,,,,
1093688953,I6,Homo sapiens,NCBITaxon,9606,HeLa,EFO,EFO_0001185,,,,,SN0127491906,1.25,3551,IKBKB,,,Pass,Hoechst:DNA; Alexa Fluor 488 phalloidin:actin; mScarlet:fascin; iRFP:nuclear actin chromobody (nAC),0.892400205,5.426598072,,,compound response across 12 wells,inactive,inactive,,,,,,
1093688953,I7,Homo sapiens,NCBITaxon,9606,HeLa,EFO,EFO_0001185,,,,,SN0127491906,0.3,3551,IKBKB,,,Pass,Hoechst:DNA; Alexa Fluor 488 phalloidin:actin; mScarlet:fascin; iRFP:nuclear actin chromobody (nAC),-8.004666328,1.257941604,,,compound response across 12 wells,inactive,inactive,,,,,,
1093688953,I8,Homo sapiens,NCBITaxon,9606,HeLa,EFO,EFO_0001185,,,,,SN0127491906,0.1,3551,IKBKB,,,Pass,Hoechst:DNA; Alexa Fluor 488 phalloidin:actin; mScarlet:fascin; iRFP:nuclear actin chromobody (nAC),9.944926262,5.218859673,,,compound response across 12 wells,inactive,inactive,,,,,,
1093688953,I9,Homo sapiens,NCBITaxon,9606,HeLa,EFO,EFO_0001185,,,,,SN0127491906,0.03,3551,IKBKB,,,Pass,Hoechst:DNA; Alexa Fluor 488 phalloidin:actin; mScarlet:fascin; iRFP:nuclear actin chromobody (nAC),13.66242409,15.42858219,,,compound response across 12 wells,inactive,inactive,,,,,,
1093688953,I10,Homo sapiens,NCBITaxon,9606,HeLa,EFO,EFO_0001185,,,,,SN0127491906,0.0125,3551,IKBKB,,,Pass,Hoechst:DNA; Alexa Fluor 488 phalloidin:actin; mScarlet:fascin; iRFP:nuclear actin chromobody (nAC),10.07775879,-17.705864,,,compound response across 12 wells,inactive,inactive,,,,,,
1093688953,I11,Homo sapiens,NCBITaxon,9606,HeLa,EFO,EFO_0001185,,,,,SN0127491906,0.003,3551,IKBKB,,,Pass,Hoechst:DNA; Alexa Fluor 488 phalloidin:actin; mScarlet:fascin; iRFP:nuclear actin chromobody (nAC),2.076160908,0.240948454,,,compound response across 12 wells,inactive,inactive,,,,,,
1093688953,I12,Homo sapiens,NCBITaxon,9606,HeLa,EFO,EFO_0001185,,,,,SN0127491906,0.001,3551,IKBKB,,,Pass,Hoechst:DNA; Alexa Fluor 488 phalloidin:actin; mScarlet:fascin; iRFP:nuclear actin chromobody (nAC),8.878484726,-23.2790031,,,compound response across 12 wells,inactive,inactive,,,,,,
1093688953,I13,Homo sapiens,NCBITaxon,9606,HeLa,EFO,EFO_0001185,,,,,SN0127491906,0.0003,3551,IKBKB,,,Pass,Hoechst:DNA; Alexa Fluor 488 phalloidin:actin; mScarlet:fascin; iRFP:nuclear actin chromobody (nAC),8.648604393,-42.3762169,,,compound response across 12 wells,inactive,inactive,,,,,,
1093688953,I14,Homo sapiens,NCBITaxon,9606,HeLa,EFO,EFO_0001185,,,,,SN0127491906,0.00003,3551,IKBKB,,,Pass,Hoechst:DNA; Alexa Fluor 488 phalloidin:actin; mScarlet:fascin; iRFP:nuclear actin chromobody (nAC),-3.828942776,-14.2479572,,,compound response across 12 wells,inactive,inactive,,,,,,
1093688953,I15,Homo sapiens,NCBITaxon,9606,HeLa,EFO,EFO_0001185,,,,,SN1099046264,30,3156,HMGCR,,,Pass,Hoechst:DNA; Alexa Fluor 488 phalloidin:actin; mScarlet:fascin; iRFP:nuclear actin chromobody (nAC),37.8591423,-73.7517395,,Yes,compound response across 12 wells,inactive,active,,,,Nuclear actin,actin filament phenotype,CMPO_0000104
1093688953,I16,Homo sapiens,NCBITaxon,9606,HeLa,EFO,EFO_0001185,,,,,SN1099046264,10,3156,HMGCR,,,Pass,Hoechst:DNA; Alexa Fluor 488 phalloidin:actin; mScarlet:fascin; iRFP:nuclear actin chromobody (nAC),13.01357365,-31.4499207,,Yes,compound response across 12 wells,inactive,active,,,,Nuclear actin,actin filament phenotype,CMPO_0000104
1093688953,I17,Homo sapiens,NCBITaxon,9606,HeLa,EFO,EFO_0001185,DMSO,679,IAZDPXIOMUYVGZ-UHFFFAOYSA-N,CS(=O)C,,,,,Neutral Control,,Pass,Hoechst:DNA; Alexa Fluor 488 phalloidin:actin; mScarlet:fascin; iRFP:nuclear actin chromobody (nAC),3.228399038,-21.0756073,,,,,,,,,,,
1093688953,I18,Homo sapiens,NCBITaxon,9606,HeLa,EFO,EFO_0001185,,,,,,,,,Stimulator Control,Leptomycin b blocks nuclear export of fascin,Pass,Hoechst:DNA; Alexa Fluor 488 phalloidin:actin; mScarlet:fascin; iRFP:nuclear actin chromobody (nAC),100.5410919,23.62064171,,,,,,,,,,,
1093688953,I19,Homo sapiens,NCBITaxon,9606,HeLa,EFO,EFO_0001185,DMSO,679,IAZDPXIOMUYVGZ-UHFFFAOYSA-N,CS(=O)C,,,,,Neutral Control,,Pass,Hoechst:DNA; Alexa Fluor 488 phalloidin:actin; mScarlet:fascin; iRFP:nuclear actin chromobody (nAC),-7.426036835,-25.175396,,,,,,,,,,,
1093688953,I20,Homo sapiens,NCBITaxon,9606,HeLa,EFO,EFO_0001185,,,,,SN1099046264,3.125,3156,HMGCR,,,Pass,Hoechst:DNA; Alexa Fluor 488 phalloidin:actin; mScarlet:fascin; iRFP:nuclear actin chromobody (nAC),7.014738083,-36.8316994,,Yes,compound response across 12 wells,inactive,active,,,,Nuclear actin,actin filament phenotype,CMPO_0000104
1093688953,I21,Homo sapiens,NCBITaxon,9606,HeLa,EFO,EFO_0001185,,,,,SN1099046264,1.25,3156,HMGCR,,,Pass,Hoechst:DNA; Alexa Fluor 488 phalloidin:actin; mScarlet:fascin; iRFP:nuclear actin chromobody (nAC),-5.666932106,-13.5146484,,Yes,compound response across 12 wells,inactive,active,,,,Nuclear actin,actin filament phenotype,CMPO_0000104
1093688953,I22,Homo sapiens,NCBITaxon,9606,HeLa,EFO,EFO_0001185,,,,,SN1099046264,0.3,3156,HMGCR,,,Pass,Hoechst:DNA; Alexa Fluor 488 phalloidin:actin; mScarlet:fascin; iRFP:nuclear actin chromobody (nAC),6.510668755,-7.8857336,,Yes,compound response across 12 wells,inactive,active,,,,Nuclear actin,actin filament phenotype,CMPO_0000104
1093688953,I23,Homo sapiens,NCBITaxon,9606,HeLa,EFO,EFO_0001185,,,,,SN1099046264,0.1,3156,HMGCR,,,Pass,Hoechst:DNA; Alexa Fluor 488 phalloidin:actin; mScarlet:fascin; iRFP:nuclear actin chromobody (nAC),6.159130096,-19.2810173,,Yes,compound response across 12 wells,inactive,active,,,,Nuclear actin,actin filament phenotype,CMPO_0000104
1093688953,I24,Homo sapiens,NCBITaxon,9606,HeLa,EFO,EFO_0001185,,,,,SN1099046264,0.03,3156,HMGCR,,,Pass,Hoechst:DNA; Alexa Fluor 488 phalloidin:actin; mScarlet:fascin; iRFP:nuclear actin chromobody (nAC),10.07224178,11.81127548,,Yes,compound response across 12 wells,inactive,active,,,,Nuclear actin,actin filament phenotype,CMPO_0000104
1093688953,J1,Homo sapiens,NCBITaxon,9606,HeLa,EFO,EFO_0001185,,,,,SN1099046264,0.0125,3156,HMGCR,,,Pass,Hoechst:DNA; Alexa Fluor 488 phalloidin:actin; mScarlet:fascin; iRFP:nuclear actin chromobody (nAC),9.759277344,-11.1908588,,Yes,compound response across 12 wells,inactive,active,,,,Nuclear actin,actin filament phenotype,CMPO_0000104
1093688953,J2,Homo sapiens,NCBITaxon,9606,HeLa,EFO,EFO_0001185,,,,,SN1099046264,0.003,3156,HMGCR,,,Pass,Hoechst:DNA; Alexa Fluor 488 phalloidin:actin; mScarlet:fascin; iRFP:nuclear actin chromobody (nAC),4.576530457,-12.1065302,,Yes,compound response across 12 wells,inactive,active,,,,Nuclear actin,actin filament phenotype,CMPO_0000104
1093688953,J3,Homo sapiens,NCBITaxon,9606,HeLa,EFO,EFO_0001185,,,,,SN1099046264,0.001,3156,HMGCR,,,Pass,Hoechst:DNA; Alexa Fluor 488 phalloidin:actin; mScarlet:fascin; iRFP:nuclear actin chromobody (nAC),3.345997095,-17.5797348,,Yes,compound response across 12 wells,inactive,active,,,,Nuclear actin,actin filament phenotype,CMPO_0000104
1093688953,J4,Homo sapiens,NCBITaxon,9606,HeLa,EFO,EFO_0001185,,,,,SN1099046264,0.0003,3156,HMGCR,,,Pass,Hoechst:DNA; Alexa Fluor 488 phalloidin:actin; mScarlet:fascin; iRFP:nuclear actin chromobody (nAC),11.00110817,-19.0186634,,Yes,compound response across 12 wells,inactive,active,,,,Nuclear actin,actin filament phenotype,CMPO_0000104
1093688953,J5,Homo sapiens,NCBITaxon,9606,HeLa,EFO,EFO_0001185,,,,,SN1099046264,0.00003,3156,HMGCR,,,Pass,Hoechst:DNA; Alexa Fluor 488 phalloidin:actin; mScarlet:fascin; iRFP:nuclear actin chromobody (nAC),-6.276557446,-1.14341617,,Yes,compound response across 12 wells,inactive,active,,,,Nuclear actin,actin filament phenotype,CMPO_0000104
1093688953,J6,Homo sapiens,NCBITaxon,9606,HeLa,EFO,EFO_0001185,DMSO,679,IAZDPXIOMUYVGZ-UHFFFAOYSA-N,CS(=O)C,,,,,Neutral Control,,Pass,Hoechst:DNA; Alexa Fluor 488 phalloidin:actin; mScarlet:fascin; iRFP:nuclear actin chromobody (nAC),-7.393894196,0.972916067,,,,,,,,,,,
1093688953,J7,Homo sapiens,NCBITaxon,9606,HeLa,EFO,EFO_0001185,,,,,,,,,Stimulator Control,Leptomycin b blocks nuclear export of fascin,Pass,Hoechst:DNA; Alexa Fluor 488 phalloidin:actin; mScarlet:fascin; iRFP:nuclear actin chromobody (nAC),101.1193161,35.14133072,,,,,,,,,,,
1093688953,J8,Homo sapiens,NCBITaxon,9606,HeLa,EFO,EFO_0001185,DMSO,679,IAZDPXIOMUYVGZ-UHFFFAOYSA-N,CS(=O)C,,,,,Neutral Control,,Pass,Hoechst:DNA; Alexa Fluor 488 phalloidin:actin; mScarlet:fascin; iRFP:nuclear actin chromobody (nAC),-5.670791149,9.460447311,,,,,,,,,,,
1093688953,J9,Homo sapiens,NCBITaxon,9606,HeLa,EFO,EFO_0001185,,,,,SN0039332470,30,5788,PTPRC,,,Pass,Hoechst:DNA; Alexa Fluor 488 phalloidin:actin; mScarlet:fascin; iRFP:nuclear actin chromobody (nAC),129.525177,,,,compound response across 12 wells,inactive,inactive,,,,,,
1093688953,J10,Homo sapiens,NCBITaxon,9606,HeLa,EFO,EFO_0001185,,,,,SN0039332470,10,5788,PTPRC,,,Pass,Hoechst:DNA; Alexa Fluor 488 phalloidin:actin; mScarlet:fascin; iRFP:nuclear actin chromobody (nAC),48.652565,91.11946869,,,compound response across 12 wells,inactive,inactive,,,,,,
1093688953,J11,Homo sapiens,NCBITaxon,9606,HeLa,EFO,EFO_0001185,,,,,SN0039332470,3.125,5788,PTPRC,,,Pass,Hoechst:DNA; Alexa Fluor 488 phalloidin:actin; mScarlet:fascin; iRFP:nuclear actin chromobody (nAC),-6.531497955,-101.863678,,,compound response across 12 wells,inactive,inactive,,,,,,
1093688953,J12,Homo sapiens,NCBITaxon,9606,HeLa,EFO,EFO_0001185,,,,,SN0039332470,1.25,5788,PTPRC,,,Pass,Hoechst:DNA; Alexa Fluor 488 phalloidin:actin; mScarlet:fascin; iRFP:nuclear actin chromobody (nAC),9.62029171,1.795087099,,,compound response across 12 wells,inactive,inactive,,,,,,
1093688953,J13,Homo sapiens,NCBITaxon,9606,HeLa,EFO,EFO_0001185,,,,,SN0039332470,0.3,5788,PTPRC,,,Pass,Hoechst:DNA; Alexa Fluor 488 phalloidin:actin; mScarlet:fascin; iRFP:nuclear actin chromobody (nAC),16.9382,-32.868145,,,compound response across 12 wells,inactive,inactive,,,,,,
1093688953,J14,Homo sapiens,NCBITaxon,9606,HeLa,EFO,EFO_0001185,,,,,SN0039332470,0.1,5788,PTPRC,,,Pass,Hoechst:DNA; Alexa Fluor 488 phalloidin:actin; mScarlet:fascin; iRFP:nuclear actin chromobody (nAC),11.35718822,27.74750519,,,compound response across 12 wells,inactive,inactive,,,,,,
1093688953,J15,Homo sapiens,NCBITaxon,9606,HeLa,EFO,EFO_0001185,,,,,SN0039332470,0.03,5788,PTPRC,,,Pass,Hoechst:DNA; Alexa Fluor 488 phalloidin:actin; mScarlet:fascin; iRFP:nuclear actin chromobody (nAC),0.528199494,2.024676561,,,compound response across 12 wells,inactive,inactive,,,,,,
1093688953,J16,Homo sapiens,NCBITaxon,9606,HeLa,EFO,EFO_0001185,,,,,SN0039332470,0.0125,5788,PTPRC,,,Pass,Hoechst:DNA; Alexa Fluor 488 phalloidin:actin; mScarlet:fascin; iRFP:nuclear actin chromobody (nAC),10.48690414,12.14810658,,,compound response across 12 wells,inactive,inactive,,,,,,
1093688953,J17,Homo sapiens,NCBITaxon,9606,HeLa,EFO,EFO_0001185,,,,,SN0039332470,0.003,5788,PTPRC,,,Pass,Hoechst:DNA; Alexa Fluor 488 phalloidin:actin; mScarlet:fascin; iRFP:nuclear actin chromobody (nAC),6.947089672,-13.7794333,,,compound response across 12 wells,inactive,inactive,,,,,,
1093688953,J18,Homo sapiens,NCBITaxon,9606,HeLa,EFO,EFO_0001185,,,,,SN0039332470,0.001,5788,PTPRC,,,Pass,Hoechst:DNA; Alexa Fluor 488 phalloidin:actin; mScarlet:fascin; iRFP:nuclear actin chromobody (nAC),9.655255318,0.838260829,,,compound response across 12 wells,inactive,inactive,,,,,,
1093688953,J19,Homo sapiens,NCBITaxon,9606,HeLa,EFO,EFO_0001185,,,,,SN0039332470,0.0003,5788,PTPRC,,,Pass,Hoechst:DNA; Alexa Fluor 488 phalloidin:actin; mScarlet:fascin; iRFP:nuclear actin chromobody (nAC),13.01864147,21.26296425,,,compound response across 12 wells,inactive,inactive,,,,,,
1093688953,J20,Homo sapiens,NCBITaxon,9606,HeLa,EFO,EFO_0001185,,,,,SN0039332470,0.00003,5788,PTPRC,,,Pass,Hoechst:DNA; Alexa Fluor 488 phalloidin:actin; mScarlet:fascin; iRFP:nuclear actin chromobody (nAC),8.983963966,8.665596008,,,compound response across 12 wells,inactive,inactive,,,,,,
1093688953,J21,Homo sapiens,NCBITaxon,9606,HeLa,EFO,EFO_0001185,,,,,SN1021295572,30,1769,DNAH8,,,Pass,Hoechst:DNA; Alexa Fluor 488 phalloidin:actin; mScarlet:fascin; iRFP:nuclear actin chromobody (nAC),44.11019135,-41.5745125,,Yes,compound response across 12 wells,active,inactive,Nuclear fascin,regulation of protein localization to nucleus,GO_1900180,,,
1093688953,J22,Homo sapiens,NCBITaxon,9606,HeLa,EFO,EFO_0001185,,,,,SN1021295572,10,1769,DNAH8,,,Pass,Hoechst:DNA; Alexa Fluor 488 phalloidin:actin; mScarlet:fascin; iRFP:nuclear actin chromobody (nAC),26.86083984,68.49993896,,Yes,compound response across 12 wells,active,inactive,Nuclear fascin,regulation of protein localization to nucleus,GO_1900180,,,
1093688953,J23,Homo sapiens,NCBITaxon,9606,HeLa,EFO,EFO_0001185,,,,,SN1021295572,3.125,1769,DNAH8,,,Pass,Hoechst:DNA; Alexa Fluor 488 phalloidin:actin; mScarlet:fascin; iRFP:nuclear actin chromobody (nAC),-21.04221535,7.013384819,,Yes,compound response across 12 wells,active,inactive,Nuclear fascin,regulation of protein localization to nucleus,GO_1900180,,,
1093688953,J24,Homo sapiens,NCBITaxon,9606,HeLa,EFO,EFO_0001185,,,,,SN1021295572,1.25,1769,DNAH8,,,Pass,Hoechst:DNA; Alexa Fluor 488 phalloidin:actin; mScarlet:fascin; iRFP:nuclear actin chromobody (nAC),6.803005695,-0.36598966,,Yes,compound response across 12 wells,active,inactive,Nuclear fascin,regulation of protein localization to nucleus,GO_1900180,,,
1093688953,K1,Homo sapiens,NCBITaxon,9606,HeLa,EFO,EFO_0001185,,,,,SN1021295572,0.3,1769,DNAH8,,,Pass,Hoechst:DNA; Alexa Fluor 488 phalloidin:actin; mScarlet:fascin; iRFP:nuclear actin chromobody (nAC),-1.18388474,23.19391251,,Yes,compound response across 12 wells,active,inactive,Nuclear fascin,regulation of protein localization to nucleus,GO_1900180,,,
1093688953,K2,Homo sapiens,NCBITaxon,9606,HeLa,EFO,EFO_0001185,,,,,SN1021295572,0.1,1769,DNAH8,,,Pass,Hoechst:DNA; Alexa Fluor 488 phalloidin:actin; mScarlet:fascin; iRFP:nuclear actin chromobody (nAC),15.09504986,-26.6449871,,Yes,compound response across 12 wells,active,inactive,Nuclear fascin,regulation of protein localization to nucleus,GO_1900180,,,
1093688953,K3,Homo sapiens,NCBITaxon,9606,HeLa,EFO,EFO_0001185,,,,,SN1021295572,0.03,1769,DNAH8,,,Pass,Hoechst:DNA; Alexa Fluor 488 phalloidin:actin; mScarlet:fascin; iRFP:nuclear actin chromobody (nAC),19.01913452,-27.0785141,,Yes,compound response across 12 wells,active,inactive,Nuclear fascin,regulation of protein localization to nucleus,GO_1900180,,,
1093688953,K4,Homo sapiens,NCBITaxon,9606,HeLa,EFO,EFO_0001185,,,,,SN1021295572,0.0125,1769,DNAH8,,,Pass,Hoechst:DNA; Alexa Fluor 488 phalloidin:actin; mScarlet:fascin; iRFP:nuclear actin chromobody (nAC),19.33995628,-13.4592533,,Yes,compound response across 12 wells,active,inactive,Nuclear fascin,regulation of protein localization to nucleus,GO_1900180,,,
1093688953,K5,Homo sapiens,NCBITaxon,9606,HeLa,EFO,EFO_0001185,,,,,SN1021295572,0.003,1769,DNAH8,,,Pass,Hoechst:DNA; Alexa Fluor 488 phalloidin:actin; mScarlet:fascin; iRFP:nuclear actin chromobody (nAC),7.572213173,-21.8601055,,Yes,compound response across 12 wells,active,inactive,Nuclear fascin,regulation of protein localization to nucleus,GO_1900180,,,
1093688953,K6,Homo sapiens,NCBITaxon,9606,HeLa,EFO,EFO_0001185,,,,,SN1021295572,0.001,1769,DNAH8,,,Pass,Hoechst:DNA; Alexa Fluor 488 phalloidin:actin; mScarlet:fascin; iRFP:nuclear actin chromobody (nAC),7.209159374,-17.1395969,,Yes,compound response across 12 wells,active,inactive,Nuclear fascin,regulation of protein localization to nucleus,GO_1900180,,,
1093688953,K7,Homo sapiens,NCBITaxon,9606,HeLa,EFO,EFO_0001185,,,,,SN1021295572,0.0003,1769,DNAH8,,,Pass,Hoechst:DNA; Alexa Fluor 488 phalloidin:actin; mScarlet:fascin; iRFP:nuclear actin chromobody (nAC),1.258119702,-11.7447968,,Yes,compound response across 12 wells,active,inactive,Nuclear fascin,regulation of protein localization to nucleus,GO_1900180,,,
1093688953,K8,Homo sapiens,NCBITaxon,9606,HeLa,EFO,EFO_0001185,,,,,SN1021295572,0.00003,1769,DNAH8,,,Pass,Hoechst:DNA; Alexa Fluor 488 phalloidin:actin; mScarlet:fascin; iRFP:nuclear actin chromobody (nAC),7.846355438,3.022301197,,Yes,compound response across 12 wells,active,inactive,Nuclear fascin,regulation of protein localization to nucleus,GO_1900180,,,
1093688953,K9,Homo sapiens,NCBITaxon,9606,HeLa,EFO,EFO_0001185,,,,,SN1045614781,30,3717,JAK2,,,Pass,Hoechst:DNA; Alexa Fluor 488 phalloidin:actin; mScarlet:fascin; iRFP:nuclear actin chromobody (nAC),95.70224762,,,Yes,compound response across 12 wells,active,inactive,Nuclear fascin,regulation of protein localization to nucleus,GO_1900180,,,
1093688953,K10,Homo sapiens,NCBITaxon,9606,HeLa,EFO,EFO_0001185,,,,,SN1045614781,10,3717,JAK2,,,Pass,Hoechst:DNA; Alexa Fluor 488 phalloidin:actin; mScarlet:fascin; iRFP:nuclear actin chromobody (nAC),95.18514252,-36.2709503,,Yes,compound response across 12 wells,active,inactive,Nuclear fascin,regulation of protein localization to nucleus,GO_1900180,,,
1093688953,K11,Homo sapiens,NCBITaxon,9606,HeLa,EFO,EFO_0001185,,,,,SN1045614781,3.125,3717,JAK2,,,Pass,Hoechst:DNA; Alexa Fluor 488 phalloidin:actin; mScarlet:fascin; iRFP:nuclear actin chromobody (nAC),42.07813644,-4.49658251,,Yes,compound response across 12 wells,active,inactive,Nuclear fascin,regulation of protein localization to nucleus,GO_1900180,,,
1093688953,K12,Homo sapiens,NCBITaxon,9606,HeLa,EFO,EFO_0001185,,,,,SN1045614781,1.25,3717,JAK2,,,Pass,Hoechst:DNA; Alexa Fluor 488 phalloidin:actin; mScarlet:fascin; iRFP:nuclear actin chromobody (nAC),25.79974556,-20.1650829,,Yes,compound response across 12 wells,active,inactive,Nuclear fascin,regulation of protein localization to nucleus,GO_1900180,,,
1093688953,K13,Homo sapiens,NCBITaxon,9606,HeLa,EFO,EFO_0001185,,,,,SN1045614781,0.3,3717,JAK2,,,Pass,Hoechst:DNA; Alexa Fluor 488 phalloidin:actin; mScarlet:fascin; iRFP:nuclear actin chromobody (nAC),7.661232948,-3.0879426,,Yes,compound response across 12 wells,active,inactive,Nuclear fascin,regulation of protein localization to nucleus,GO_1900180,,,
1093688953,K14,Homo sapiens,NCBITaxon,9606,HeLa,EFO,EFO_0001185,,,,,SN1045614781,0.1,3717,JAK2,,,Pass,Hoechst:DNA; Alexa Fluor 488 phalloidin:actin; mScarlet:fascin; iRFP:nuclear actin chromobody (nAC),19.76586914,25.24689293,,Yes,compound response across 12 wells,active,inactive,Nuclear fascin,regulation of protein localization to nucleus,GO_1900180,,,
1093688953,K15,Homo sapiens,NCBITaxon,9606,HeLa,EFO,EFO_0001185,,,,,SN1045614781,0.03,3717,JAK2,,,Pass,Hoechst:DNA; Alexa Fluor 488 phalloidin:actin; mScarlet:fascin; iRFP:nuclear actin chromobody (nAC),1.47822094,8.189472198,,Yes,compound response across 12 wells,active,inactive,Nuclear fascin,regulation of protein localization to nucleus,GO_1900180,,,
1093688953,K16,Homo sapiens,NCBITaxon,9606,HeLa,EFO,EFO_0001185,,,,,SN1045614781,0.0125,3717,JAK2,,,Pass,Hoechst:DNA; Alexa Fluor 488 phalloidin:actin; mScarlet:fascin; iRFP:nuclear actin chromobody (nAC),15.38208675,-27.7795563,,Yes,compound response across 12 wells,active,inactive,Nuclear fascin,regulation of protein localization to nucleus,GO_1900180,,,
1093688953,K17,Homo sapiens,NCBITaxon,9606,HeLa,EFO,EFO_0001185,,,,,SN1045614781,0.003,3717,JAK2,,,Pass,Hoechst:DNA; Alexa Fluor 488 phalloidin:actin; mScarlet:fascin; iRFP:nuclear actin chromobody (nAC),9.940199852,-3.17226171,,Yes,compound response across 12 wells,active,inactive,Nuclear fascin,regulation of protein localization to nucleus,GO_1900180,,,
1093688953,K18,Homo sapiens,NCBITaxon,9606,HeLa,EFO,EFO_0001185,,,,,SN1045614781,0.001,3717,JAK2,,,Pass,Hoechst:DNA; Alexa Fluor 488 phalloidin:actin; mScarlet:fascin; iRFP:nuclear actin chromobody (nAC),13.70028496,18.19656181,,Yes,compound response across 12 wells,active,inactive,Nuclear fascin,regulation of protein localization to nucleus,GO_1900180,,,
1093688953,K19,Homo sapiens,NCBITaxon,9606,HeLa,EFO,EFO_0001185,,,,,SN1045614781,0.0003,3717,JAK2,,,Pass,Hoechst:DNA; Alexa Fluor 488 phalloidin:actin; mScarlet:fascin; iRFP:nuclear actin chromobody (nAC),0.822504699,-6.26326656,,Yes,compound response across 12 wells,active,inactive,Nuclear fascin,regulation of protein localization to nucleus,GO_1900180,,,
1093688953,K20,Homo sapiens,NCBITaxon,9606,HeLa,EFO,EFO_0001185,,,,,SN1045614781,0.00003,3717,JAK2,,,Pass,Hoechst:DNA; Alexa Fluor 488 phalloidin:actin; mScarlet:fascin; iRFP:nuclear actin chromobody (nAC),32.52073669,-19.4337597,,Yes,compound response across 12 wells,active,inactive,Nuclear fascin,regulation of protein localization to nucleus,GO_1900180,,,
1093688953,K21,Homo sapiens,NCBITaxon,9606,HeLa,EFO,EFO_0001185,DMSO,679,IAZDPXIOMUYVGZ-UHFFFAOYSA-N,CS(=O)C,,,,,Neutral Control,,Pass,Hoechst:DNA; Alexa Fluor 488 phalloidin:actin; mScarlet:fascin; iRFP:nuclear actin chromobody (nAC),0.306021571,-8.1924696,,,,,,,,,,,
1093688953,K22,Homo sapiens,NCBITaxon,9606,HeLa,EFO,EFO_0001185,,,,,,,,,Stimulator Control,Leptomycin b blocks nuclear export of fascin,Pass,Hoechst:DNA; Alexa Fluor 488 phalloidin:actin; mScarlet:fascin; iRFP:nuclear actin chromobody (nAC),96.30517578,-23.3129635,,,,,,,,,,,
1093688953,K23,Homo sapiens,NCBITaxon,9606,HeLa,EFO,EFO_0001185,DMSO,679,IAZDPXIOMUYVGZ-UHFFFAOYSA-N,CS(=O)C,,,,,Neutral Control,,Pass,Hoechst:DNA; Alexa Fluor 488 phalloidin:actin; mScarlet:fascin; iRFP:nuclear actin chromobody (nAC),0.413933486,23.21926498,,,,,,,,,,,
1093688953,K24,Homo sapiens,NCBITaxon,9606,HeLa,EFO,EFO_0001185,,,,,SN1055632718,30,1196,CLK2,,,Fail,Hoechst:DNA; Alexa Fluor 488 phalloidin:actin; mScarlet:fascin; iRFP:nuclear actin chromobody (nAC),149.7451019,-31.0381031,Yes,Yes,compound response across 12 wells,active,inactive,Nuclear fascin,regulation of protein localization to nucleus,GO_1900180,,,
1093688953,L1,Homo sapiens,NCBITaxon,9606,HeLa,EFO,EFO_0001185,,,,,SN1055632718,10,1196,CLK2,,,Pass,Hoechst:DNA; Alexa Fluor 488 phalloidin:actin; mScarlet:fascin; iRFP:nuclear actin chromobody (nAC),63.12430573,49.98656845,Yes,Yes,compound response across 12 wells,active,inactive,Nuclear fascin,regulation of protein localization to nucleus,GO_1900180,,,
1093688953,L2,Homo sapiens,NCBITaxon,9606,HeLa,EFO,EFO_0001185,,,,,SN1055632718,3.125,1196,CLK2,,,Pass,Hoechst:DNA; Alexa Fluor 488 phalloidin:actin; mScarlet:fascin; iRFP:nuclear actin chromobody (nAC),101.9253616,-340.531982,Yes,Yes,compound response across 12 wells,active,inactive,Nuclear fascin,regulation of protein localization to nucleus,GO_1900180,,,
1093688953,L3,Homo sapiens,NCBITaxon,9606,HeLa,EFO,EFO_0001185,,,,,SN1055632718,1.25,1196,CLK2,,,Pass,Hoechst:DNA; Alexa Fluor 488 phalloidin:actin; mScarlet:fascin; iRFP:nuclear actin chromobody (nAC),79.87454987,-254.044495,Yes,Yes,compound response across 12 wells,active,inactive,Nuclear fascin,regulation of protein localization to nucleus,GO_1900180,,,
1093688953,L4,Homo sapiens,NCBITaxon,9606,HeLa,EFO,EFO_0001185,,,,,SN1055632718,0.3,1196,CLK2,,,Pass,Hoechst:DNA; Alexa Fluor 488 phalloidin:actin; mScarlet:fascin; iRFP:nuclear actin chromobody (nAC),36.75559998,-7.33410263,Yes,Yes,compound response across 12 wells,active,inactive,Nuclear fascin,regulation of protein localization to nucleus,GO_1900180,,,
1093688953,L5,Homo sapiens,NCBITaxon,9606,HeLa,EFO,EFO_0001185,,,,,SN1055632718,0.1,1196,CLK2,,,Pass,Hoechst:DNA; Alexa Fluor 488 phalloidin:actin; mScarlet:fascin; iRFP:nuclear actin chromobody (nAC),27.26299477,-36.9690781,Yes,Yes,compound response across 12 wells,active,inactive,Nuclear fascin,regulation of protein localization to nucleus,GO_1900180,,,
1093688953,L6,Homo sapiens,NCBITaxon,9606,HeLa,EFO,EFO_0001185,,,,,SN1055632718,0.03,1196,CLK2,,,Pass,Hoechst:DNA; Alexa Fluor 488 phalloidin:actin; mScarlet:fascin; iRFP:nuclear actin chromobody (nAC),23.87563515,-18.8733158,Yes,Yes,compound response across 12 wells,active,inactive,Nuclear fascin,regulation of protein localization to nucleus,GO_1900180,,,
1093688953,L7,Homo sapiens,NCBITaxon,9606,HeLa,EFO,EFO_0001185,,,,,SN1055632718,0.0125,1196,CLK2,,,Pass,Hoechst:DNA; Alexa Fluor 488 phalloidin:actin; mScarlet:fascin; iRFP:nuclear actin chromobody (nAC),19.56748199,-17.6354637,Yes,Yes,compound response across 12 wells,active,inactive,Nuclear fascin,regulation of protein localization to nucleus,GO_1900180,,,
1093688953,L8,Homo sapiens,NCBITaxon,9606,HeLa,EFO,EFO_0001185,,,,,SN1055632718,0.003,1196,CLK2,,,Pass,Hoechst:DNA; Alexa Fluor 488 phalloidin:actin; mScarlet:fascin; iRFP:nuclear actin chromobody (nAC),-2.507033587,-5.03123331,Yes,Yes,compound response across 12 wells,active,inactive,Nuclear fascin,regulation of protein localization to nucleus,GO_1900180,,,
1093688953,L9,Homo sapiens,NCBITaxon,9606,HeLa,EFO,EFO_0001185,,,,,SN1055632718,0.001,1196,CLK2,,,Pass,Hoechst:DNA; Alexa Fluor 488 phalloidin:actin; mScarlet:fascin; iRFP:nuclear actin chromobody (nAC),0.621775866,-2.67060971,Yes,Yes,compound response across 12 wells,active,inactive,Nuclear fascin,regulation of protein localization to nucleus,GO_1900180,,,
1093688953,L10,Homo sapiens,NCBITaxon,9606,HeLa,EFO,EFO_0001185,,,,,SN1055632718,0.0003,1196,CLK2,,,Pass,Hoechst:DNA; Alexa Fluor 488 phalloidin:actin; mScarlet:fascin; iRFP:nuclear actin chromobody (nAC),10.37947178,-19.8709641,Yes,Yes,compound response across 12 wells,active,inactive,Nuclear fascin,regulation of protein localization to nucleus,GO_1900180,,,
1093688953,L11,Homo sapiens,NCBITaxon,9606,HeLa,EFO,EFO_0001185,,,,,SN1055632718,0.00003,1196,CLK2,,,Pass,Hoechst:DNA; Alexa Fluor 488 phalloidin:actin; mScarlet:fascin; iRFP:nuclear actin chromobody (nAC),13.86428452,-9.33832169,Yes,Yes,compound response across 12 wells,active,inactive,Nuclear fascin,regulation of protein localization to nucleus,GO_1900180,,,
1093688953,L12,Homo sapiens,NCBITaxon,9606,HeLa,EFO,EFO_0001185,,,,,SN1056971276,30,898,CCNE1,,,Pass,Hoechst:DNA; Alexa Fluor 488 phalloidin:actin; mScarlet:fascin; iRFP:nuclear actin chromobody (nAC),79.7447052,-507.975464,Yes,Yes,compound response across 12 wells,active,active,Nuclear fascin,regulation of protein localization to nucleus,GO_1900180,Nuclear actin,actin filament phenotype,CMPO_0000104
1093688953,L13,Homo sapiens,NCBITaxon,9606,HeLa,EFO,EFO_0001185,,,,,SN1056971276,10,898,CCNE1,,,Pass,Hoechst:DNA; Alexa Fluor 488 phalloidin:actin; mScarlet:fascin; iRFP:nuclear actin chromobody (nAC),105.4613342,-632.901245,Yes,Yes,compound response across 12 wells,active,active,Nuclear fascin,regulation of protein localization to nucleus,GO_1900180,Nuclear actin,actin filament phenotype,CMPO_0000104
1093688953,L14,Homo sapiens,NCBITaxon,9606,HeLa,EFO,EFO_0001185,,,,,SN1056971276,3.125,898,CCNE1,,,Pass,Hoechst:DNA; Alexa Fluor 488 phalloidin:actin; mScarlet:fascin; iRFP:nuclear actin chromobody (nAC),100.4678497,-64.5603485,Yes,Yes,compound response across 12 wells,active,active,Nuclear fascin,regulation of protein localization to nucleus,GO_1900180,Nuclear actin,actin filament phenotype,CMPO_0000104
1093688953,L15,Homo sapiens,NCBITaxon,9606,HeLa,EFO,EFO_0001185,,,,,SN1056971276,1.25,898,CCNE1,,,Pass,Hoechst:DNA; Alexa Fluor 488 phalloidin:actin; mScarlet:fascin; iRFP:nuclear actin chromobody (nAC),51.38163757,-112.838989,Yes,Yes,compound response across 12 wells,active,active,Nuclear fascin,regulation of protein localization to nucleus,GO_1900180,Nuclear actin,actin filament phenotype,CMPO_0000104
1093688953,L16,Homo sapiens,NCBITaxon,9606,HeLa,EFO,EFO_0001185,,,,,SN1056971276,0.3,898,CCNE1,,,Pass,Hoechst:DNA; Alexa Fluor 488 phalloidin:actin; mScarlet:fascin; iRFP:nuclear actin chromobody (nAC),33.04320145,-8.96514225,Yes,Yes,compound response across 12 wells,active,active,Nuclear fascin,regulation of protein localization to nucleus,GO_1900180,Nuclear actin,actin filament phenotype,CMPO_0000104
1093688953,L17,Homo sapiens,NCBITaxon,9606,HeLa,EFO,EFO_0001185,,,,,SN1056971276,0.1,898,CCNE1,,,Pass,Hoechst:DNA; Alexa Fluor 488 phalloidin:actin; mScarlet:fascin; iRFP:nuclear actin chromobody (nAC),16.50731277,4.122600555,Yes,Yes,compound response across 12 wells,active,active,Nuclear fascin,regulation of protein localization to nucleus,GO_1900180,Nuclear actin,actin filament phenotype,CMPO_0000104
1093688953,L18,Homo sapiens,NCBITaxon,9606,HeLa,EFO,EFO_0001185,,,,,SN1056971276,0.03,898,CCNE1,,,Pass,Hoechst:DNA; Alexa Fluor 488 phalloidin:actin; mScarlet:fascin; iRFP:nuclear actin chromobody (nAC),3.600813627,-16.3648109,Yes,Yes,compound response across 12 wells,active,active,Nuclear fascin,regulation of protein localization to nucleus,GO_1900180,Nuclear actin,actin filament phenotype,CMPO_0000104
1093688953,L19,Homo sapiens,NCBITaxon,9606,HeLa,EFO,EFO_0001185,,,,,SN1056971276,0.0125,898,CCNE1,,,Pass,Hoechst:DNA; Alexa Fluor 488 phalloidin:actin; mScarlet:fascin; iRFP:nuclear actin chromobody (nAC),0.143851534,3.236386538,Yes,Yes,compound response across 12 wells,active,active,Nuclear fascin,regulation of protein localization to nucleus,GO_1900180,Nuclear actin,actin filament phenotype,CMPO_0000104
1093688953,L20,Homo sapiens,NCBITaxon,9606,HeLa,EFO,EFO_0001185,,,,,SN1056971276,0.003,898,CCNE1,,,Pass,Hoechst:DNA; Alexa Fluor 488 phalloidin:actin; mScarlet:fascin; iRFP:nuclear actin chromobody (nAC),10.4800539,19.49703407,Yes,Yes,compound response across 12 wells,active,active,Nuclear fascin,regulation of protein localization to nucleus,GO_1900180,Nuclear actin,actin filament phenotype,CMPO_0000104
1093688953,L21,Homo sapiens,NCBITaxon,9606,HeLa,EFO,EFO_0001185,,,,,SN1056971276,0.001,898,CCNE1,,,Pass,Hoechst:DNA; Alexa Fluor 488 phalloidin:actin; mScarlet:fascin; iRFP:nuclear actin chromobody (nAC),1.090695858,4.457804203,Yes,Yes,compound response across 12 wells,active,active,Nuclear fascin,regulation of protein localization to nucleus,GO_1900180,Nuclear actin,actin filament phenotype,CMPO_0000104
1093688953,L22,Homo sapiens,NCBITaxon,9606,HeLa,EFO,EFO_0001185,,,,,SN1056971276,0.0003,898,CCNE1,,,Pass,Hoechst:DNA; Alexa Fluor 488 phalloidin:actin; mScarlet:fascin; iRFP:nuclear actin chromobody (nAC),6.696829796,-20.1088562,Yes,Yes,compound response across 12 wells,active,active,Nuclear fascin,regulation of protein localization to nucleus,GO_1900180,Nuclear actin,actin filament phenotype,CMPO_0000104
1093688953,L23,Homo sapiens,NCBITaxon,9606,HeLa,EFO,EFO_0001185,,,,,SN1056971276,0.00003,898,CCNE1,,,Pass,Hoechst:DNA; Alexa Fluor 488 phalloidin:actin; mScarlet:fascin; iRFP:nuclear actin chromobody (nAC),5.539430618,-13.0772619,Yes,Yes,compound response across 12 wells,active,active,Nuclear fascin,regulation of protein localization to nucleus,GO_1900180,Nuclear actin,actin filament phenotype,CMPO_0000104
1093688953,L24,Homo sapiens,NCBITaxon,9606,HeLa,EFO,EFO_0001185,,,,,SN1058171788,30,1025,CDK9,,,Pass,Hoechst:DNA; Alexa Fluor 488 phalloidin:actin; mScarlet:fascin; iRFP:nuclear actin chromobody (nAC),57.10397339,-4.72021723,,Yes,compound response across 12 wells,inactive,active,,,,Nuclear actin,actin filament phenotype,CMPO_0000104
1093688953,M1,Homo sapiens,NCBITaxon,9606,HeLa,EFO,EFO_0001185,,,,,SN1058171788,10,1025,CDK9,,,Pass,Hoechst:DNA; Alexa Fluor 488 phalloidin:actin; mScarlet:fascin; iRFP:nuclear actin chromobody (nAC),29.72296143,-88.485054,,Yes,compound response across 12 wells,inactive,active,,,,Nuclear actin,actin filament phenotype,CMPO_0000104
1093688953,M2,Homo sapiens,NCBITaxon,9606,HeLa,EFO,EFO_0001185,,,,,SN1058171788,3.125,1025,CDK9,,,Pass,Hoechst:DNA; Alexa Fluor 488 phalloidin:actin; mScarlet:fascin; iRFP:nuclear actin chromobody (nAC),28.50755501,-23.5829182,,Yes,compound response across 12 wells,inactive,active,,,,Nuclear actin,actin filament phenotype,CMPO_0000104
1093688953,M3,Homo sapiens,NCBITaxon,9606,HeLa,EFO,EFO_0001185,,,,,SN1058171788,1.25,1025,CDK9,,,Pass,Hoechst:DNA; Alexa Fluor 488 phalloidin:actin; mScarlet:fascin; iRFP:nuclear actin chromobody (nAC),25.94699097,-18.0437565,,Yes,compound response across 12 wells,inactive,active,,,,Nuclear actin,actin filament phenotype,CMPO_0000104
1093688953,M4,Homo sapiens,NCBITaxon,9606,HeLa,EFO,EFO_0001185,,,,,SN1058171788,0.3,1025,CDK9,,,Pass,Hoechst:DNA; Alexa Fluor 488 phalloidin:actin; mScarlet:fascin; iRFP:nuclear actin chromobody (nAC),22.39051628,-14.7890663,,Yes,compound response across 12 wells,inactive,active,,,,Nuclear actin,actin filament phenotype,CMPO_0000104
1093688953,M5,Homo sapiens,NCBITaxon,9606,HeLa,EFO,EFO_0001185,,,,,SN1058171788,0.1,1025,CDK9,,,Pass,Hoechst:DNA; Alexa Fluor 488 phalloidin:actin; mScarlet:fascin; iRFP:nuclear actin chromobody (nAC),30.37190628,-2.29219556,,Yes,compound response across 12 wells,inactive,active,,,,Nuclear actin,actin filament phenotype,CMPO_0000104
1093688953,M6,Homo sapiens,NCBITaxon,9606,HeLa,EFO,EFO_0001185,,,,,SN1058171788,0.03,1025,CDK9,,,Pass,Hoechst:DNA; Alexa Fluor 488 phalloidin:actin; mScarlet:fascin; iRFP:nuclear actin chromobody (nAC),9.365398407,-28.2896976,,Yes,compound response across 12 wells,inactive,active,,,,Nuclear actin,actin filament phenotype,CMPO_0000104
1093688953,M7,Homo sapiens,NCBITaxon,9606,HeLa,EFO,EFO_0001185,,,,,SN1058171788,0.0125,1025,CDK9,,,Pass,Hoechst:DNA; Alexa Fluor 488 phalloidin:actin; mScarlet:fascin; iRFP:nuclear actin chromobody (nAC),11.60888958,-1.72903001,,Yes,compound response across 12 wells,inactive,active,,,,Nuclear actin,actin filament phenotype,CMPO_0000104
1093688953,M8,Homo sapiens,NCBITaxon,9606,HeLa,EFO,EFO_0001185,,,,,SN1058171788,0.003,1025,CDK9,,,Pass,Hoechst:DNA; Alexa Fluor 488 phalloidin:actin; mScarlet:fascin; iRFP:nuclear actin chromobody (nAC),20.84666252,33.57294083,,Yes,compound response across 12 wells,inactive,active,,,,Nuclear actin,actin filament phenotype,CMPO_0000104
1093688953,M9,Homo sapiens,NCBITaxon,9606,HeLa,EFO,EFO_0001185,,,,,SN1058171788,0.001,1025,CDK9,,,Pass,Hoechst:DNA; Alexa Fluor 488 phalloidin:actin; mScarlet:fascin; iRFP:nuclear actin chromobody (nAC),0.989742517,-21.2714882,,Yes,compound response across 12 wells,inactive,active,,,,Nuclear actin,actin filament phenotype,CMPO_0000104
1093688953,M10,Homo sapiens,NCBITaxon,9606,HeLa,EFO,EFO_0001185,,,,,SN1058171788,0.0003,1025,CDK9,,,Pass,Hoechst:DNA; Alexa Fluor 488 phalloidin:actin; mScarlet:fascin; iRFP:nuclear actin chromobody (nAC),6.362927437,21.90961075,,Yes,compound response across 12 wells,inactive,active,,,,Nuclear actin,actin filament phenotype,CMPO_0000104
1093688953,M11,Homo sapiens,NCBITaxon,9606,HeLa,EFO,EFO_0001185,,,,,SN1058171788,0.00003,1025,CDK9,,,Pass,Hoechst:DNA; Alexa Fluor 488 phalloidin:actin; mScarlet:fascin; iRFP:nuclear actin chromobody (nAC),3.798597813,-7.87174034,,Yes,compound response across 12 wells,inactive,active,,,,Nuclear actin,actin filament phenotype,CMPO_0000104
1093688953,M12,Homo sapiens,NCBITaxon,9606,HeLa,EFO,EFO_0001185,,,,,SN1037828665,30,1544,CYP1A2,,,Pass,Hoechst:DNA; Alexa Fluor 488 phalloidin:actin; mScarlet:fascin; iRFP:nuclear actin chromobody (nAC),-45.77900696,23.9349308,,,compound response across 12 wells,inactive,inactive,,,,,,
1093688953,M13,Homo sapiens,NCBITaxon,9606,HeLa,EFO,EFO_0001185,,,,,SN1037828665,10,1544,CYP1A2,,,Pass,Hoechst:DNA; Alexa Fluor 488 phalloidin:actin; mScarlet:fascin; iRFP:nuclear actin chromobody (nAC),29.96262169,17.17052841,,,compound response across 12 wells,inactive,inactive,,,,,,
1093688953,M14,Homo sapiens,NCBITaxon,9606,HeLa,EFO,EFO_0001185,,,,,SN1037828665,3.125,1544,CYP1A2,,,Pass,Hoechst:DNA; Alexa Fluor 488 phalloidin:actin; mScarlet:fascin; iRFP:nuclear actin chromobody (nAC),83.79712677,63.14870834,,,compound response across 12 wells,inactive,inactive,,,,,,
1093688953,M15,Homo sapiens,NCBITaxon,9606,HeLa,EFO,EFO_0001185,,,,,SN1037828665,1.25,1544,CYP1A2,,,Pass,Hoechst:DNA; Alexa Fluor 488 phalloidin:actin; mScarlet:fascin; iRFP:nuclear actin chromobody (nAC),-22.82427216,-26.6500454,,,compound response across 12 wells,inactive,inactive,,,,,,
1093688953,M16,Homo sapiens,NCBITaxon,9606,HeLa,EFO,EFO_0001185,,,,,SN1037828665,0.3,1544,CYP1A2,,,Pass,Hoechst:DNA; Alexa Fluor 488 phalloidin:actin; mScarlet:fascin; iRFP:nuclear actin chromobody (nAC),55.3911171,35.64004135,,,compound response across 12 wells,inactive,inactive,,,,,,
1093688953,M17,Homo sapiens,NCBITaxon,9606,HeLa,EFO,EFO_0001185,,,,,SN1037828665,0.1,1544,CYP1A2,,,Pass,Hoechst:DNA; Alexa Fluor 488 phalloidin:actin; mScarlet:fascin; iRFP:nuclear actin chromobody (nAC),26.42144394,-44.125248,,,compound response across 12 wells,inactive,inactive,,,,,,
1093688953,M18,Homo sapiens,NCBITaxon,9606,HeLa,EFO,EFO_0001185,,,,,SN1037828665,0.03,1544,CYP1A2,,,Pass,Hoechst:DNA; Alexa Fluor 488 phalloidin:actin; mScarlet:fascin; iRFP:nuclear actin chromobody (nAC),2.415766478,-17.0391464,,,compound response across 12 wells,inactive,inactive,,,,,,
1093688953,M19,Homo sapiens,NCBITaxon,9606,HeLa,EFO,EFO_0001185,,,,,SN1037828665,0.0125,1544,CYP1A2,,,Pass,Hoechst:DNA; Alexa Fluor 488 phalloidin:actin; mScarlet:fascin; iRFP:nuclear actin chromobody (nAC),14.02716732,-9.66375923,,,compound response across 12 wells,inactive,inactive,,,,,,
1093688953,M20,Homo sapiens,NCBITaxon,9606,HeLa,EFO,EFO_0001185,,,,,SN1037828665,0.003,1544,CYP1A2,,,Pass,Hoechst:DNA; Alexa Fluor 488 phalloidin:actin; mScarlet:fascin; iRFP:nuclear actin chromobody (nAC),22.95172691,-24.615984,,,compound response across 12 wells,inactive,inactive,,,,,,
1093688953,M21,Homo sapiens,NCBITaxon,9606,HeLa,EFO,EFO_0001185,,,,,SN1037828665,0.001,1544,CYP1A2,,,Pass,Hoechst:DNA; Alexa Fluor 488 phalloidin:actin; mScarlet:fascin; iRFP:nuclear actin chromobody (nAC),6.219525337,-14.5062485,,,compound response across 12 wells,inactive,inactive,,,,,,
1093688953,M22,Homo sapiens,NCBITaxon,9606,HeLa,EFO,EFO_0001185,,,,,SN1037828665,0.0003,1544,CYP1A2,,,Pass,Hoechst:DNA; Alexa Fluor 488 phalloidin:actin; mScarlet:fascin; iRFP:nuclear actin chromobody (nAC),16.79366684,-38.752079,,,compound response across 12 wells,inactive,inactive,,,,,,
1093688953,M23,Homo sapiens,NCBITaxon,9606,HeLa,EFO,EFO_0001185,,,,,SN1037828665,0.00003,1544,CYP1A2,,,Pass,Hoechst:DNA; Alexa Fluor 488 phalloidin:actin; mScarlet:fascin; iRFP:nuclear actin chromobody (nAC),13.66676331,-28.530201,,,compound response across 12 wells,inactive,inactive,,,,,,
1093688953,M24,Homo sapiens,NCBITaxon,9606,HeLa,EFO,EFO_0001185,,,,,SN1048281424,30,8317,CDC7,,,Pass,Hoechst:DNA; Alexa Fluor 488 phalloidin:actin; mScarlet:fascin; iRFP:nuclear actin chromobody (nAC),33.06575012,-26.5023327,,,compound response across 12 wells,inactive,inactive,,,,,,
1093688953,N1,Homo sapiens,NCBITaxon,9606,HeLa,EFO,EFO_0001185,,,,,SN1048281424,10,8317,CDC7,,,Pass,Hoechst:DNA; Alexa Fluor 488 phalloidin:actin; mScarlet:fascin; iRFP:nuclear actin chromobody (nAC),52.13762665,-187.249084,,,compound response across 12 wells,inactive,inactive,,,,,,
1093688953,N2,Homo sapiens,NCBITaxon,9606,HeLa,EFO,EFO_0001185,,,,,SN1048281424,3.125,8317,CDC7,,,Pass,Hoechst:DNA; Alexa Fluor 488 phalloidin:actin; mScarlet:fascin; iRFP:nuclear actin chromobody (nAC),-3.993251562,-58.5338364,,,compound response across 12 wells,inactive,inactive,,,,,,
1093688953,N3,Homo sapiens,NCBITaxon,9606,HeLa,EFO,EFO_0001185,,,,,SN1048281424,1.25,8317,CDC7,,,Pass,Hoechst:DNA; Alexa Fluor 488 phalloidin:actin; mScarlet:fascin; iRFP:nuclear actin chromobody (nAC),16.36511803,-19.3582058,,,compound response across 12 wells,inactive,inactive,,,,,,
1093688953,N4,Homo sapiens,NCBITaxon,9606,HeLa,EFO,EFO_0001185,,,,,SN1048281424,0.3,8317,CDC7,,,Pass,Hoechst:DNA; Alexa Fluor 488 phalloidin:actin; mScarlet:fascin; iRFP:nuclear actin chromobody (nAC),4.896081924,-1.13361466,,,compound response across 12 wells,inactive,inactive,,,,,,
1093688953,N5,Homo sapiens,NCBITaxon,9606,HeLa,EFO,EFO_0001185,,,,,SN1048281424,0.1,8317,CDC7,,,Pass,Hoechst:DNA; Alexa Fluor 488 phalloidin:actin; mScarlet:fascin; iRFP:nuclear actin chromobody (nAC),16.10069275,-25.4248524,,,compound response across 12 wells,inactive,inactive,,,,,,
1093688953,N6,Homo sapiens,NCBITaxon,9606,HeLa,EFO,EFO_0001185,,,,,SN1048281424,0.03,8317,CDC7,,,Pass,Hoechst:DNA; Alexa Fluor 488 phalloidin:actin; mScarlet:fascin; iRFP:nuclear actin chromobody (nAC),21.36525345,-19.2285023,,,compound response across 12 wells,inactive,inactive,,,,,,
1093688953,N7,Homo sapiens,NCBITaxon,9606,HeLa,EFO,EFO_0001185,,,,,SN1048281424,0.0125,8317,CDC7,,,Pass,Hoechst:DNA; Alexa Fluor 488 phalloidin:actin; mScarlet:fascin; iRFP:nuclear actin chromobody (nAC),-4.440614223,8.200093269,,,compound response across 12 wells,inactive,inactive,,,,,,
1093688953,N8,Homo sapiens,NCBITaxon,9606,HeLa,EFO,EFO_0001185,,,,,SN1048281424,0.003,8317,CDC7,,,Pass,Hoechst:DNA; Alexa Fluor 488 phalloidin:actin; mScarlet:fascin; iRFP:nuclear actin chromobody (nAC),15.05518913,-34.2336807,,,compound response across 12 wells,inactive,inactive,,,,,,
1093688953,N9,Homo sapiens,NCBITaxon,9606,HeLa,EFO,EFO_0001185,,,,,SN1048281424,0.001,8317,CDC7,,,Pass,Hoechst:DNA; Alexa Fluor 488 phalloidin:actin; mScarlet:fascin; iRFP:nuclear actin chromobody (nAC),17.86339378,-23.6001549,,,compound response across 12 wells,inactive,inactive,,,,,,
1093688953,N10,Homo sapiens,NCBITaxon,9606,HeLa,EFO,EFO_0001185,,,,,SN1048281424,0.0003,8317,CDC7,,,Pass,Hoechst:DNA; Alexa Fluor 488 phalloidin:actin; mScarlet:fascin; iRFP:nuclear actin chromobody (nAC),5.259569645,9.964219093,,,compound response across 12 wells,inactive,inactive,,,,,,
1093688953,N11,Homo sapiens,NCBITaxon,9606,HeLa,EFO,EFO_0001185,,,,,SN1048281424,0.00003,8317,CDC7,,,Pass,Hoechst:DNA; Alexa Fluor 488 phalloidin:actin; mScarlet:fascin; iRFP:nuclear actin chromobody (nAC),-2.556782007,-42.0514297,,,compound response across 12 wells,inactive,inactive,,,,,,
1093688953,N12,Homo sapiens,NCBITaxon,9606,HeLa,EFO,EFO_0001185,,,,,SN1009036474,30,2475,MTOR,,,Pass,Hoechst:DNA; Alexa Fluor 488 phalloidin:actin; mScarlet:fascin; iRFP:nuclear actin chromobody (nAC),-18.53508759,20.01465988,,,compound response across 12 wells,inactive,inactive,,,,,,
1093688953,N13,Homo sapiens,NCBITaxon,9606,HeLa,EFO,EFO_0001185,,,,,SN1009036474,10,2475,MTOR,,,Pass,Hoechst:DNA; Alexa Fluor 488 phalloidin:actin; mScarlet:fascin; iRFP:nuclear actin chromobody (nAC),-5.299554348,59.88137054,,,compound response across 12 wells,inactive,inactive,,,,,,
1093688953,N14,Homo sapiens,NCBITaxon,9606,HeLa,EFO,EFO_0001185,DMSO,679,IAZDPXIOMUYVGZ-UHFFFAOYSA-N,CS(=O)C,,,,,Neutral Control,,Pass,Hoechst:DNA; Alexa Fluor 488 phalloidin:actin; mScarlet:fascin; iRFP:nuclear actin chromobody (nAC),-6.224283218,2.521726608,,,,,,,,,,,
1093688953,N15,Homo sapiens,NCBITaxon,9606,HeLa,EFO,EFO_0001185,,,,,,,,,Stimulator Control,Leptomycin b blocks nuclear export of fascin,Pass,Hoechst:DNA; Alexa Fluor 488 phalloidin:actin; mScarlet:fascin; iRFP:nuclear actin chromobody (nAC),88.32601929,10.64987278,,,,,,,,,,,
1093688953,N16,Homo sapiens,NCBITaxon,9606,HeLa,EFO,EFO_0001185,DMSO,679,IAZDPXIOMUYVGZ-UHFFFAOYSA-N,CS(=O)C,,,,,Neutral Control,,Pass,Hoechst:DNA; Alexa Fluor 488 phalloidin:actin; mScarlet:fascin; iRFP:nuclear actin chromobody (nAC),-5.602770805,8.410525322,,,,,,,,,,,
1093688953,N17,Homo sapiens,NCBITaxon,9606,HeLa,EFO,EFO_0001185,,,,,SN1009036474,3.125,2475,MTOR,,,Pass,Hoechst:DNA; Alexa Fluor 488 phalloidin:actin; mScarlet:fascin; iRFP:nuclear actin chromobody (nAC),1.47417593,34.22992706,,,compound response across 12 wells,inactive,inactive,,,,,,
1093688953,N18,Homo sapiens,NCBITaxon,9606,HeLa,EFO,EFO_0001185,,,,,SN1009036474,1.25,2475,MTOR,,,Pass,Hoechst:DNA; Alexa Fluor 488 phalloidin:actin; mScarlet:fascin; iRFP:nuclear actin chromobody (nAC),13.92444706,11.10989475,,,compound response across 12 wells,inactive,inactive,,,,,,
1093688953,N19,Homo sapiens,NCBITaxon,9606,HeLa,EFO,EFO_0001185,,,,,SN1009036474,0.3,2475,MTOR,,,Pass,Hoechst:DNA; Alexa Fluor 488 phalloidin:actin; mScarlet:fascin; iRFP:nuclear actin chromobody (nAC),13.12139225,20.56510735,,,compound response across 12 wells,inactive,inactive,,,,,,
1093688953,N20,Homo sapiens,NCBITaxon,9606,HeLa,EFO,EFO_0001185,,,,,SN1009036474,0.1,2475,MTOR,,,Pass,Hoechst:DNA; Alexa Fluor 488 phalloidin:actin; mScarlet:fascin; iRFP:nuclear actin chromobody (nAC),25.50708389,20.25037384,,,compound response across 12 wells,inactive,inactive,,,,,,
1093688953,N21,Homo sapiens,NCBITaxon,9606,HeLa,EFO,EFO_0001185,,,,,SN1009036474,0.03,2475,MTOR,,,Pass,Hoechst:DNA; Alexa Fluor 488 phalloidin:actin; mScarlet:fascin; iRFP:nuclear actin chromobody (nAC),19.26249886,10.22899723,,,compound response across 12 wells,inactive,inactive,,,,,,
1093688953,N22,Homo sapiens,NCBITaxon,9606,HeLa,EFO,EFO_0001185,,,,,SN1009036474,0.0125,2475,MTOR,,,Pass,Hoechst:DNA; Alexa Fluor 488 phalloidin:actin; mScarlet:fascin; iRFP:nuclear actin chromobody (nAC),35.67313385,34.1581192,,,compound response across 12 wells,inactive,inactive,,,,,,
1093688953,N23,Homo sapiens,NCBITaxon,9606,HeLa,EFO,EFO_0001185,,,,,SN1009036474,0.003,2475,MTOR,,,Pass,Hoechst:DNA; Alexa Fluor 488 phalloidin:actin; mScarlet:fascin; iRFP:nuclear actin chromobody (nAC),1.013872743,17.76903534,,,compound response across 12 wells,inactive,inactive,,,,,,
1093688953,N24,Homo sapiens,NCBITaxon,9606,HeLa,EFO,EFO_0001185,,,,,SN1009036474,0.001,2475,MTOR,,,Pass,Hoechst:DNA; Alexa Fluor 488 phalloidin:actin; mScarlet:fascin; iRFP:nuclear actin chromobody (nAC),33.34038925,-10.1511774,,,compound response across 12 wells,inactive,inactive,,,,,,
1093688953,O1,Homo sapiens,NCBITaxon,9606,HeLa,EFO,EFO_0001185,,,,,SN1009036474,0.0003,2475,MTOR,,,Pass,Hoechst:DNA; Alexa Fluor 488 phalloidin:actin; mScarlet:fascin; iRFP:nuclear actin chromobody (nAC),8.846063614,-6.98995256,,,compound response across 12 wells,inactive,inactive,,,,,,
1093688953,O2,Homo sapiens,NCBITaxon,9606,HeLa,EFO,EFO_0001185,,,,,SN1009036474,0.00003,2475,MTOR,,,Pass,Hoechst:DNA; Alexa Fluor 488 phalloidin:actin; mScarlet:fascin; iRFP:nuclear actin chromobody (nAC),20.23953247,-54.553524,,,compound response across 12 wells,inactive,inactive,,,,,,
1093688953,O3,Homo sapiens,NCBITaxon,9606,HeLa,EFO,EFO_0001185,,,,,SN1108701882,30,3791,KDR,,,Fail,Hoechst:DNA; Alexa Fluor 488 phalloidin:actin; mScarlet:fascin; iRFP:nuclear actin chromobody (nAC),105.9131622,-117.505219,,,compound response across 12 wells,inactive,inactive,,,,,,
1093688953,O4,Homo sapiens,NCBITaxon,9606,HeLa,EFO,EFO_0001185,,,,,SN1108701882,10,3791,KDR,,,Pass,Hoechst:DNA; Alexa Fluor 488 phalloidin:actin; mScarlet:fascin; iRFP:nuclear actin chromobody (nAC),177.2954712,-247.448074,,,compound response across 12 wells,inactive,inactive,,,,,,
1093688953,O5,Homo sapiens,NCBITaxon,9606,HeLa,EFO,EFO_0001185,,,,,SN1108701882,3.125,3791,KDR,,,Pass,Hoechst:DNA; Alexa Fluor 488 phalloidin:actin; mScarlet:fascin; iRFP:nuclear actin chromobody (nAC),42.19823074,-347.773285,,,compound response across 12 wells,inactive,inactive,,,,,,
1093688953,O6,Homo sapiens,NCBITaxon,9606,HeLa,EFO,EFO_0001185,,,,,SN1108701882,1.25,3791,KDR,,,Pass,Hoechst:DNA; Alexa Fluor 488 phalloidin:actin; mScarlet:fascin; iRFP:nuclear actin chromobody (nAC),66.09771729,-93.8308258,,,compound response across 12 wells,inactive,inactive,,,,,,
1093688953,O7,Homo sapiens,NCBITaxon,9606,HeLa,EFO,EFO_0001185,DMSO,679,IAZDPXIOMUYVGZ-UHFFFAOYSA-N,CS(=O)C,,,,,Neutral Control,,Pass,Hoechst:DNA; Alexa Fluor 488 phalloidin:actin; mScarlet:fascin; iRFP:nuclear actin chromobody (nAC),5.685095787,24.2615757,,,,,,,,,,,
1093688953,O8,Homo sapiens,NCBITaxon,9606,HeLa,EFO,EFO_0001185,,,,,,,,,Stimulator Control,Leptomycin b blocks nuclear export of fascin,Pass,Hoechst:DNA; Alexa Fluor 488 phalloidin:actin; mScarlet:fascin; iRFP:nuclear actin chromobody (nAC),93.69876862,11.54646206,,,,,,,,,,,
1093688953,O9,Homo sapiens,NCBITaxon,9606,HeLa,EFO,EFO_0001185,DMSO,679,IAZDPXIOMUYVGZ-UHFFFAOYSA-N,CS(=O)C,,,,,Neutral Control,,Pass,Hoechst:DNA; Alexa Fluor 488 phalloidin:actin; mScarlet:fascin; iRFP:nuclear actin chromobody (nAC),-0.126927823,23.92323303,,,,,,,,,,,
1093688953,O10,Homo sapiens,NCBITaxon,9606,HeLa,EFO,EFO_0001185,,,,,SN1108701882,0.3,3791,KDR,,,Pass,Hoechst:DNA; Alexa Fluor 488 phalloidin:actin; mScarlet:fascin; iRFP:nuclear actin chromobody (nAC),8.695345879,-16.2750282,,,compound response across 12 wells,inactive,inactive,,,,,,
1093688953,O11,Homo sapiens,NCBITaxon,9606,HeLa,EFO,EFO_0001185,,,,,SN1108701882,0.1,3791,KDR,,,Pass,Hoechst:DNA; Alexa Fluor 488 phalloidin:actin; mScarlet:fascin; iRFP:nuclear actin chromobody (nAC),4.537584305,26.21251297,,,compound response across 12 wells,inactive,inactive,,,,,,
1093688953,O12,Homo sapiens,NCBITaxon,9606,HeLa,EFO,EFO_0001185,,,,,SN1108701882,0.03,3791,KDR,,,Pass,Hoechst:DNA; Alexa Fluor 488 phalloidin:actin; mScarlet:fascin; iRFP:nuclear actin chromobody (nAC),-15.52496147,75.16784668,,,compound response across 12 wells,inactive,inactive,,,,,,
1093688953,O13,Homo sapiens,NCBITaxon,9606,HeLa,EFO,EFO_0001185,,,,,SN1108701882,0.0125,3791,KDR,,,Pass,Hoechst:DNA; Alexa Fluor 488 phalloidin:actin; mScarlet:fascin; iRFP:nuclear actin chromobody (nAC),19.49499702,17.56031227,,,compound response across 12 wells,inactive,inactive,,,,,,
1093688953,O14,Homo sapiens,NCBITaxon,9606,HeLa,EFO,EFO_0001185,,,,,SN1108701882,0.003,3791,KDR,,,Pass,Hoechst:DNA; Alexa Fluor 488 phalloidin:actin; mScarlet:fascin; iRFP:nuclear actin chromobody (nAC),5.880477428,44.33324051,,,compound response across 12 wells,inactive,inactive,,,,,,
1093688953,O15,Homo sapiens,NCBITaxon,9606,HeLa,EFO,EFO_0001185,,,,,SN1108701882,0.001,3791,KDR,,,Pass,Hoechst:DNA; Alexa Fluor 488 phalloidin:actin; mScarlet:fascin; iRFP:nuclear actin chromobody (nAC),12.9812603,6.431354046,,,compound response across 12 wells,inactive,inactive,,,,,,
1093688953,O16,Homo sapiens,NCBITaxon,9606,HeLa,EFO,EFO_0001185,,,,,SN1108701882,0.0003,3791,KDR,,,Pass,Hoechst:DNA; Alexa Fluor 488 phalloidin:actin; mScarlet:fascin; iRFP:nuclear actin chromobody (nAC),20.00004387,16.14487076,,,compound response across 12 wells,inactive,inactive,,,,,,
1093688953,O17,Homo sapiens,NCBITaxon,9606,HeLa,EFO,EFO_0001185,,,,,SN1108701882,0.00003,3791,KDR,,,Pass,Hoechst:DNA; Alexa Fluor 488 phalloidin:actin; mScarlet:fascin; iRFP:nuclear actin chromobody (nAC),-6.584748745,-7.88736153,,,compound response across 12 wells,inactive,inactive,,,,,,
1093688953,O18,Homo sapiens,NCBITaxon,9606,HeLa,EFO,EFO_0001185,,,,,SN1056224557,30,9212,AURKB,,,Pass,Hoechst:DNA; Alexa Fluor 488 phalloidin:actin; mScarlet:fascin; iRFP:nuclear actin chromobody (nAC),-8.612169266,-42.2641296,,,compound response across 12 wells,inactive,inactive,,,,,,
1093688953,O19,Homo sapiens,NCBITaxon,9606,HeLa,EFO,EFO_0001185,,,,,SN1056224557,10,9212,AURKB,,,Pass,Hoechst:DNA; Alexa Fluor 488 phalloidin:actin; mScarlet:fascin; iRFP:nuclear actin chromobody (nAC),10.14550018,-3.78118467,,,compound response across 12 wells,inactive,inactive,,,,,,
1093688953,O20,Homo sapiens,NCBITaxon,9606,HeLa,EFO,EFO_0001185,,,,,SN1056224557,3.125,9212,AURKB,,,Pass,Hoechst:DNA; Alexa Fluor 488 phalloidin:actin; mScarlet:fascin; iRFP:nuclear actin chromobody (nAC),13.55875874,-8.69771099,,,compound response across 12 wells,inactive,inactive,,,,,,
1093688953,O21,Homo sapiens,NCBITaxon,9606,HeLa,EFO,EFO_0001185,,,,,SN1056224557,1.25,9212,AURKB,,,Pass,Hoechst:DNA; Alexa Fluor 488 phalloidin:actin; mScarlet:fascin; iRFP:nuclear actin chromobody (nAC),49.70027161,-33.9271889,,,compound response across 12 wells,inactive,inactive,,,,,,
1093688953,O22,Homo sapiens,NCBITaxon,9606,HeLa,EFO,EFO_0001185,,,,,SN1056224557,0.3,9212,AURKB,,,Pass,Hoechst:DNA; Alexa Fluor 488 phalloidin:actin; mScarlet:fascin; iRFP:nuclear actin chromobody (nAC),27.88224602,-7.06776094,,,compound response across 12 wells,inactive,inactive,,,,,,
1093688953,O23,Homo sapiens,NCBITaxon,9606,HeLa,EFO,EFO_0001185,,,,,SN1056224557,0.1,9212,AURKB,,,Pass,Hoechst:DNA; Alexa Fluor 488 phalloidin:actin; mScarlet:fascin; iRFP:nuclear actin chromobody (nAC),7.416195869,-50.7532806,,,compound response across 12 wells,inactive,inactive,,,,,,
1093688953,O24,Homo sapiens,NCBITaxon,9606,HeLa,EFO,EFO_0001185,DMSO,679,IAZDPXIOMUYVGZ-UHFFFAOYSA-N,CS(=O)C,,,,,Neutral Control,,Pass,Hoechst:DNA; Alexa Fluor 488 phalloidin:actin; mScarlet:fascin; iRFP:nuclear actin chromobody (nAC),-9.211937904,-18.5267544,,,,,,,,,,,
1093688953,P1,Homo sapiens,NCBITaxon,9606,HeLa,EFO,EFO_0001185,DMSO,679,IAZDPXIOMUYVGZ-UHFFFAOYSA-N,CS(=O)C,,,,,Neutral Control,,Pass,Hoechst:DNA; Alexa Fluor 488 phalloidin:actin; mScarlet:fascin; iRFP:nuclear actin chromobody (nAC),-7.128306866,-2.4768064,,,,,,,,,,,
1093688953,P2,Homo sapiens,NCBITaxon,9606,HeLa,EFO,EFO_0001185,,,,,,,,,Stimulator Control,Leptomycin b blocks nuclear export of fascin,Pass,Hoechst:DNA; Alexa Fluor 488 phalloidin:actin; mScarlet:fascin; iRFP:nuclear actin chromobody (nAC),99.45887756,-10.1321192,,,,,,,,,,,
1093688953,P3,Homo sapiens,NCBITaxon,9606,HeLa,EFO,EFO_0001185,DMSO,679,IAZDPXIOMUYVGZ-UHFFFAOYSA-N,CS(=O)C,,,,,Neutral Control,,Pass,Hoechst:DNA; Alexa Fluor 488 phalloidin:actin; mScarlet:fascin; iRFP:nuclear actin chromobody (nAC),-12.79327011,-0.97291607,,,,,,,,,,,
1093688953,P4,Homo sapiens,NCBITaxon,9606,HeLa,EFO,EFO_0001185,,,,,SN1056224557,0.03,9212,AURKB,,,Pass,Hoechst:DNA; Alexa Fluor 488 phalloidin:actin; mScarlet:fascin; iRFP:nuclear actin chromobody (nAC),22.50248909,-16.3162956,,,compound response across 12 wells,inactive,inactive,,,,,,
1093688953,P5,Homo sapiens,NCBITaxon,9606,HeLa,EFO,EFO_0001185,,,,,SN1056224557,0.0125,9212,AURKB,,,Pass,Hoechst:DNA; Alexa Fluor 488 phalloidin:actin; mScarlet:fascin; iRFP:nuclear actin chromobody (nAC),10.68292141,-29.6858959,,,compound response across 12 wells,inactive,inactive,,,,,,
1093688953,P6,Homo sapiens,NCBITaxon,9606,HeLa,EFO,EFO_0001185,,,,,SN1056224557,0.003,9212,AURKB,,,Pass,Hoechst:DNA; Alexa Fluor 488 phalloidin:actin; mScarlet:fascin; iRFP:nuclear actin chromobody (nAC),12.40154552,11.54762077,,,compound response across 12 wells,inactive,inactive,,,,,,
1093688953,P7,Homo sapiens,NCBITaxon,9606,HeLa,EFO,EFO_0001185,,,,,SN1056224557,0.001,9212,AURKB,,,Pass,Hoechst:DNA; Alexa Fluor 488 phalloidin:actin; mScarlet:fascin; iRFP:nuclear actin chromobody (nAC),4.208548546,-11.3333015,,,compound response across 12 wells,inactive,inactive,,,,,,
1093688953,P8,Homo sapiens,NCBITaxon,9606,HeLa,EFO,EFO_0001185,,,,,SN1056224557,0.0003,9212,AURKB,,,Pass,Hoechst:DNA; Alexa Fluor 488 phalloidin:actin; mScarlet:fascin; iRFP:nuclear actin chromobody (nAC),25.17051506,8.53345871,,,compound response across 12 wells,inactive,inactive,,,,,,
1093688953,P9,Homo sapiens,NCBITaxon,9606,HeLa,EFO,EFO_0001185,,,,,SN1056224557,0.00003,9212,AURKB,,,Pass,Hoechst:DNA; Alexa Fluor 488 phalloidin:actin; mScarlet:fascin; iRFP:nuclear actin chromobody (nAC),18.91489601,-29.9526653,,,compound response across 12 wells,inactive,inactive,,,,,,
1093688953,P10,Homo sapiens,NCBITaxon,9606,HeLa,EFO,EFO_0001185,,,,,SN1046633507,30,1025,CDK9,,,Pass,Hoechst:DNA; Alexa Fluor 488 phalloidin:actin; mScarlet:fascin; iRFP:nuclear actin chromobody (nAC),40.96989822,-235.154266,Yes,Yes,compound response across 12 wells,active,active,Nuclear fascin,regulation of protein localization to nucleus,GO_1900180,Nuclear actin,actin filament phenotype,CMPO_0000104
1093688953,P11,Homo sapiens,NCBITaxon,9606,HeLa,EFO,EFO_0001185,,,,,SN1046633507,10,1025,CDK9,,,Pass,Hoechst:DNA; Alexa Fluor 488 phalloidin:actin; mScarlet:fascin; iRFP:nuclear actin chromobody (nAC),31.91492271,-151.886597,Yes,Yes,compound response across 12 wells,active,active,Nuclear fascin,regulation of protein localization to nucleus,GO_1900180,Nuclear actin,actin filament phenotype,CMPO_0000104
1093688953,P12,Homo sapiens,NCBITaxon,9606,HeLa,EFO,EFO_0001185,,,,,SN1046633507,3.125,1025,CDK9,,,Pass,Hoechst:DNA; Alexa Fluor 488 phalloidin:actin; mScarlet:fascin; iRFP:nuclear actin chromobody (nAC),45.28400421,109.3728485,Yes,Yes,compound response across 12 wells,active,active,Nuclear fascin,regulation of protein localization to nucleus,GO_1900180,Nuclear actin,actin filament phenotype,CMPO_0000104
1093688953,P13,Homo sapiens,NCBITaxon,9606,HeLa,EFO,EFO_0001185,,,,,SN1046633507,1.25,1025,CDK9,,,Pass,Hoechst:DNA; Alexa Fluor 488 phalloidin:actin; mScarlet:fascin; iRFP:nuclear actin chromobody (nAC),20.42017555,-116.837494,Yes,Yes,compound response across 12 wells,active,active,Nuclear fascin,regulation of protein localization to nucleus,GO_1900180,Nuclear actin,actin filament phenotype,CMPO_0000104
1093688953,P14,Homo sapiens,NCBITaxon,9606,HeLa,EFO,EFO_0001185,,,,,SN1046633507,0.3,1025,CDK9,,,Pass,Hoechst:DNA; Alexa Fluor 488 phalloidin:actin; mScarlet:fascin; iRFP:nuclear actin chromobody (nAC),84.81859589,-139.659149,Yes,Yes,compound response across 12 wells,active,active,Nuclear fascin,regulation of protein localization to nucleus,GO_1900180,Nuclear actin,actin filament phenotype,CMPO_0000104
1093688953,P15,Homo sapiens,NCBITaxon,9606,HeLa,EFO,EFO_0001185,,,,,SN1046633507,0.1,1025,CDK9,,,Pass,Hoechst:DNA; Alexa Fluor 488 phalloidin:actin; mScarlet:fascin; iRFP:nuclear actin chromobody (nAC),51.80342865,-74.2699051,Yes,Yes,compound response across 12 wells,active,active,Nuclear fascin,regulation of protein localization to nucleus,GO_1900180,Nuclear actin,actin filament phenotype,CMPO_0000104
1093688953,P16,Homo sapiens,NCBITaxon,9606,HeLa,EFO,EFO_0001185,,,,,SN1046633507,0.03,1025,CDK9,,,Pass,Hoechst:DNA; Alexa Fluor 488 phalloidin:actin; mScarlet:fascin; iRFP:nuclear actin chromobody (nAC),44.67572784,,Yes,Yes,compound response across 12 wells,active,active,Nuclear fascin,regulation of protein localization to nucleus,GO_1900180,Nuclear actin,actin filament phenotype,CMPO_0000104
1093688953,P17,Homo sapiens,NCBITaxon,9606,HeLa,EFO,EFO_0001185,,,,,SN1046633507,0.0125,1025,CDK9,,,Pass,Hoechst:DNA; Alexa Fluor 488 phalloidin:actin; mScarlet:fascin; iRFP:nuclear actin chromobody (nAC),7.799768925,-94.4475327,Yes,Yes,compound response across 12 wells,active,active,Nuclear fascin,regulation of protein localization to nucleus,GO_1900180,Nuclear actin,actin filament phenotype,CMPO_0000104
1093688953,P18,Homo sapiens,NCBITaxon,9606,HeLa,EFO,EFO_0001185,DMSO,679,IAZDPXIOMUYVGZ-UHFFFAOYSA-N,CS(=O)C,,,,,Neutral Control,,Pass,Hoechst:DNA; Alexa Fluor 488 phalloidin:actin; mScarlet:fascin; iRFP:nuclear actin chromobody (nAC),-9.355603218,-5.95077467,,,,,,,,,,,
1093688953,P19,Homo sapiens,NCBITaxon,9606,HeLa,EFO,EFO_0001185,,,,,,,,,Stimulator Control,Leptomycin b blocks nuclear export of fascin,Pass,Hoechst:DNA; Alexa Fluor 488 phalloidin:actin; mScarlet:fascin; iRFP:nuclear actin chromobody (nAC),110.7143478,-4.3631978,,,,,,,,,,,
1093688953,P20,Homo sapiens,NCBITaxon,9606,HeLa,EFO,EFO_0001185,DMSO,679,IAZDPXIOMUYVGZ-UHFFFAOYSA-N,CS(=O)C,,,,,Neutral Control,,Pass,Hoechst:DNA; Alexa Fluor 488 phalloidin:actin; mScarlet:fascin; iRFP:nuclear actin chromobody (nAC),6.632249832,-26.8778019,,,,,,,,,,,
1093688953,P21,Homo sapiens,NCBITaxon,9606,HeLa,EFO,EFO_0001185,,,,,SN1046633507,0.003,1025,CDK9,,,Pass,Hoechst:DNA; Alexa Fluor 488 phalloidin:actin; mScarlet:fascin; iRFP:nuclear actin chromobody (nAC),21.08742332,-36.5520935,Yes,Yes,compound response across 12 wells,active,active,Nuclear fascin,regulation of protein localization to nucleus,GO_1900180,Nuclear actin,actin filament phenotype,CMPO_0000104
1093688953,P22,Homo sapiens,NCBITaxon,9606,HeLa,EFO,EFO_0001185,,,,,SN1046633507,0.001,1025,CDK9,,,Pass,Hoechst:DNA; Alexa Fluor 488 phalloidin:actin; mScarlet:fascin; iRFP:nuclear actin chromobody (nAC),10.79628849,-19.4885216,Yes,Yes,compound response across 12 wells,active,active,Nuclear fascin,regulation of protein localization to nucleus,GO_1900180,Nuclear actin,actin filament phenotype,CMPO_0000104
1093688953,P23,Homo sapiens,NCBITaxon,9606,HeLa,EFO,EFO_0001185,,,,,SN1046633507,0.0003,1025,CDK9,,,Pass,Hoechst:DNA; Alexa Fluor 488 phalloidin:actin; mScarlet:fascin; iRFP:nuclear actin chromobody (nAC),7.47626543,-1.83021176,Yes,Yes,compound response across 12 wells,active,active,Nuclear fascin,regulation of protein localization to nucleus,GO_1900180,Nuclear actin,actin filament phenotype,CMPO_0000104
1093688953,P24,Homo sapiens,NCBITaxon,9606,HeLa,EFO,EFO_0001185,,,,,SN1046633507,0.00003,1025,CDK9,,,Pass,Hoechst:DNA; Alexa Fluor 488 phalloidin:actin; mScarlet:fascin; iRFP:nuclear actin chromobody (nAC),10.71494007,5.856256008,Yes,Yes,compound response across 12 wells,active,active,Nuclear fascin,regulation of protein localization to nucleus,GO_1900180,Nuclear actin,actin filament phenotype,CMPO_0000104
1093688960,A1,Homo sapiens,NCBITaxon,9606,HeLa,EFO,EFO_0001185,DMSO,679,IAZDPXIOMUYVGZ-UHFFFAOYSA-N,CS(=O)C,,,,,Neutral Control,,Pass,Hoechst:DNA; Alexa Fluor 488 phalloidin:actin; mScarlet:fascin; iRFP:nuclear actin chromobody (nAC),26.41310692,5.18543148,,,,,,,,,,,
1093688960,A2,Homo sapiens,NCBITaxon,9606,HeLa,EFO,EFO_0001185,,,,,,,,,Stimulator Control,Leptomycin b blocks nuclear export of fascin,Pass,Hoechst:DNA; Alexa Fluor 488 phalloidin:actin; mScarlet:fascin; iRFP:nuclear actin chromobody (nAC),108.6427536,-22.1381073,,,,,,,,,,,
1093688960,A3,Homo sapiens,NCBITaxon,9606,HeLa,EFO,EFO_0001185,DMSO,679,IAZDPXIOMUYVGZ-UHFFFAOYSA-N,CS(=O)C,,,,,Neutral Control,,Pass,Hoechst:DNA; Alexa Fluor 488 phalloidin:actin; mScarlet:fascin; iRFP:nuclear actin chromobody (nAC),9.66310215,-33.5533485,,,,,,,,,,,
1093688960,A4,Homo sapiens,NCBITaxon,9606,HeLa,EFO,EFO_0001185,,,,,SN1105853052,30,6462,SHBG,,,Pass,Hoechst:DNA; Alexa Fluor 488 phalloidin:actin; mScarlet:fascin; iRFP:nuclear actin chromobody (nAC),36.36102676,-15.6520147,,,compound response across 12 wells,inactive,inactive,,,,,,
1093688960,A5,Homo sapiens,NCBITaxon,9606,HeLa,EFO,EFO_0001185,,,,,SN1105853052,10,6462,SHBG,,,Pass,Hoechst:DNA; Alexa Fluor 488 phalloidin:actin; mScarlet:fascin; iRFP:nuclear actin chromobody (nAC),36.50795364,-4.58880615,,,compound response across 12 wells,inactive,inactive,,,,,,
1093688960,A6,Homo sapiens,NCBITaxon,9606,HeLa,EFO,EFO_0001185,,,,,SN1105853052,3.125,6462,SHBG,,,Pass,Hoechst:DNA; Alexa Fluor 488 phalloidin:actin; mScarlet:fascin; iRFP:nuclear actin chromobody (nAC),38.55561447,-11.1203985,,,compound response across 12 wells,inactive,inactive,,,,,,
1093688960,A7,Homo sapiens,NCBITaxon,9606,HeLa,EFO,EFO_0001185,,,,,SN1105853052,1.25,6462,SHBG,,,Pass,Hoechst:DNA; Alexa Fluor 488 phalloidin:actin; mScarlet:fascin; iRFP:nuclear actin chromobody (nAC),2.302045345,7.72949934,,,compound response across 12 wells,inactive,inactive,,,,,,
1093688960,A8,Homo sapiens,NCBITaxon,9606,HeLa,EFO,EFO_0001185,,,,,SN1105853052,0.3,6462,SHBG,,,Pass,Hoechst:DNA; Alexa Fluor 488 phalloidin:actin; mScarlet:fascin; iRFP:nuclear actin chromobody (nAC),13.69215965,-7.96791124,,,compound response across 12 wells,inactive,inactive,,,,,,
1093688960,A9,Homo sapiens,NCBITaxon,9606,HeLa,EFO,EFO_0001185,,,,,SN1105853052,0.1,6462,SHBG,,,Pass,Hoechst:DNA; Alexa Fluor 488 phalloidin:actin; mScarlet:fascin; iRFP:nuclear actin chromobody (nAC),11.03460503,6.745311737,,,compound response across 12 wells,inactive,inactive,,,,,,
1093688960,A10,Homo sapiens,NCBITaxon,9606,HeLa,EFO,EFO_0001185,,,,,SN1105853052,0.03,6462,SHBG,,,Pass,Hoechst:DNA; Alexa Fluor 488 phalloidin:actin; mScarlet:fascin; iRFP:nuclear actin chromobody (nAC),12.00768566,-42.6376343,,,compound response across 12 wells,inactive,inactive,,,,,,
1093688960,A11,Homo sapiens,NCBITaxon,9606,HeLa,EFO,EFO_0001185,,,,,SN1105853052,0.0125,6462,SHBG,,,Pass,Hoechst:DNA; Alexa Fluor 488 phalloidin:actin; mScarlet:fascin; iRFP:nuclear actin chromobody (nAC),8.811814308,20.73803139,,,compound response across 12 wells,inactive,inactive,,,,,,
1093688960,A12,Homo sapiens,NCBITaxon,9606,HeLa,EFO,EFO_0001185,DMSO,679,IAZDPXIOMUYVGZ-UHFFFAOYSA-N,CS(=O)C,,,,,Neutral Control,,Pass,Hoechst:DNA; Alexa Fluor 488 phalloidin:actin; mScarlet:fascin; iRFP:nuclear actin chromobody (nAC),-12.93695164,-14.7788839,,,,,,,,,,,
1093688960,A13,Homo sapiens,NCBITaxon,9606,HeLa,EFO,EFO_0001185,,,,,,,,,Stimulator Control,Leptomycin b blocks nuclear export of fascin,Pass,Hoechst:DNA; Alexa Fluor 488 phalloidin:actin; mScarlet:fascin; iRFP:nuclear actin chromobody (nAC),93.53912354,-15.533432,,,,,,,,,,,
1093688960,A14,Homo sapiens,NCBITaxon,9606,HeLa,EFO,EFO_0001185,DMSO,679,IAZDPXIOMUYVGZ-UHFFFAOYSA-N,CS(=O)C,,,,,Neutral Control,,Pass,Hoechst:DNA; Alexa Fluor 488 phalloidin:actin; mScarlet:fascin; iRFP:nuclear actin chromobody (nAC),6.821480274,14.1466465,,,,,,,,,,,
1093688960,A15,Homo sapiens,NCBITaxon,9606,HeLa,EFO,EFO_0001185,,,,,SN1105853052,0.003,6462,SHBG,,,Pass,Hoechst:DNA; Alexa Fluor 488 phalloidin:actin; mScarlet:fascin; iRFP:nuclear actin chromobody (nAC),8.126273155,-15.8493919,,,compound response across 12 wells,inactive,inactive,,,,,,
1093688960,A16,Homo sapiens,NCBITaxon,9606,HeLa,EFO,EFO_0001185,,,,,SN1105853052,0.001,6462,SHBG,,,Pass,Hoechst:DNA; Alexa Fluor 488 phalloidin:actin; mScarlet:fascin; iRFP:nuclear actin chromobody (nAC),6.277965546,-51.0605545,,,compound response across 12 wells,inactive,inactive,,,,,,
1093688960,A17,Homo sapiens,NCBITaxon,9606,HeLa,EFO,EFO_0001185,,,,,SN1105853052,0.0003,6462,SHBG,,,Pass,Hoechst:DNA; Alexa Fluor 488 phalloidin:actin; mScarlet:fascin; iRFP:nuclear actin chromobody (nAC),24.02357292,6.418469906,,,compound response across 12 wells,inactive,inactive,,,,,,
1093688960,A18,Homo sapiens,NCBITaxon,9606,HeLa,EFO,EFO_0001185,,,,,SN1105853052,0.00003,6462,SHBG,,,Pass,Hoechst:DNA; Alexa Fluor 488 phalloidin:actin; mScarlet:fascin; iRFP:nuclear actin chromobody (nAC),6.070770264,-29.6406841,,,compound response across 12 wells,inactive,inactive,,,,,,
1093688960,A19,Homo sapiens,NCBITaxon,9606,HeLa,EFO,EFO_0001185,,,,,SN1026103565,30,5029,P2RY2,,,Pass,Hoechst:DNA; Alexa Fluor 488 phalloidin:actin; mScarlet:fascin; iRFP:nuclear actin chromobody (nAC),-24.78407288,0.660198689,,,compound response across 12 wells,inactive,inactive,,,,,,
1093688960,A20,Homo sapiens,NCBITaxon,9606,HeLa,EFO,EFO_0001185,,,,,SN1026103565,10,5029,P2RY2,,,Pass,Hoechst:DNA; Alexa Fluor 488 phalloidin:actin; mScarlet:fascin; iRFP:nuclear actin chromobody (nAC),-14.84301949,57.80561066,,,compound response across 12 wells,inactive,inactive,,,,,,
1093688960,A21,Homo sapiens,NCBITaxon,9606,HeLa,EFO,EFO_0001185,,,,,SN1026103565,3.125,5029,P2RY2,,,Pass,Hoechst:DNA; Alexa Fluor 488 phalloidin:actin; mScarlet:fascin; iRFP:nuclear actin chromobody (nAC),5.475036621,59.1035881,,,compound response across 12 wells,inactive,inactive,,,,,,
1093688960,A22,Homo sapiens,NCBITaxon,9606,HeLa,EFO,EFO_0001185,,,,,SN1026103565,1.25,5029,P2RY2,,,Pass,Hoechst:DNA; Alexa Fluor 488 phalloidin:actin; mScarlet:fascin; iRFP:nuclear actin chromobody (nAC),-5.012722492,-84.2931137,,,compound response across 12 wells,inactive,inactive,,,,,,
1093688960,A23,Homo sapiens,NCBITaxon,9606,HeLa,EFO,EFO_0001185,DMSO,679,IAZDPXIOMUYVGZ-UHFFFAOYSA-N,CS(=O)C,,,,,Neutral Control,,Pass,Hoechst:DNA; Alexa Fluor 488 phalloidin:actin; mScarlet:fascin; iRFP:nuclear actin chromobody (nAC),0.68781352,17.06114769,,,,,,,,,,,
1093688960,A24,Homo sapiens,NCBITaxon,9606,HeLa,EFO,EFO_0001185,,,,,,,,,Stimulator Control,Leptomycin b blocks nuclear export of fascin,Pass,Hoechst:DNA; Alexa Fluor 488 phalloidin:actin; mScarlet:fascin; iRFP:nuclear actin chromobody (nAC),97.53460693,-10.8745651,,,,,,,,,,,
1093688960,B1,Homo sapiens,NCBITaxon,9606,HeLa,EFO,EFO_0001185,,,,,SN1026103565,0.3,5029,P2RY2,,,Pass,Hoechst:DNA; Alexa Fluor 488 phalloidin:actin; mScarlet:fascin; iRFP:nuclear actin chromobody (nAC),27.39635086,-40.0103493,,,compound response across 12 wells,inactive,inactive,,,,,,
1093688960,B2,Homo sapiens,NCBITaxon,9606,HeLa,EFO,EFO_0001185,,,,,SN1026103565,0.1,5029,P2RY2,,,Pass,Hoechst:DNA; Alexa Fluor 488 phalloidin:actin; mScarlet:fascin; iRFP:nuclear actin chromobody (nAC),-15.66918659,-24.0454121,,,compound response across 12 wells,inactive,inactive,,,,,,
1093688960,B3,Homo sapiens,NCBITaxon,9606,HeLa,EFO,EFO_0001185,,,,,SN1026103565,0.03,5029,P2RY2,,,Pass,Hoechst:DNA; Alexa Fluor 488 phalloidin:actin; mScarlet:fascin; iRFP:nuclear actin chromobody (nAC),8.56924057,-33.153183,,,compound response across 12 wells,inactive,inactive,,,,,,
1093688960,B4,Homo sapiens,NCBITaxon,9606,HeLa,EFO,EFO_0001185,,,,,SN1026103565,0.0125,5029,P2RY2,,,Pass,Hoechst:DNA; Alexa Fluor 488 phalloidin:actin; mScarlet:fascin; iRFP:nuclear actin chromobody (nAC),8.150849342,-31.7085629,,,compound response across 12 wells,inactive,inactive,,,,,,
1093688960,B5,Homo sapiens,NCBITaxon,9606,HeLa,EFO,EFO_0001185,,,,,SN1026103565,0.003,5029,P2RY2,,,Pass,Hoechst:DNA; Alexa Fluor 488 phalloidin:actin; mScarlet:fascin; iRFP:nuclear actin chromobody (nAC),16.11330605,-8.80284977,,,compound response across 12 wells,inactive,inactive,,,,,,
1093688960,B6,Homo sapiens,NCBITaxon,9606,HeLa,EFO,EFO_0001185,,,,,SN1026103565,0.001,5029,P2RY2,,,Pass,Hoechst:DNA; Alexa Fluor 488 phalloidin:actin; mScarlet:fascin; iRFP:nuclear actin chromobody (nAC),19.63866234,-30.2574329,,,compound response across 12 wells,inactive,inactive,,,,,,
1093688960,B7,Homo sapiens,NCBITaxon,9606,HeLa,EFO,EFO_0001185,,,,,SN1026103565,0.0003,5029,P2RY2,,,Pass,Hoechst:DNA; Alexa Fluor 488 phalloidin:actin; mScarlet:fascin; iRFP:nuclear actin chromobody (nAC),1.713704824,-16.8092709,,,compound response across 12 wells,inactive,inactive,,,,,,
1093688960,B8,Homo sapiens,NCBITaxon,9606,HeLa,EFO,EFO_0001185,,,,,SN1026103565,0.00003,5029,P2RY2,,,Pass,Hoechst:DNA; Alexa Fluor 488 phalloidin:actin; mScarlet:fascin; iRFP:nuclear actin chromobody (nAC),8.117526054,-31.4939747,,,compound response across 12 wells,inactive,inactive,,,,,,
1093688960,B9,Homo sapiens,NCBITaxon,9606,HeLa,EFO,EFO_0001185,,,,,SN1061247596,30,7514,XPO1,,,Pass,Hoechst:DNA; Alexa Fluor 488 phalloidin:actin; mScarlet:fascin; iRFP:nuclear actin chromobody (nAC),88.78524017,-2.62170959,,Yes,compound response across 12 wells,active,inactive,Nuclear fascin,regulation of protein localization to nucleus,GO_1900180,,,
1093688960,B10,Homo sapiens,NCBITaxon,9606,HeLa,EFO,EFO_0001185,,,,,SN1061247596,10,7514,XPO1,,,Pass,Hoechst:DNA; Alexa Fluor 488 phalloidin:actin; mScarlet:fascin; iRFP:nuclear actin chromobody (nAC),77.41943359,-13.2028208,,Yes,compound response across 12 wells,active,inactive,Nuclear fascin,regulation of protein localization to nucleus,GO_1900180,,,
1093688960,B11,Homo sapiens,NCBITaxon,9606,HeLa,EFO,EFO_0001185,,,,,SN1061247596,3.125,7514,XPO1,,,Pass,Hoechst:DNA; Alexa Fluor 488 phalloidin:actin; mScarlet:fascin; iRFP:nuclear actin chromobody (nAC),54.09408951,0.83033663,,Yes,compound response across 12 wells,active,inactive,Nuclear fascin,regulation of protein localization to nucleus,GO_1900180,,,
1093688960,B12,Homo sapiens,NCBITaxon,9606,HeLa,EFO,EFO_0001185,,,,,SN1061247596,1.25,7514,XPO1,,,Pass,Hoechst:DNA; Alexa Fluor 488 phalloidin:actin; mScarlet:fascin; iRFP:nuclear actin chromobody (nAC),62.9584465,-17.4624519,,Yes,compound response across 12 wells,active,inactive,Nuclear fascin,regulation of protein localization to nucleus,GO_1900180,,,
1093688960,B13,Homo sapiens,NCBITaxon,9606,HeLa,EFO,EFO_0001185,,,,,SN1061247596,0.3,7514,XPO1,,,Pass,Hoechst:DNA; Alexa Fluor 488 phalloidin:actin; mScarlet:fascin; iRFP:nuclear actin chromobody (nAC),30.99855042,-10.9894037,,Yes,compound response across 12 wells,active,inactive,Nuclear fascin,regulation of protein localization to nucleus,GO_1900180,,,
1093688960,B14,Homo sapiens,NCBITaxon,9606,HeLa,EFO,EFO_0001185,,,,,SN1061247596,0.1,7514,XPO1,,,Pass,Hoechst:DNA; Alexa Fluor 488 phalloidin:actin; mScarlet:fascin; iRFP:nuclear actin chromobody (nAC),26.54381752,-31.5358715,,Yes,compound response across 12 wells,active,inactive,Nuclear fascin,regulation of protein localization to nucleus,GO_1900180,,,
1093688960,B15,Homo sapiens,NCBITaxon,9606,HeLa,EFO,EFO_0001185,,,,,SN1061247596,0.03,7514,XPO1,,,Pass,Hoechst:DNA; Alexa Fluor 488 phalloidin:actin; mScarlet:fascin; iRFP:nuclear actin chromobody (nAC),7.842406273,-20.5064068,,Yes,compound response across 12 wells,active,inactive,Nuclear fascin,regulation of protein localization to nucleus,GO_1900180,,,
1093688960,B16,Homo sapiens,NCBITaxon,9606,HeLa,EFO,EFO_0001185,,,,,SN1061247596,0.0125,7514,XPO1,,,Pass,Hoechst:DNA; Alexa Fluor 488 phalloidin:actin; mScarlet:fascin; iRFP:nuclear actin chromobody (nAC),8.993748665,-40.8385658,,Yes,compound response across 12 wells,active,inactive,Nuclear fascin,regulation of protein localization to nucleus,GO_1900180,,,
1093688960,B17,Homo sapiens,NCBITaxon,9606,HeLa,EFO,EFO_0001185,,,,,SN1061247596,0.003,7514,XPO1,,,Pass,Hoechst:DNA; Alexa Fluor 488 phalloidin:actin; mScarlet:fascin; iRFP:nuclear actin chromobody (nAC),13.34051037,-8.31883907,,Yes,compound response across 12 wells,active,inactive,Nuclear fascin,regulation of protein localization to nucleus,GO_1900180,,,
1093688960,B18,Homo sapiens,NCBITaxon,9606,HeLa,EFO,EFO_0001185,,,,,SN1061247596,0.001,7514,XPO1,,,Pass,Hoechst:DNA; Alexa Fluor 488 phalloidin:actin; mScarlet:fascin; iRFP:nuclear actin chromobody (nAC),10.74501038,-18.4066219,,Yes,compound response across 12 wells,active,inactive,Nuclear fascin,regulation of protein localization to nucleus,GO_1900180,,,
1093688960,B19,Homo sapiens,NCBITaxon,9606,HeLa,EFO,EFO_0001185,,,,,SN1061247596,0.0003,7514,XPO1,,,Pass,Hoechst:DNA; Alexa Fluor 488 phalloidin:actin; mScarlet:fascin; iRFP:nuclear actin chromobody (nAC),21.01161194,-22.8332195,,Yes,compound response across 12 wells,active,inactive,Nuclear fascin,regulation of protein localization to nucleus,GO_1900180,,,
1093688960,B20,Homo sapiens,NCBITaxon,9606,HeLa,EFO,EFO_0001185,,,,,SN1061247596,0.00003,7514,XPO1,,,Pass,Hoechst:DNA; Alexa Fluor 488 phalloidin:actin; mScarlet:fascin; iRFP:nuclear actin chromobody (nAC),13.36723423,20.95726967,,Yes,compound response across 12 wells,active,inactive,Nuclear fascin,regulation of protein localization to nucleus,GO_1900180,,,
1093688960,B21,Homo sapiens,NCBITaxon,9606,HeLa,EFO,EFO_0001185,,,,,SN0067606367,30,10892,MALT1,,,Pass,Hoechst:DNA; Alexa Fluor 488 phalloidin:actin; mScarlet:fascin; iRFP:nuclear actin chromobody (nAC),13.87295818,,,Yes,compound response across 12 wells,inactive,active,,,,Nuclear actin,actin filament phenotype,CMPO_0000104
1093688960,B22,Homo sapiens,NCBITaxon,9606,HeLa,EFO,EFO_0001185,,,,,SN0067606367,10,10892,MALT1,,,Pass,Hoechst:DNA; Alexa Fluor 488 phalloidin:actin; mScarlet:fascin; iRFP:nuclear actin chromobody (nAC),12.27715492,-85.3743439,,Yes,compound response across 12 wells,inactive,active,,,,Nuclear actin,actin filament phenotype,CMPO_0000104
1093688960,B23,Homo sapiens,NCBITaxon,9606,HeLa,EFO,EFO_0001185,,,,,SN0067606367,3.125,10892,MALT1,,,Pass,Hoechst:DNA; Alexa Fluor 488 phalloidin:actin; mScarlet:fascin; iRFP:nuclear actin chromobody (nAC),20.78133583,-23.0566292,,Yes,compound response across 12 wells,inactive,active,,,,Nuclear actin,actin filament phenotype,CMPO_0000104
1093688960,B24,Homo sapiens,NCBITaxon,9606,HeLa,EFO,EFO_0001185,,,,,SN0067606367,1.25,10892,MALT1,,,Pass,Hoechst:DNA; Alexa Fluor 488 phalloidin:actin; mScarlet:fascin; iRFP:nuclear actin chromobody (nAC),8.337873459,-45.3881187,,Yes,compound response across 12 wells,inactive,active,,,,Nuclear actin,actin filament phenotype,CMPO_0000104
1093688960,C1,Homo sapiens,NCBITaxon,9606,HeLa,EFO,EFO_0001185,,,,,SN0067606367,0.3,10892,MALT1,,,Pass,Hoechst:DNA; Alexa Fluor 488 phalloidin:actin; mScarlet:fascin; iRFP:nuclear actin chromobody (nAC),24.801054,-11.4722118,,Yes,compound response across 12 wells,inactive,active,,,,Nuclear actin,actin filament phenotype,CMPO_0000104
1093688960,C2,Homo sapiens,NCBITaxon,9606,HeLa,EFO,EFO_0001185,,,,,SN0067606367,0.1,10892,MALT1,,,Pass,Hoechst:DNA; Alexa Fluor 488 phalloidin:actin; mScarlet:fascin; iRFP:nuclear actin chromobody (nAC),5.96329689,-41.5448036,,Yes,compound response across 12 wells,inactive,active,,,,Nuclear actin,actin filament phenotype,CMPO_0000104
1093688960,C3,Homo sapiens,NCBITaxon,9606,HeLa,EFO,EFO_0001185,,,,,SN0067606367,0.03,10892,MALT1,,,Pass,Hoechst:DNA; Alexa Fluor 488 phalloidin:actin; mScarlet:fascin; iRFP:nuclear actin chromobody (nAC),7.691430092,5.448218822,,Yes,compound response across 12 wells,inactive,active,,,,Nuclear actin,actin filament phenotype,CMPO_0000104
1093688960,C4,Homo sapiens,NCBITaxon,9606,HeLa,EFO,EFO_0001185,,,,,SN0067606367,0.0125,10892,MALT1,,,Pass,Hoechst:DNA; Alexa Fluor 488 phalloidin:actin; mScarlet:fascin; iRFP:nuclear actin chromobody (nAC),10.90859413,11.99204254,,Yes,compound response across 12 wells,inactive,active,,,,Nuclear actin,actin filament phenotype,CMPO_0000104
1093688960,C5,Homo sapiens,NCBITaxon,9606,HeLa,EFO,EFO_0001185,DMSO,679,IAZDPXIOMUYVGZ-UHFFFAOYSA-N,CS(=O)C,,,,,Neutral Control,,Pass,Hoechst:DNA; Alexa Fluor 488 phalloidin:actin; mScarlet:fascin; iRFP:nuclear actin chromobody (nAC),7.767509937,-3.04352927,,,,,,,,,,,
1093688960,C6,Homo sapiens,NCBITaxon,9606,HeLa,EFO,EFO_0001185,,,,,,,,,Stimulator Control,Leptomycin b blocks nuclear export of fascin,Pass,Hoechst:DNA; Alexa Fluor 488 phalloidin:actin; mScarlet:fascin; iRFP:nuclear actin chromobody (nAC),107.2862396,-7.80057144,,,,,,,,,,,
1093688960,C7,Homo sapiens,NCBITaxon,9606,HeLa,EFO,EFO_0001185,DMSO,679,IAZDPXIOMUYVGZ-UHFFFAOYSA-N,CS(=O)C,,,,,Neutral Control,,Pass,Hoechst:DNA; Alexa Fluor 488 phalloidin:actin; mScarlet:fascin; iRFP:nuclear actin chromobody (nAC),-3.350271702,-11.8746843,,,,,,,,,,,
1093688960,C8,Homo sapiens,NCBITaxon,9606,HeLa,EFO,EFO_0001185,,,,,SN0067606367,0.003,10892,MALT1,,,Pass,Hoechst:DNA; Alexa Fluor 488 phalloidin:actin; mScarlet:fascin; iRFP:nuclear actin chromobody (nAC),4.524322033,-24.2464409,,Yes,compound response across 12 wells,inactive,active,,,,Nuclear actin,actin filament phenotype,CMPO_0000104
1093688960,C9,Homo sapiens,NCBITaxon,9606,HeLa,EFO,EFO_0001185,,,,,SN0067606367,0.001,10892,MALT1,,,Pass,Hoechst:DNA; Alexa Fluor 488 phalloidin:actin; mScarlet:fascin; iRFP:nuclear actin chromobody (nAC),11.12761879,-9.550457,,Yes,compound response across 12 wells,inactive,active,,,,Nuclear actin,actin filament phenotype,CMPO_0000104
1093688960,C10,Homo sapiens,NCBITaxon,9606,HeLa,EFO,EFO_0001185,,,,,SN0067606367,0.0003,10892,MALT1,,,Pass,Hoechst:DNA; Alexa Fluor 488 phalloidin:actin; mScarlet:fascin; iRFP:nuclear actin chromobody (nAC),14.42557812,-11.1380463,,Yes,compound response across 12 wells,inactive,active,,,,Nuclear actin,actin filament phenotype,CMPO_0000104
1093688960,C11,Homo sapiens,NCBITaxon,9606,HeLa,EFO,EFO_0001185,,,,,SN0067606367,0.00003,10892,MALT1,,,Pass,Hoechst:DNA; Alexa Fluor 488 phalloidin:actin; mScarlet:fascin; iRFP:nuclear actin chromobody (nAC),13.98360634,4.149945259,,Yes,compound response across 12 wells,inactive,active,,,,Nuclear actin,actin filament phenotype,CMPO_0000104
1093688960,C12,Homo sapiens,NCBITaxon,9606,HeLa,EFO,EFO_0001185,,,,,SN1058514991,30,2932,GSK3B,,,Pass,Hoechst:DNA; Alexa Fluor 488 phalloidin:actin; mScarlet:fascin; iRFP:nuclear actin chromobody (nAC),152.3838043,-738.590515,,,compound response across 12 wells,inactive,inactive,,,,,,
1093688960,C13,Homo sapiens,NCBITaxon,9606,HeLa,EFO,EFO_0001185,,,,,SN1058514991,10,2932,GSK3B,,,Pass,Hoechst:DNA; Alexa Fluor 488 phalloidin:actin; mScarlet:fascin; iRFP:nuclear actin chromobody (nAC),28.98779678,-99.9267349,,,compound response across 12 wells,inactive,inactive,,,,,,
1093688960,C14,Homo sapiens,NCBITaxon,9606,HeLa,EFO,EFO_0001185,,,,,SN1058514991,3.125,2932,GSK3B,,,Pass,Hoechst:DNA; Alexa Fluor 488 phalloidin:actin; mScarlet:fascin; iRFP:nuclear actin chromobody (nAC),61.65269089,33.9693985,,,compound response across 12 wells,inactive,inactive,,,,,,
1093688960,C15,Homo sapiens,NCBITaxon,9606,HeLa,EFO,EFO_0001185,,,,,SN1058514991,1.25,2932,GSK3B,,,Pass,Hoechst:DNA; Alexa Fluor 488 phalloidin:actin; mScarlet:fascin; iRFP:nuclear actin chromobody (nAC),-7.514040947,-23.6542263,,,compound response across 12 wells,inactive,inactive,,,,,,
1093688960,C16,Homo sapiens,NCBITaxon,9606,HeLa,EFO,EFO_0001185,DMSO,679,IAZDPXIOMUYVGZ-UHFFFAOYSA-N,CS(=O)C,,,,,Neutral Control,,Pass,Hoechst:DNA; Alexa Fluor 488 phalloidin:actin; mScarlet:fascin; iRFP:nuclear actin chromobody (nAC),-8.08560276,34.50348663,,,,,,,,,,,
1093688960,C17,Homo sapiens,NCBITaxon,9606,HeLa,EFO,EFO_0001185,,,,,,,,,Stimulator Control,Leptomycin b blocks nuclear export of fascin,Pass,Hoechst:DNA; Alexa Fluor 488 phalloidin:actin; mScarlet:fascin; iRFP:nuclear actin chromobody (nAC),101.673378,-36.3089371,,,,,,,,,,,
1093688960,C18,Homo sapiens,NCBITaxon,9606,HeLa,EFO,EFO_0001185,DMSO,679,IAZDPXIOMUYVGZ-UHFFFAOYSA-N,CS(=O)C,,,,,Neutral Control,,Pass,Hoechst:DNA; Alexa Fluor 488 phalloidin:actin; mScarlet:fascin; iRFP:nuclear actin chromobody (nAC),4.568276405,-4.17854023,,,,,,,,,,,
1093688960,C19,Homo sapiens,NCBITaxon,9606,HeLa,EFO,EFO_0001185,,,,,SN1058514991,0.3,2932,GSK3B,,,Pass,Hoechst:DNA; Alexa Fluor 488 phalloidin:actin; mScarlet:fascin; iRFP:nuclear actin chromobody (nAC),24.22580338,-33.7507362,,,compound response across 12 wells,inactive,inactive,,,,,,
1093688960,C20,Homo sapiens,NCBITaxon,9606,HeLa,EFO,EFO_0001185,,,,,SN1058514991,0.1,2932,GSK3B,,,Pass,Hoechst:DNA; Alexa Fluor 488 phalloidin:actin; mScarlet:fascin; iRFP:nuclear actin chromobody (nAC),35.59862518,-50.8093605,,,compound response across 12 wells,inactive,inactive,,,,,,
1093688960,C21,Homo sapiens,NCBITaxon,9606,HeLa,EFO,EFO_0001185,,,,,SN1058514991,0.03,2932,GSK3B,,,Pass,Hoechst:DNA; Alexa Fluor 488 phalloidin:actin; mScarlet:fascin; iRFP:nuclear actin chromobody (nAC),36.41875458,-42.3305588,,,compound response across 12 wells,inactive,inactive,,,,,,
1093688960,C22,Homo sapiens,NCBITaxon,9606,HeLa,EFO,EFO_0001185,,,,,SN1058514991,0.0125,2932,GSK3B,,,Pass,Hoechst:DNA; Alexa Fluor 488 phalloidin:actin; mScarlet:fascin; iRFP:nuclear actin chromobody (nAC),29.99181938,-26.4693851,,,compound response across 12 wells,inactive,inactive,,,,,,
1093688960,C23,Homo sapiens,NCBITaxon,9606,HeLa,EFO,EFO_0001185,,,,,SN1058514991,0.003,2932,GSK3B,,,Pass,Hoechst:DNA; Alexa Fluor 488 phalloidin:actin; mScarlet:fascin; iRFP:nuclear actin chromobody (nAC),26.96737671,-34.6983871,,,compound response across 12 wells,inactive,inactive,,,,,,
1093688960,C24,Homo sapiens,NCBITaxon,9606,HeLa,EFO,EFO_0001185,,,,,SN1058514991,0.001,2932,GSK3B,,,Pass,Hoechst:DNA; Alexa Fluor 488 phalloidin:actin; mScarlet:fascin; iRFP:nuclear actin chromobody (nAC),13.75708008,-38.9150047,,,compound response across 12 wells,inactive,inactive,,,,,,
1093688960,D1,Homo sapiens,NCBITaxon,9606,HeLa,EFO,EFO_0001185,,,,,SN1058514991,0.0003,2932,GSK3B,,,Pass,Hoechst:DNA; Alexa Fluor 488 phalloidin:actin; mScarlet:fascin; iRFP:nuclear actin chromobody (nAC),14.8535099,-9.95472717,,,compound response across 12 wells,inactive,inactive,,,,,,
1093688960,D2,Homo sapiens,NCBITaxon,9606,HeLa,EFO,EFO_0001185,,,,,SN1058514991,0.00003,2932,GSK3B,,,Pass,Hoechst:DNA; Alexa Fluor 488 phalloidin:actin; mScarlet:fascin; iRFP:nuclear actin chromobody (nAC),19.80716515,-12.395504,,,compound response across 12 wells,inactive,inactive,,,,,,
1093688960,D3,Homo sapiens,NCBITaxon,9606,HeLa,EFO,EFO_0001185,,,,,SN0188379251,30,891,CCNB1,,,Pass,Hoechst:DNA; Alexa Fluor 488 phalloidin:actin; mScarlet:fascin; iRFP:nuclear actin chromobody (nAC),82.89710236,-151.916153,,Yes,compound response across 12 wells,active,inactive,Nuclear fascin,regulation of protein localization to nucleus,GO_1900180,,,
1093688960,D4,Homo sapiens,NCBITaxon,9606,HeLa,EFO,EFO_0001185,,,,,SN0188379251,10,891,CCNB1,,,Pass,Hoechst:DNA; Alexa Fluor 488 phalloidin:actin; mScarlet:fascin; iRFP:nuclear actin chromobody (nAC),126.6592331,-10.6278677,,Yes,compound response across 12 wells,active,inactive,Nuclear fascin,regulation of protein localization to nucleus,GO_1900180,,,
1093688960,D5,Homo sapiens,NCBITaxon,9606,HeLa,EFO,EFO_0001185,,,,,SN0188379251,3.125,891,CCNB1,,,Pass,Hoechst:DNA; Alexa Fluor 488 phalloidin:actin; mScarlet:fascin; iRFP:nuclear actin chromobody (nAC),126.1875305,-10.2803936,,Yes,compound response across 12 wells,active,inactive,Nuclear fascin,regulation of protein localization to nucleus,GO_1900180,,,
1093688960,D6,Homo sapiens,NCBITaxon,9606,HeLa,EFO,EFO_0001185,,,,,SN0188379251,1.25,891,CCNB1,,,Pass,Hoechst:DNA; Alexa Fluor 488 phalloidin:actin; mScarlet:fascin; iRFP:nuclear actin chromobody (nAC),-0.697541356,-27.601368,,Yes,compound response across 12 wells,active,inactive,Nuclear fascin,regulation of protein localization to nucleus,GO_1900180,,,
1093688960,D7,Homo sapiens,NCBITaxon,9606,HeLa,EFO,EFO_0001185,,,,,SN0188379251,0.3,891,CCNB1,,,Pass,Hoechst:DNA; Alexa Fluor 488 phalloidin:actin; mScarlet:fascin; iRFP:nuclear actin chromobody (nAC),-5.91191864,-50.7047958,,Yes,compound response across 12 wells,active,inactive,Nuclear fascin,regulation of protein localization to nucleus,GO_1900180,,,
1093688960,D8,Homo sapiens,NCBITaxon,9606,HeLa,EFO,EFO_0001185,,,,,SN0188379251,0.1,891,CCNB1,,,Pass,Hoechst:DNA; Alexa Fluor 488 phalloidin:actin; mScarlet:fascin; iRFP:nuclear actin chromobody (nAC),-2.126617193,4.86335516,,Yes,compound response across 12 wells,active,inactive,Nuclear fascin,regulation of protein localization to nucleus,GO_1900180,,,
1093688960,D9,Homo sapiens,NCBITaxon,9606,HeLa,EFO,EFO_0001185,,,,,SN0188379251,0.03,891,CCNB1,,,Pass,Hoechst:DNA; Alexa Fluor 488 phalloidin:actin; mScarlet:fascin; iRFP:nuclear actin chromobody (nAC),5.148040771,6.909131527,,Yes,compound response across 12 wells,active,inactive,Nuclear fascin,regulation of protein localization to nucleus,GO_1900180,,,
1093688960,D10,Homo sapiens,NCBITaxon,9606,HeLa,EFO,EFO_0001185,,,,,SN0188379251,0.0125,891,CCNB1,,,Pass,Hoechst:DNA; Alexa Fluor 488 phalloidin:actin; mScarlet:fascin; iRFP:nuclear actin chromobody (nAC),9.806919098,-17.6657257,,Yes,compound response across 12 wells,active,inactive,Nuclear fascin,regulation of protein localization to nucleus,GO_1900180,,,
1093688960,D11,Homo sapiens,NCBITaxon,9606,HeLa,EFO,EFO_0001185,,,,,SN0188379251,0.003,891,CCNB1,,,Pass,Hoechst:DNA; Alexa Fluor 488 phalloidin:actin; mScarlet:fascin; iRFP:nuclear actin chromobody (nAC),23.81657982,-12.05266,,Yes,compound response across 12 wells,active,inactive,Nuclear fascin,regulation of protein localization to nucleus,GO_1900180,,,
1093688960,D12,Homo sapiens,NCBITaxon,9606,HeLa,EFO,EFO_0001185,,,,,SN0188379251,0.001,891,CCNB1,,,Pass,Hoechst:DNA; Alexa Fluor 488 phalloidin:actin; mScarlet:fascin; iRFP:nuclear actin chromobody (nAC),23.25930595,7.81651926,,Yes,compound response across 12 wells,active,inactive,Nuclear fascin,regulation of protein localization to nucleus,GO_1900180,,,
1093688960,D13,Homo sapiens,NCBITaxon,9606,HeLa,EFO,EFO_0001185,,,,,SN0188379251,0.0003,891,CCNB1,,,Pass,Hoechst:DNA; Alexa Fluor 488 phalloidin:actin; mScarlet:fascin; iRFP:nuclear actin chromobody (nAC),11.89057732,8.917448044,,Yes,compound response across 12 wells,active,inactive,Nuclear fascin,regulation of protein localization to nucleus,GO_1900180,,,
1093688960,D14,Homo sapiens,NCBITaxon,9606,HeLa,EFO,EFO_0001185,,,,,SN0188379251,0.00003,891,CCNB1,,,Pass,Hoechst:DNA; Alexa Fluor 488 phalloidin:actin; mScarlet:fascin; iRFP:nuclear actin chromobody (nAC),2.63372612,-29.8524895,,Yes,compound response across 12 wells,active,inactive,Nuclear fascin,regulation of protein localization to nucleus,GO_1900180,,,
1093688960,D15,Homo sapiens,NCBITaxon,9606,HeLa,EFO,EFO_0001185,,,,,SN1086862772,30,29110,TBK1,,,Fail,Hoechst:DNA; Alexa Fluor 488 phalloidin:actin; mScarlet:fascin; iRFP:nuclear actin chromobody (nAC),372.098114,-139.962692,Yes,Yes,compound response across 12 wells,active,inactive,Nuclear fascin,regulation of protein localization to nucleus,GO_1900180,,,
1093688960,D16,Homo sapiens,NCBITaxon,9606,HeLa,EFO,EFO_0001185,,,,,SN1086862772,10,29110,TBK1,,,Pass,Hoechst:DNA; Alexa Fluor 488 phalloidin:actin; mScarlet:fascin; iRFP:nuclear actin chromobody (nAC),76.1736145,-80.930336,Yes,Yes,compound response across 12 wells,active,inactive,Nuclear fascin,regulation of protein localization to nucleus,GO_1900180,,,
1093688960,D17,Homo sapiens,NCBITaxon,9606,HeLa,EFO,EFO_0001185,,,,,SN1086862772,3.125,29110,TBK1,,,Pass,Hoechst:DNA; Alexa Fluor 488 phalloidin:actin; mScarlet:fascin; iRFP:nuclear actin chromobody (nAC),-14.32042313,69.20918274,Yes,Yes,compound response across 12 wells,active,inactive,Nuclear fascin,regulation of protein localization to nucleus,GO_1900180,,,
1093688960,D18,Homo sapiens,NCBITaxon,9606,HeLa,EFO,EFO_0001185,,,,,SN1086862772,1.25,29110,TBK1,,,Pass,Hoechst:DNA; Alexa Fluor 488 phalloidin:actin; mScarlet:fascin; iRFP:nuclear actin chromobody (nAC),-32.39503479,6.195142269,Yes,Yes,compound response across 12 wells,active,inactive,Nuclear fascin,regulation of protein localization to nucleus,GO_1900180,,,
1093688960,D19,Homo sapiens,NCBITaxon,9606,HeLa,EFO,EFO_0001185,,,,,SN1086862772,0.3,29110,TBK1,,,Pass,Hoechst:DNA; Alexa Fluor 488 phalloidin:actin; mScarlet:fascin; iRFP:nuclear actin chromobody (nAC),36.25915527,-22.2935715,Yes,Yes,compound response across 12 wells,active,inactive,Nuclear fascin,regulation of protein localization to nucleus,GO_1900180,,,
1093688960,D20,Homo sapiens,NCBITaxon,9606,HeLa,EFO,EFO_0001185,,,,,SN1086862772,0.1,29110,TBK1,,,Pass,Hoechst:DNA; Alexa Fluor 488 phalloidin:actin; mScarlet:fascin; iRFP:nuclear actin chromobody (nAC),-1.467177749,-16.3352337,Yes,Yes,compound response across 12 wells,active,inactive,Nuclear fascin,regulation of protein localization to nucleus,GO_1900180,,,
1093688960,D21,Homo sapiens,NCBITaxon,9606,HeLa,EFO,EFO_0001185,,,,,SN1086862772,0.03,29110,TBK1,,,Pass,Hoechst:DNA; Alexa Fluor 488 phalloidin:actin; mScarlet:fascin; iRFP:nuclear actin chromobody (nAC),6.150024891,-37.4698105,Yes,Yes,compound response across 12 wells,active,inactive,Nuclear fascin,regulation of protein localization to nucleus,GO_1900180,,,
1093688960,D22,Homo sapiens,NCBITaxon,9606,HeLa,EFO,EFO_0001185,,,,,SN1086862772,0.0125,29110,TBK1,,,Pass,Hoechst:DNA; Alexa Fluor 488 phalloidin:actin; mScarlet:fascin; iRFP:nuclear actin chromobody (nAC),23.69276428,-20.5916557,Yes,Yes,compound response across 12 wells,active,inactive,Nuclear fascin,regulation of protein localization to nucleus,GO_1900180,,,
1093688960,D23,Homo sapiens,NCBITaxon,9606,HeLa,EFO,EFO_0001185,,,,,SN1086862772,0.003,29110,TBK1,,,Pass,Hoechst:DNA; Alexa Fluor 488 phalloidin:actin; mScarlet:fascin; iRFP:nuclear actin chromobody (nAC),30.02578163,-25.4047832,Yes,Yes,compound response across 12 wells,active,inactive,Nuclear fascin,regulation of protein localization to nucleus,GO_1900180,,,
1093688960,D24,Homo sapiens,NCBITaxon,9606,HeLa,EFO,EFO_0001185,,,,,SN1086862772,0.001,29110,TBK1,,,Pass,Hoechst:DNA; Alexa Fluor 488 phalloidin:actin; mScarlet:fascin; iRFP:nuclear actin chromobody (nAC),14.29799461,2.184390068,Yes,Yes,compound response across 12 wells,active,inactive,Nuclear fascin,regulation of protein localization to nucleus,GO_1900180,,,
1093688960,E1,Homo sapiens,NCBITaxon,9606,HeLa,EFO,EFO_0001185,,,,,SN1086862772,0.0003,29110,TBK1,,,Pass,Hoechst:DNA; Alexa Fluor 488 phalloidin:actin; mScarlet:fascin; iRFP:nuclear actin chromobody (nAC),19.59140968,-24.8461647,Yes,Yes,compound response across 12 wells,active,inactive,Nuclear fascin,regulation of protein localization to nucleus,GO_1900180,,,
1093688960,E2,Homo sapiens,NCBITaxon,9606,HeLa,EFO,EFO_0001185,,,,,SN1086862772,0.00003,29110,TBK1,,,Pass,Hoechst:DNA; Alexa Fluor 488 phalloidin:actin; mScarlet:fascin; iRFP:nuclear actin chromobody (nAC),14.28756714,-12.047555,Yes,Yes,compound response across 12 wells,active,inactive,Nuclear fascin,regulation of protein localization to nucleus,GO_1900180,,,
1093688960,E3,Homo sapiens,NCBITaxon,9606,HeLa,EFO,EFO_0001185,,,,,SN1026458176,30,2357,FPR1,,,Pass,Hoechst:DNA; Alexa Fluor 488 phalloidin:actin; mScarlet:fascin; iRFP:nuclear actin chromobody (nAC),-20.77213669,-45.1932716,,Yes,compound response across 12 wells,inactive,active,,,,Nuclear actin,actin filament phenotype,CMPO_0000104
1093688960,E4,Homo sapiens,NCBITaxon,9606,HeLa,EFO,EFO_0001185,,,,,SN1026458176,10,2357,FPR1,,,Pass,Hoechst:DNA; Alexa Fluor 488 phalloidin:actin; mScarlet:fascin; iRFP:nuclear actin chromobody (nAC),-7.159651279,-23.3513336,,Yes,compound response across 12 wells,inactive,active,,,,Nuclear actin,actin filament phenotype,CMPO_0000104
1093688960,E5,Homo sapiens,NCBITaxon,9606,HeLa,EFO,EFO_0001185,,,,,SN1026458176,3.125,2357,FPR1,,,Pass,Hoechst:DNA; Alexa Fluor 488 phalloidin:actin; mScarlet:fascin; iRFP:nuclear actin chromobody (nAC),10.34173298,6.646388054,,Yes,compound response across 12 wells,inactive,active,,,,Nuclear actin,actin filament phenotype,CMPO_0000104
1093688960,E6,Homo sapiens,NCBITaxon,9606,HeLa,EFO,EFO_0001185,,,,,SN1026458176,1.25,2357,FPR1,,,Pass,Hoechst:DNA; Alexa Fluor 488 phalloidin:actin; mScarlet:fascin; iRFP:nuclear actin chromobody (nAC),-1.863264799,-38.8619003,,Yes,compound response across 12 wells,inactive,active,,,,Nuclear actin,actin filament phenotype,CMPO_0000104
1093688960,E7,Homo sapiens,NCBITaxon,9606,HeLa,EFO,EFO_0001185,,,,,SN1026458176,0.3,2357,FPR1,,,Pass,Hoechst:DNA; Alexa Fluor 488 phalloidin:actin; mScarlet:fascin; iRFP:nuclear actin chromobody (nAC),2.303508282,-2.09520555,,Yes,compound response across 12 wells,inactive,active,,,,Nuclear actin,actin filament phenotype,CMPO_0000104
1093688960,E8,Homo sapiens,NCBITaxon,9606,HeLa,EFO,EFO_0001185,,,,,SN1026458176,0.1,2357,FPR1,,,Pass,Hoechst:DNA; Alexa Fluor 488 phalloidin:actin; mScarlet:fascin; iRFP:nuclear actin chromobody (nAC),10.65825367,12.55201721,,Yes,compound response across 12 wells,inactive,active,,,,Nuclear actin,actin filament phenotype,CMPO_0000104
1093688960,E9,Homo sapiens,NCBITaxon,9606,HeLa,EFO,EFO_0001185,DMSO,679,IAZDPXIOMUYVGZ-UHFFFAOYSA-N,CS(=O)C,,,,,Neutral Control,,Pass,Hoechst:DNA; Alexa Fluor 488 phalloidin:actin; mScarlet:fascin; iRFP:nuclear actin chromobody (nAC),0.944971204,16.91324425,,,,,,,,,,,
1093688960,E10,Homo sapiens,NCBITaxon,9606,HeLa,EFO,EFO_0001185,,,,,,,,,Stimulator Control,Leptomycin b blocks nuclear export of fascin,Pass,Hoechst:DNA; Alexa Fluor 488 phalloidin:actin; mScarlet:fascin; iRFP:nuclear actin chromobody (nAC),116.1268768,36.22947311,,,,,,,,,,,
1093688960,E11,Homo sapiens,NCBITaxon,9606,HeLa,EFO,EFO_0001185,DMSO,679,IAZDPXIOMUYVGZ-UHFFFAOYSA-N,CS(=O)C,,,,,Neutral Control,,Pass,Hoechst:DNA; Alexa Fluor 488 phalloidin:actin; mScarlet:fascin; iRFP:nuclear actin chromobody (nAC),-8.367569923,16.90742874,,,,,,,,,,,
1093688960,E12,Homo sapiens,NCBITaxon,9606,HeLa,EFO,EFO_0001185,,,,,SN1026458176,0.03,2357,FPR1,,,Pass,Hoechst:DNA; Alexa Fluor 488 phalloidin:actin; mScarlet:fascin; iRFP:nuclear actin chromobody (nAC),14.79277706,-2.72227287,,Yes,compound response across 12 wells,inactive,active,,,,Nuclear actin,actin filament phenotype,CMPO_0000104
1093688960,E13,Homo sapiens,NCBITaxon,9606,HeLa,EFO,EFO_0001185,,,,,SN1026458176,0.0125,2357,FPR1,,,Pass,Hoechst:DNA; Alexa Fluor 488 phalloidin:actin; mScarlet:fascin; iRFP:nuclear actin chromobody (nAC),-7.047789097,1.821815252,,Yes,compound response across 12 wells,inactive,active,,,,Nuclear actin,actin filament phenotype,CMPO_0000104
1093688960,E14,Homo sapiens,NCBITaxon,9606,HeLa,EFO,EFO_0001185,,,,,SN1026458176,0.003,2357,FPR1,,,Pass,Hoechst:DNA; Alexa Fluor 488 phalloidin:actin; mScarlet:fascin; iRFP:nuclear actin chromobody (nAC),11.30788708,-16.6034756,,Yes,compound response across 12 wells,inactive,active,,,,Nuclear actin,actin filament phenotype,CMPO_0000104
1093688960,E15,Homo sapiens,NCBITaxon,9606,HeLa,EFO,EFO_0001185,,,,,SN1026458176,0.001,2357,FPR1,,,Pass,Hoechst:DNA; Alexa Fluor 488 phalloidin:actin; mScarlet:fascin; iRFP:nuclear actin chromobody (nAC),7.460700989,2.427622318,,Yes,compound response across 12 wells,inactive,active,,,,Nuclear actin,actin filament phenotype,CMPO_0000104
1093688960,E16,Homo sapiens,NCBITaxon,9606,HeLa,EFO,EFO_0001185,,,,,SN1026458176,0.0003,2357,FPR1,,,Pass,Hoechst:DNA; Alexa Fluor 488 phalloidin:actin; mScarlet:fascin; iRFP:nuclear actin chromobody (nAC),18.76270485,0.346550196,,Yes,compound response across 12 wells,inactive,active,,,,Nuclear actin,actin filament phenotype,CMPO_0000104
1093688960,E17,Homo sapiens,NCBITaxon,9606,HeLa,EFO,EFO_0001185,,,,,SN1026458176,0.00003,2357,FPR1,,,Pass,Hoechst:DNA; Alexa Fluor 488 phalloidin:actin; mScarlet:fascin; iRFP:nuclear actin chromobody (nAC),8.611653328,-15.8170156,,Yes,compound response across 12 wells,inactive,active,,,,Nuclear actin,actin filament phenotype,CMPO_0000104
1093688960,E18,Homo sapiens,NCBITaxon,9606,HeLa,EFO,EFO_0001185,,,,,SN1059875955,30,2931,GSK3A,,,Pass,Hoechst:DNA; Alexa Fluor 488 phalloidin:actin; mScarlet:fascin; iRFP:nuclear actin chromobody (nAC),161.146225,,Yes,Yes,compound response across 12 wells,active,active,Nuclear fascin,regulation of protein localization to nucleus,GO_1900180,Nuclear actin,actin filament phenotype,CMPO_0000104
1093688960,E19,Homo sapiens,NCBITaxon,9606,HeLa,EFO,EFO_0001185,,,,,SN1059875955,10,2931,GSK3A,,,Pass,Hoechst:DNA; Alexa Fluor 488 phalloidin:actin; mScarlet:fascin; iRFP:nuclear actin chromobody (nAC),126.758194,-9.48529816,Yes,Yes,compound response across 12 wells,active,active,Nuclear fascin,regulation of protein localization to nucleus,GO_1900180,Nuclear actin,actin filament phenotype,CMPO_0000104
1093688960,E20,Homo sapiens,NCBITaxon,9606,HeLa,EFO,EFO_0001185,DMSO,679,IAZDPXIOMUYVGZ-UHFFFAOYSA-N,CS(=O)C,,,,,Neutral Control,,Pass,Hoechst:DNA; Alexa Fluor 488 phalloidin:actin; mScarlet:fascin; iRFP:nuclear actin chromobody (nAC),6.429611206,1.026599288,,,,,,,,,,,
1093688960,E21,Homo sapiens,NCBITaxon,9606,HeLa,EFO,EFO_0001185,,,,,,,,,Stimulator Control,Leptomycin b blocks nuclear export of fascin,Pass,Hoechst:DNA; Alexa Fluor 488 phalloidin:actin; mScarlet:fascin; iRFP:nuclear actin chromobody (nAC),95.26784515,25.8904953,,,,,,,,,,,
1093688960,E22,Homo sapiens,NCBITaxon,9606,HeLa,EFO,EFO_0001185,DMSO,679,IAZDPXIOMUYVGZ-UHFFFAOYSA-N,CS(=O)C,,,,,Neutral Control,,Pass,Hoechst:DNA; Alexa Fluor 488 phalloidin:actin; mScarlet:fascin; iRFP:nuclear actin chromobody (nAC),-9.465353966,5.313671589,,,,,,,,,,,
1093688960,E23,Homo sapiens,NCBITaxon,9606,HeLa,EFO,EFO_0001185,,,,,SN1059875955,3.125,2931,GSK3A,,,Pass,Hoechst:DNA; Alexa Fluor 488 phalloidin:actin; mScarlet:fascin; iRFP:nuclear actin chromobody (nAC),89.74317169,76.26270294,Yes,Yes,compound response across 12 wells,active,active,Nuclear fascin,regulation of protein localization to nucleus,GO_1900180,Nuclear actin,actin filament phenotype,CMPO_0000104
1093688960,E24,Homo sapiens,NCBITaxon,9606,HeLa,EFO,EFO_0001185,,,,,SN1059875955,1.25,2931,GSK3A,,,Pass,Hoechst:DNA; Alexa Fluor 488 phalloidin:actin; mScarlet:fascin; iRFP:nuclear actin chromobody (nAC),115.4630814,48.28613663,Yes,Yes,compound response across 12 wells,active,active,Nuclear fascin,regulation of protein localization to nucleus,GO_1900180,Nuclear actin,actin filament phenotype,CMPO_0000104
1093688960,F1,Homo sapiens,NCBITaxon,9606,HeLa,EFO,EFO_0001185,,,,,SN1059875955,0.3,2931,GSK3A,,,Pass,Hoechst:DNA; Alexa Fluor 488 phalloidin:actin; mScarlet:fascin; iRFP:nuclear actin chromobody (nAC),152.5729523,-152.108612,Yes,Yes,compound response across 12 wells,active,active,Nuclear fascin,regulation of protein localization to nucleus,GO_1900180,Nuclear actin,actin filament phenotype,CMPO_0000104
1093688960,F2,Homo sapiens,NCBITaxon,9606,HeLa,EFO,EFO_0001185,,,,,SN1059875955,0.1,2931,GSK3A,,,Pass,Hoechst:DNA; Alexa Fluor 488 phalloidin:actin; mScarlet:fascin; iRFP:nuclear actin chromobody (nAC),61.13913727,-84.7486725,Yes,Yes,compound response across 12 wells,active,active,Nuclear fascin,regulation of protein localization to nucleus,GO_1900180,Nuclear actin,actin filament phenotype,CMPO_0000104
1093688960,F3,Homo sapiens,NCBITaxon,9606,HeLa,EFO,EFO_0001185,,,,,SN1059875955,0.03,2931,GSK3A,,,Pass,Hoechst:DNA; Alexa Fluor 488 phalloidin:actin; mScarlet:fascin; iRFP:nuclear actin chromobody (nAC),50.75542831,-116.609421,Yes,Yes,compound response across 12 wells,active,active,Nuclear fascin,regulation of protein localization to nucleus,GO_1900180,Nuclear actin,actin filament phenotype,CMPO_0000104
1093688960,F4,Homo sapiens,NCBITaxon,9606,HeLa,EFO,EFO_0001185,,,,,SN1059875955,0.0125,2931,GSK3A,,,Pass,Hoechst:DNA; Alexa Fluor 488 phalloidin:actin; mScarlet:fascin; iRFP:nuclear actin chromobody (nAC),45.2993927,-84.219223,Yes,Yes,compound response across 12 wells,active,active,Nuclear fascin,regulation of protein localization to nucleus,GO_1900180,Nuclear actin,actin filament phenotype,CMPO_0000104
1093688960,F5,Homo sapiens,NCBITaxon,9606,HeLa,EFO,EFO_0001185,,,,,SN1059875955,0.003,2931,GSK3A,,,Pass,Hoechst:DNA; Alexa Fluor 488 phalloidin:actin; mScarlet:fascin; iRFP:nuclear actin chromobody (nAC),42.61425781,-90.8457642,Yes,Yes,compound response across 12 wells,active,active,Nuclear fascin,regulation of protein localization to nucleus,GO_1900180,Nuclear actin,actin filament phenotype,CMPO_0000104
1093688960,F6,Homo sapiens,NCBITaxon,9606,HeLa,EFO,EFO_0001185,,,,,SN1059875955,0.001,2931,GSK3A,,,Pass,Hoechst:DNA; Alexa Fluor 488 phalloidin:actin; mScarlet:fascin; iRFP:nuclear actin chromobody (nAC),25.01011658,-38.3854485,Yes,Yes,compound response across 12 wells,active,active,Nuclear fascin,regulation of protein localization to nucleus,GO_1900180,Nuclear actin,actin filament phenotype,CMPO_0000104
1093688960,F7,Homo sapiens,NCBITaxon,9606,HeLa,EFO,EFO_0001185,,,,,SN1059875955,0.0003,2931,GSK3A,,,Pass,Hoechst:DNA; Alexa Fluor 488 phalloidin:actin; mScarlet:fascin; iRFP:nuclear actin chromobody (nAC),11.17621136,-35.3600693,Yes,Yes,compound response across 12 wells,active,active,Nuclear fascin,regulation of protein localization to nucleus,GO_1900180,Nuclear actin,actin filament phenotype,CMPO_0000104
1093688960,F8,Homo sapiens,NCBITaxon,9606,HeLa,EFO,EFO_0001185,,,,,SN1059875955,0.00003,2931,GSK3A,,,Pass,Hoechst:DNA; Alexa Fluor 488 phalloidin:actin; mScarlet:fascin; iRFP:nuclear actin chromobody (nAC),5.252307892,2.813337564,Yes,Yes,compound response across 12 wells,active,active,Nuclear fascin,regulation of protein localization to nucleus,GO_1900180,Nuclear actin,actin filament phenotype,CMPO_0000104
1093688960,F9,Homo sapiens,NCBITaxon,9606,HeLa,EFO,EFO_0001185,,,,,SN1053219913,30,2932,GSK3B,,,Fail,Hoechst:DNA; Alexa Fluor 488 phalloidin:actin; mScarlet:fascin; iRFP:nuclear actin chromobody (nAC),51.62609482,-47.4531784,Yes,Yes,compound response across 12 wells,active,active,Nuclear fascin,regulation of protein localization to nucleus,GO_1900180,Nuclear actin,actin filament phenotype,CMPO_0000104
1093688960,F10,Homo sapiens,NCBITaxon,9606,HeLa,EFO,EFO_0001185,,,,,SN1053219913,10,2932,GSK3B,,,Pass,Hoechst:DNA; Alexa Fluor 488 phalloidin:actin; mScarlet:fascin; iRFP:nuclear actin chromobody (nAC),63.55623627,-148.119278,Yes,Yes,compound response across 12 wells,active,active,Nuclear fascin,regulation of protein localization to nucleus,GO_1900180,Nuclear actin,actin filament phenotype,CMPO_0000104
1093688960,F11,Homo sapiens,NCBITaxon,9606,HeLa,EFO,EFO_0001185,,,,,SN1053219913,3.125,2932,GSK3B,,,Pass,Hoechst:DNA; Alexa Fluor 488 phalloidin:actin; mScarlet:fascin; iRFP:nuclear actin chromobody (nAC),62.828125,44.42840576,Yes,Yes,compound response across 12 wells,active,active,Nuclear fascin,regulation of protein localization to nucleus,GO_1900180,Nuclear actin,actin filament phenotype,CMPO_0000104
1093688960,F12,Homo sapiens,NCBITaxon,9606,HeLa,EFO,EFO_0001185,,,,,SN1053219913,1.25,2932,GSK3B,,,Pass,Hoechst:DNA; Alexa Fluor 488 phalloidin:actin; mScarlet:fascin; iRFP:nuclear actin chromobody (nAC),27.62049675,-101.939453,Yes,Yes,compound response across 12 wells,active,active,Nuclear fascin,regulation of protein localization to nucleus,GO_1900180,Nuclear actin,actin filament phenotype,CMPO_0000104
1093688960,F13,Homo sapiens,NCBITaxon,9606,HeLa,EFO,EFO_0001185,,,,,SN1053219913,0.3,2932,GSK3B,,,Pass,Hoechst:DNA; Alexa Fluor 488 phalloidin:actin; mScarlet:fascin; iRFP:nuclear actin chromobody (nAC),26.44526291,-55.448494,Yes,Yes,compound response across 12 wells,active,active,Nuclear fascin,regulation of protein localization to nucleus,GO_1900180,Nuclear actin,actin filament phenotype,CMPO_0000104
1093688960,F14,Homo sapiens,NCBITaxon,9606,HeLa,EFO,EFO_0001185,,,,,SN1053219913,0.1,2932,GSK3B,,,Pass,Hoechst:DNA; Alexa Fluor 488 phalloidin:actin; mScarlet:fascin; iRFP:nuclear actin chromobody (nAC),21.60616302,-50.7951889,Yes,Yes,compound response across 12 wells,active,active,Nuclear fascin,regulation of protein localization to nucleus,GO_1900180,Nuclear actin,actin filament phenotype,CMPO_0000104
1093688960,F15,Homo sapiens,NCBITaxon,9606,HeLa,EFO,EFO_0001185,,,,,SN1053219913,0.03,2932,GSK3B,,,Pass,Hoechst:DNA; Alexa Fluor 488 phalloidin:actin; mScarlet:fascin; iRFP:nuclear actin chromobody (nAC),5.728225231,-4.03541231,Yes,Yes,compound response across 12 wells,active,active,Nuclear fascin,regulation of protein localization to nucleus,GO_1900180,Nuclear actin,actin filament phenotype,CMPO_0000104
1093688960,F16,Homo sapiens,NCBITaxon,9606,HeLa,EFO,EFO_0001185,,,,,SN1053219913,0.0125,2932,GSK3B,,,Pass,Hoechst:DNA; Alexa Fluor 488 phalloidin:actin; mScarlet:fascin; iRFP:nuclear actin chromobody (nAC),5.068303585,-5.51337719,Yes,Yes,compound response across 12 wells,active,active,Nuclear fascin,regulation of protein localization to nucleus,GO_1900180,Nuclear actin,actin filament phenotype,CMPO_0000104
1093688960,F17,Homo sapiens,NCBITaxon,9606,HeLa,EFO,EFO_0001185,,,,,SN1053219913,0.003,2932,GSK3B,,,Pass,Hoechst:DNA; Alexa Fluor 488 phalloidin:actin; mScarlet:fascin; iRFP:nuclear actin chromobody (nAC),4.217295647,12.89740849,Yes,Yes,compound response across 12 wells,active,active,Nuclear fascin,regulation of protein localization to nucleus,GO_1900180,Nuclear actin,actin filament phenotype,CMPO_0000104
1093688960,F18,Homo sapiens,NCBITaxon,9606,HeLa,EFO,EFO_0001185,,,,,SN1053219913,0.001,2932,GSK3B,,,Pass,Hoechst:DNA; Alexa Fluor 488 phalloidin:actin; mScarlet:fascin; iRFP:nuclear actin chromobody (nAC),0.343120754,-3.19242883,Yes,Yes,compound response across 12 wells,active,active,Nuclear fascin,regulation of protein localization to nucleus,GO_1900180,Nuclear actin,actin filament phenotype,CMPO_0000104
1093688960,F19,Homo sapiens,NCBITaxon,9606,HeLa,EFO,EFO_0001185,,,,,SN1053219913,0.0003,2932,GSK3B,,,Pass,Hoechst:DNA; Alexa Fluor 488 phalloidin:actin; mScarlet:fascin; iRFP:nuclear actin chromobody (nAC),4.850399971,-10.5152969,Yes,Yes,compound response across 12 wells,active,active,Nuclear fascin,regulation of protein localization to nucleus,GO_1900180,Nuclear actin,actin filament phenotype,CMPO_0000104
1093688960,F20,Homo sapiens,NCBITaxon,9606,HeLa,EFO,EFO_0001185,,,,,SN1053219913,0.00003,2932,GSK3B,,,Pass,Hoechst:DNA; Alexa Fluor 488 phalloidin:actin; mScarlet:fascin; iRFP:nuclear actin chromobody (nAC),7.868834972,-49.2535629,Yes,Yes,compound response across 12 wells,active,active,Nuclear fascin,regulation of protein localization to nucleus,GO_1900180,Nuclear actin,actin filament phenotype,CMPO_0000104
1093688960,F21,Homo sapiens,NCBITaxon,9606,HeLa,EFO,EFO_0001185,,,,,SN1066059773,30,4914,NTRK1,,,Fail,Hoechst:DNA; Alexa Fluor 488 phalloidin:actin; mScarlet:fascin; iRFP:nuclear actin chromobody (nAC),104.8430405,-68.6218948,,Yes,compound response across 12 wells,inactive,active,,,,Nuclear actin,actin filament phenotype,CMPO_0000104
1093688960,F22,Homo sapiens,NCBITaxon,9606,HeLa,EFO,EFO_0001185,,,,,SN1066059773,10,4914,NTRK1,,,Pass,Hoechst:DNA; Alexa Fluor 488 phalloidin:actin; mScarlet:fascin; iRFP:nuclear actin chromobody (nAC),137.3339996,,,Yes,compound response across 12 wells,inactive,active,,,,Nuclear actin,actin filament phenotype,CMPO_0000104
1093688960,F23,Homo sapiens,NCBITaxon,9606,HeLa,EFO,EFO_0001185,,,,,SN1066059773,3.125,4914,NTRK1,,,Pass,Hoechst:DNA; Alexa Fluor 488 phalloidin:actin; mScarlet:fascin; iRFP:nuclear actin chromobody (nAC),144.0605621,,,Yes,compound response across 12 wells,inactive,active,,,,Nuclear actin,actin filament phenotype,CMPO_0000104
1093688960,F24,Homo sapiens,NCBITaxon,9606,HeLa,EFO,EFO_0001185,,,,,SN1066059773,1.25,4914,NTRK1,,,Pass,Hoechst:DNA; Alexa Fluor 488 phalloidin:actin; mScarlet:fascin; iRFP:nuclear actin chromobody (nAC),84.19748688,-73.9598312,,Yes,compound response across 12 wells,inactive,active,,,,Nuclear actin,actin filament phenotype,CMPO_0000104
1093688960,G1,Homo sapiens,NCBITaxon,9606,HeLa,EFO,EFO_0001185,,,,,SN1066059773,0.3,4914,NTRK1,,,Pass,Hoechst:DNA; Alexa Fluor 488 phalloidin:actin; mScarlet:fascin; iRFP:nuclear actin chromobody (nAC),32.50745773,-49.6548004,,Yes,compound response across 12 wells,inactive,active,,,,Nuclear actin,actin filament phenotype,CMPO_0000104
1093688960,G2,Homo sapiens,NCBITaxon,9606,HeLa,EFO,EFO_0001185,,,,,SN1066059773,0.1,4914,NTRK1,,,Pass,Hoechst:DNA; Alexa Fluor 488 phalloidin:actin; mScarlet:fascin; iRFP:nuclear actin chromobody (nAC),10.38433266,-2.59355187,,Yes,compound response across 12 wells,inactive,active,,,,Nuclear actin,actin filament phenotype,CMPO_0000104
1093688960,G3,Homo sapiens,NCBITaxon,9606,HeLa,EFO,EFO_0001185,,,,,SN1066059773,0.03,4914,NTRK1,,,Pass,Hoechst:DNA; Alexa Fluor 488 phalloidin:actin; mScarlet:fascin; iRFP:nuclear actin chromobody (nAC),5.982207775,25.48050117,,Yes,compound response across 12 wells,inactive,active,,,,Nuclear actin,actin filament phenotype,CMPO_0000104
1093688960,G4,Homo sapiens,NCBITaxon,9606,HeLa,EFO,EFO_0001185,,,,,SN1066059773,0.0125,4914,NTRK1,,,Pass,Hoechst:DNA; Alexa Fluor 488 phalloidin:actin; mScarlet:fascin; iRFP:nuclear actin chromobody (nAC),7.18808794,-19.6301823,,Yes,compound response across 12 wells,inactive,active,,,,Nuclear actin,actin filament phenotype,CMPO_0000104
1093688960,G5,Homo sapiens,NCBITaxon,9606,HeLa,EFO,EFO_0001185,,,,,SN1066059773,0.003,4914,NTRK1,,,Pass,Hoechst:DNA; Alexa Fluor 488 phalloidin:actin; mScarlet:fascin; iRFP:nuclear actin chromobody (nAC),14.53188324,-4.06593132,,Yes,compound response across 12 wells,inactive,active,,,,Nuclear actin,actin filament phenotype,CMPO_0000104
1093688960,G6,Homo sapiens,NCBITaxon,9606,HeLa,EFO,EFO_0001185,,,,,SN1066059773,0.001,4914,NTRK1,,,Pass,Hoechst:DNA; Alexa Fluor 488 phalloidin:actin; mScarlet:fascin; iRFP:nuclear actin chromobody (nAC),15.61744976,-13.1666889,,Yes,compound response across 12 wells,inactive,active,,,,Nuclear actin,actin filament phenotype,CMPO_0000104
1093688960,G7,Homo sapiens,NCBITaxon,9606,HeLa,EFO,EFO_0001185,,,,,SN1066059773,0.0003,4914,NTRK1,,,Pass,Hoechst:DNA; Alexa Fluor 488 phalloidin:actin; mScarlet:fascin; iRFP:nuclear actin chromobody (nAC),27.39350319,-8.41891098,,Yes,compound response across 12 wells,inactive,active,,,,Nuclear actin,actin filament phenotype,CMPO_0000104
1093688960,G8,Homo sapiens,NCBITaxon,9606,HeLa,EFO,EFO_0001185,,,,,SN1066059773,0.00003,4914,NTRK1,,,Pass,Hoechst:DNA; Alexa Fluor 488 phalloidin:actin; mScarlet:fascin; iRFP:nuclear actin chromobody (nAC),14.09825516,-2.92519236,,Yes,compound response across 12 wells,inactive,active,,,,Nuclear actin,actin filament phenotype,CMPO_0000104
1093688960,G9,Homo sapiens,NCBITaxon,9606,HeLa,EFO,EFO_0001185,,,,,SN1087491827,30,2475,MTOR,,,Pass,Hoechst:DNA; Alexa Fluor 488 phalloidin:actin; mScarlet:fascin; iRFP:nuclear actin chromobody (nAC),-3.298146009,26.96647835,,,compound response across 12 wells,inactive,inactive,,,,,,
1093688960,G10,Homo sapiens,NCBITaxon,9606,HeLa,EFO,EFO_0001185,,,,,SN1087491827,10,2475,MTOR,,,Pass,Hoechst:DNA; Alexa Fluor 488 phalloidin:actin; mScarlet:fascin; iRFP:nuclear actin chromobody (nAC),-5.720023155,-21.3038025,,,compound response across 12 wells,inactive,inactive,,,,,,
1093688960,G11,Homo sapiens,NCBITaxon,9606,HeLa,EFO,EFO_0001185,,,,,SN1087491827,3.125,2475,MTOR,,,Pass,Hoechst:DNA; Alexa Fluor 488 phalloidin:actin; mScarlet:fascin; iRFP:nuclear actin chromobody (nAC),13.47217083,14.06094933,,,compound response across 12 wells,inactive,inactive,,,,,,
1093688960,G12,Homo sapiens,NCBITaxon,9606,HeLa,EFO,EFO_0001185,,,,,SN1087491827,1.25,2475,MTOR,,,Pass,Hoechst:DNA; Alexa Fluor 488 phalloidin:actin; mScarlet:fascin; iRFP:nuclear actin chromobody (nAC),-1.431986332,41.91170883,,,compound response across 12 wells,inactive,inactive,,,,,,
1093688960,G13,Homo sapiens,NCBITaxon,9606,HeLa,EFO,EFO_0001185,DMSO,679,IAZDPXIOMUYVGZ-UHFFFAOYSA-N,CS(=O)C,,,,,Neutral Control,,Pass,Hoechst:DNA; Alexa Fluor 488 phalloidin:actin; mScarlet:fascin; iRFP:nuclear actin chromobody (nAC),-0.740546286,10.85758972,,,,,,,,,,,
1093688960,G14,Homo sapiens,NCBITaxon,9606,HeLa,EFO,EFO_0001185,,,,,,,,,Stimulator Control,Leptomycin b blocks nuclear export of fascin,Pass,Hoechst:DNA; Alexa Fluor 488 phalloidin:actin; mScarlet:fascin; iRFP:nuclear actin chromobody (nAC),107.7004471,-4.21983671,,,,,,,,,,,
1093688960,G15,Homo sapiens,NCBITaxon,9606,HeLa,EFO,EFO_0001185,DMSO,679,IAZDPXIOMUYVGZ-UHFFFAOYSA-N,CS(=O)C,,,,,Neutral Control,,Pass,Hoechst:DNA; Alexa Fluor 488 phalloidin:actin; mScarlet:fascin; iRFP:nuclear actin chromobody (nAC),-8.946602821,12.05154991,,,,,,,,,,,
1093688960,G16,Homo sapiens,NCBITaxon,9606,HeLa,EFO,EFO_0001185,,,,,SN1087491827,0.3,2475,MTOR,,,Pass,Hoechst:DNA; Alexa Fluor 488 phalloidin:actin; mScarlet:fascin; iRFP:nuclear actin chromobody (nAC),9.126015663,29.00799179,,,compound response across 12 wells,inactive,inactive,,,,,,
1093688960,G17,Homo sapiens,NCBITaxon,9606,HeLa,EFO,EFO_0001185,,,,,SN1087491827,0.1,2475,MTOR,,,Pass,Hoechst:DNA; Alexa Fluor 488 phalloidin:actin; mScarlet:fascin; iRFP:nuclear actin chromobody (nAC),1.27481544,-1.03604341,,,compound response across 12 wells,inactive,inactive,,,,,,
1093688960,G18,Homo sapiens,NCBITaxon,9606,HeLa,EFO,EFO_0001185,,,,,SN1087491827,0.03,2475,MTOR,,,Pass,Hoechst:DNA; Alexa Fluor 488 phalloidin:actin; mScarlet:fascin; iRFP:nuclear actin chromobody (nAC),-1.029331088,24.4231987,,,compound response across 12 wells,inactive,inactive,,,,,,
1093688960,G19,Homo sapiens,NCBITaxon,9606,HeLa,EFO,EFO_0001185,,,,,SN1087491827,0.0125,2475,MTOR,,,Pass,Hoechst:DNA; Alexa Fluor 488 phalloidin:actin; mScarlet:fascin; iRFP:nuclear actin chromobody (nAC),3.172508955,-12.3896618,,,compound response across 12 wells,inactive,inactive,,,,,,
1093688960,G20,Homo sapiens,NCBITaxon,9606,HeLa,EFO,EFO_0001185,,,,,SN1087491827,0.003,2475,MTOR,,,Pass,Hoechst:DNA; Alexa Fluor 488 phalloidin:actin; mScarlet:fascin; iRFP:nuclear actin chromobody (nAC),7.497682571,-31.2700729,,,compound response across 12 wells,inactive,inactive,,,,,,
1093688960,G21,Homo sapiens,NCBITaxon,9606,HeLa,EFO,EFO_0001185,,,,,SN1087491827,0.001,2475,MTOR,,,Pass,Hoechst:DNA; Alexa Fluor 488 phalloidin:actin; mScarlet:fascin; iRFP:nuclear actin chromobody (nAC),10.17534733,-8.93147755,,,compound response across 12 wells,inactive,inactive,,,,,,
1093688960,G22,Homo sapiens,NCBITaxon,9606,HeLa,EFO,EFO_0001185,,,,,SN1087491827,0.0003,2475,MTOR,,,Pass,Hoechst:DNA; Alexa Fluor 488 phalloidin:actin; mScarlet:fascin; iRFP:nuclear actin chromobody (nAC),13.22747993,-32.620182,,,compound response across 12 wells,inactive,inactive,,,,,,
1093688960,G23,Homo sapiens,NCBITaxon,9606,HeLa,EFO,EFO_0001185,,,,,SN1087491827,0.00003,2475,MTOR,,,Pass,Hoechst:DNA; Alexa Fluor 488 phalloidin:actin; mScarlet:fascin; iRFP:nuclear actin chromobody (nAC),8.502903938,-47.1321335,,,compound response across 12 wells,inactive,inactive,,,,,,
1093688960,G24,Homo sapiens,NCBITaxon,9606,HeLa,EFO,EFO_0001185,,,,,SN1106932555,30,5294,PIK3CG,,,Pass,Hoechst:DNA; Alexa Fluor 488 phalloidin:actin; mScarlet:fascin; iRFP:nuclear actin chromobody (nAC),28.65230179,-57.8024635,,Yes,compound response across 12 wells,inactive,active,,,,Nuclear actin,actin filament phenotype,CMPO_0000104
1093688960,H1,Homo sapiens,NCBITaxon,9606,HeLa,EFO,EFO_0001185,,,,,SN1106932555,10,5294,PIK3CG,,,Pass,Hoechst:DNA; Alexa Fluor 488 phalloidin:actin; mScarlet:fascin; iRFP:nuclear actin chromobody (nAC),20.79114151,-60.204895,,Yes,compound response across 12 wells,inactive,active,,,,Nuclear actin,actin filament phenotype,CMPO_0000104
1093688960,H2,Homo sapiens,NCBITaxon,9606,HeLa,EFO,EFO_0001185,DMSO,679,IAZDPXIOMUYVGZ-UHFFFAOYSA-N,CS(=O)C,,,,,Neutral Control,,Pass,Hoechst:DNA; Alexa Fluor 488 phalloidin:actin; mScarlet:fascin; iRFP:nuclear actin chromobody (nAC),-7.305491447,-7.62415934,,,,,,,,,,,
1093688960,H3,Homo sapiens,NCBITaxon,9606,HeLa,EFO,EFO_0001185,,,,,,,,,Stimulator Control,Leptomycin b blocks nuclear export of fascin,Pass,Hoechst:DNA; Alexa Fluor 488 phalloidin:actin; mScarlet:fascin; iRFP:nuclear actin chromobody (nAC),98.32665253,-11.0810642,,,,,,,,,,,
1093688960,H4,Homo sapiens,NCBITaxon,9606,HeLa,EFO,EFO_0001185,DMSO,679,IAZDPXIOMUYVGZ-UHFFFAOYSA-N,CS(=O)C,,,,,Neutral Control,,Pass,Hoechst:DNA; Alexa Fluor 488 phalloidin:actin; mScarlet:fascin; iRFP:nuclear actin chromobody (nAC),1.815590501,-20.689415,,,,,,,,,,,
1093688960,H5,Homo sapiens,NCBITaxon,9606,HeLa,EFO,EFO_0001185,,,,,SN1106932555,3.125,5294,PIK3CG,,,Pass,Hoechst:DNA; Alexa Fluor 488 phalloidin:actin; mScarlet:fascin; iRFP:nuclear actin chromobody (nAC),25.87807465,-40.4617081,,Yes,compound response across 12 wells,inactive,active,,,,Nuclear actin,actin filament phenotype,CMPO_0000104
1093688960,H6,Homo sapiens,NCBITaxon,9606,HeLa,EFO,EFO_0001185,,,,,SN1106932555,1.25,5294,PIK3CG,,,Pass,Hoechst:DNA; Alexa Fluor 488 phalloidin:actin; mScarlet:fascin; iRFP:nuclear actin chromobody (nAC),18.62570572,-18.1969681,,Yes,compound response across 12 wells,inactive,active,,,,Nuclear actin,actin filament phenotype,CMPO_0000104
1093688960,H7,Homo sapiens,NCBITaxon,9606,HeLa,EFO,EFO_0001185,,,,,SN1106932555,0.3,5294,PIK3CG,,,Pass,Hoechst:DNA; Alexa Fluor 488 phalloidin:actin; mScarlet:fascin; iRFP:nuclear actin chromobody (nAC),12.8826313,-45.3553658,,Yes,compound response across 12 wells,inactive,active,,,,Nuclear actin,actin filament phenotype,CMPO_0000104
1093688960,H8,Homo sapiens,NCBITaxon,9606,HeLa,EFO,EFO_0001185,,,,,SN1106932555,0.1,5294,PIK3CG,,,Pass,Hoechst:DNA; Alexa Fluor 488 phalloidin:actin; mScarlet:fascin; iRFP:nuclear actin chromobody (nAC),17.73698425,-7.22930574,,Yes,compound response across 12 wells,inactive,active,,,,Nuclear actin,actin filament phenotype,CMPO_0000104
1093688960,H9,Homo sapiens,NCBITaxon,9606,HeLa,EFO,EFO_0001185,,,,,SN1106932555,0.03,5294,PIK3CG,,,Pass,Hoechst:DNA; Alexa Fluor 488 phalloidin:actin; mScarlet:fascin; iRFP:nuclear actin chromobody (nAC),7.326472282,-3.24257922,,Yes,compound response across 12 wells,inactive,active,,,,Nuclear actin,actin filament phenotype,CMPO_0000104
1093688960,H10,Homo sapiens,NCBITaxon,9606,HeLa,EFO,EFO_0001185,,,,,SN1106932555,0.0125,5294,PIK3CG,,,Pass,Hoechst:DNA; Alexa Fluor 488 phalloidin:actin; mScarlet:fascin; iRFP:nuclear actin chromobody (nAC),8.677258492,-8.37796974,,Yes,compound response across 12 wells,inactive,active,,,,Nuclear actin,actin filament phenotype,CMPO_0000104
1093688960,H11,Homo sapiens,NCBITaxon,9606,HeLa,EFO,EFO_0001185,,,,,SN1106932555,0.003,5294,PIK3CG,,,Pass,Hoechst:DNA; Alexa Fluor 488 phalloidin:actin; mScarlet:fascin; iRFP:nuclear actin chromobody (nAC),3.794935703,-8.30912685,,Yes,compound response across 12 wells,inactive,active,,,,Nuclear actin,actin filament phenotype,CMPO_0000104
1093688960,H12,Homo sapiens,NCBITaxon,9606,HeLa,EFO,EFO_0001185,,,,,SN1106932555,0.001,5294,PIK3CG,,,Pass,Hoechst:DNA; Alexa Fluor 488 phalloidin:actin; mScarlet:fascin; iRFP:nuclear actin chromobody (nAC),-2.286402941,-13.7351341,,Yes,compound response across 12 wells,inactive,active,,,,Nuclear actin,actin filament phenotype,CMPO_0000104
1093688960,H13,Homo sapiens,NCBITaxon,9606,HeLa,EFO,EFO_0001185,,,,,SN1106932555,0.0003,5294,PIK3CG,,,Pass,Hoechst:DNA; Alexa Fluor 488 phalloidin:actin; mScarlet:fascin; iRFP:nuclear actin chromobody (nAC),2.58735919,-18.9188213,,Yes,compound response across 12 wells,inactive,active,,,,Nuclear actin,actin filament phenotype,CMPO_0000104
1093688960,H14,Homo sapiens,NCBITaxon,9606,HeLa,EFO,EFO_0001185,,,,,SN1106932555,0.00003,5294,PIK3CG,,,Pass,Hoechst:DNA; Alexa Fluor 488 phalloidin:actin; mScarlet:fascin; iRFP:nuclear actin chromobody (nAC),-9.124070168,-40.7127228,,Yes,compound response across 12 wells,inactive,active,,,,Nuclear actin,actin filament phenotype,CMPO_0000104
1093688960,H15,Homo sapiens,NCBITaxon,9606,HeLa,EFO,EFO_0001185,,,,,SN1062996041,30,3718,JAK3,,,Pass,Hoechst:DNA; Alexa Fluor 488 phalloidin:actin; mScarlet:fascin; iRFP:nuclear actin chromobody (nAC),90.79016876,,Yes,Yes,compound response across 12 wells,active,inactive,Nuclear fascin,regulation of protein localization to nucleus,GO_1900180,,,
1093688960,H16,Homo sapiens,NCBITaxon,9606,HeLa,EFO,EFO_0001185,,,,,SN1062996041,10,3718,JAK3,,,Pass,Hoechst:DNA; Alexa Fluor 488 phalloidin:actin; mScarlet:fascin; iRFP:nuclear actin chromobody (nAC),87.21362305,,Yes,Yes,compound response across 12 wells,active,inactive,Nuclear fascin,regulation of protein localization to nucleus,GO_1900180,,,
1093688960,H17,Homo sapiens,NCBITaxon,9606,HeLa,EFO,EFO_0001185,,,,,SN1062996041,3.125,3718,JAK3,,,Pass,Hoechst:DNA; Alexa Fluor 488 phalloidin:actin; mScarlet:fascin; iRFP:nuclear actin chromobody (nAC),74.83590698,,Yes,Yes,compound response across 12 wells,active,inactive,Nuclear fascin,regulation of protein localization to nucleus,GO_1900180,,,
1093688960,H18,Homo sapiens,NCBITaxon,9606,HeLa,EFO,EFO_0001185,,,,,SN1062996041,1.25,3718,JAK3,,,Pass,Hoechst:DNA; Alexa Fluor 488 phalloidin:actin; mScarlet:fascin; iRFP:nuclear actin chromobody (nAC),-25.4142971,-130.617935,Yes,Yes,compound response across 12 wells,active,inactive,Nuclear fascin,regulation of protein localization to nucleus,GO_1900180,,,
1093688960,H19,Homo sapiens,NCBITaxon,9606,HeLa,EFO,EFO_0001185,,,,,SN1062996041,0.3,3718,JAK3,,,Pass,Hoechst:DNA; Alexa Fluor 488 phalloidin:actin; mScarlet:fascin; iRFP:nuclear actin chromobody (nAC),7.407019138,-39.0614624,Yes,Yes,compound response across 12 wells,active,inactive,Nuclear fascin,regulation of protein localization to nucleus,GO_1900180,,,
1093688960,H20,Homo sapiens,NCBITaxon,9606,HeLa,EFO,EFO_0001185,,,,,SN1062996041,0.1,3718,JAK3,,,Pass,Hoechst:DNA; Alexa Fluor 488 phalloidin:actin; mScarlet:fascin; iRFP:nuclear actin chromobody (nAC),8.145043373,-23.5655174,Yes,Yes,compound response across 12 wells,active,inactive,Nuclear fascin,regulation of protein localization to nucleus,GO_1900180,,,
1093688960,H21,Homo sapiens,NCBITaxon,9606,HeLa,EFO,EFO_0001185,,,,,SN1062996041,0.03,3718,JAK3,,,Pass,Hoechst:DNA; Alexa Fluor 488 phalloidin:actin; mScarlet:fascin; iRFP:nuclear actin chromobody (nAC),16.44395828,-25.6234989,Yes,Yes,compound response across 12 wells,active,inactive,Nuclear fascin,regulation of protein localization to nucleus,GO_1900180,,,
1093688960,H22,Homo sapiens,NCBITaxon,9606,HeLa,EFO,EFO_0001185,,,,,SN1062996041,0.0125,3718,JAK3,,,Pass,Hoechst:DNA; Alexa Fluor 488 phalloidin:actin; mScarlet:fascin; iRFP:nuclear actin chromobody (nAC),-0.467170298,-45.187294,Yes,Yes,compound response across 12 wells,active,inactive,Nuclear fascin,regulation of protein localization to nucleus,GO_1900180,,,
1093688960,H23,Homo sapiens,NCBITaxon,9606,HeLa,EFO,EFO_0001185,,,,,SN1062996041,0.003,3718,JAK3,,,Pass,Hoechst:DNA; Alexa Fluor 488 phalloidin:actin; mScarlet:fascin; iRFP:nuclear actin chromobody (nAC),0.338902742,-30.5742683,Yes,Yes,compound response across 12 wells,active,inactive,Nuclear fascin,regulation of protein localization to nucleus,GO_1900180,,,
1093688960,H24,Homo sapiens,NCBITaxon,9606,HeLa,EFO,EFO_0001185,,,,,SN1062996041,0.001,3718,JAK3,,,Pass,Hoechst:DNA; Alexa Fluor 488 phalloidin:actin; mScarlet:fascin; iRFP:nuclear actin chromobody (nAC),5.786810398,-40.9116707,Yes,Yes,compound response across 12 wells,active,inactive,Nuclear fascin,regulation of protein localization to nucleus,GO_1900180,,,
1093688960,I1,Homo sapiens,NCBITaxon,9606,HeLa,EFO,EFO_0001185,,,,,SN1062996041,0.0003,3718,JAK3,,,Pass,Hoechst:DNA; Alexa Fluor 488 phalloidin:actin; mScarlet:fascin; iRFP:nuclear actin chromobody (nAC),5.667788029,-41.8292618,Yes,Yes,compound response across 12 wells,active,inactive,Nuclear fascin,regulation of protein localization to nucleus,GO_1900180,,,
1093688960,I2,Homo sapiens,NCBITaxon,9606,HeLa,EFO,EFO_0001185,,,,,SN1062996041,0.00003,3718,JAK3,,,Pass,Hoechst:DNA; Alexa Fluor 488 phalloidin:actin; mScarlet:fascin; iRFP:nuclear actin chromobody (nAC),14.13831806,1.287779927,Yes,Yes,compound response across 12 wells,active,inactive,Nuclear fascin,regulation of protein localization to nucleus,GO_1900180,,,
1093688960,I3,Homo sapiens,NCBITaxon,9606,HeLa,EFO,EFO_0001185,,,,,SN1059632852,30,2932,GSK3B,,,Pass,Hoechst:DNA; Alexa Fluor 488 phalloidin:actin; mScarlet:fascin; iRFP:nuclear actin chromobody (nAC),93.80854034,-265.53421,Yes,Yes,compound response across 12 wells,active,inactive,Nuclear fascin,regulation of protein localization to nucleus,GO_1900180,,,
1093688960,I4,Homo sapiens,NCBITaxon,9606,HeLa,EFO,EFO_0001185,,,,,SN1059632852,10,2932,GSK3B,,,Pass,Hoechst:DNA; Alexa Fluor 488 phalloidin:actin; mScarlet:fascin; iRFP:nuclear actin chromobody (nAC),88.25417328,-101.364647,Yes,Yes,compound response across 12 wells,active,inactive,Nuclear fascin,regulation of protein localization to nucleus,GO_1900180,,,
1093688960,I5,Homo sapiens,NCBITaxon,9606,HeLa,EFO,EFO_0001185,,,,,SN1059632852,3.125,2932,GSK3B,,,Pass,Hoechst:DNA; Alexa Fluor 488 phalloidin:actin; mScarlet:fascin; iRFP:nuclear actin chromobody (nAC),67.16814423,-57.6201973,Yes,Yes,compound response across 12 wells,active,inactive,Nuclear fascin,regulation of protein localization to nucleus,GO_1900180,,,
1093688960,I6,Homo sapiens,NCBITaxon,9606,HeLa,EFO,EFO_0001185,,,,,SN1059632852,1.25,2932,GSK3B,,,Pass,Hoechst:DNA; Alexa Fluor 488 phalloidin:actin; mScarlet:fascin; iRFP:nuclear actin chromobody (nAC),59.08676147,-94.5909119,Yes,Yes,compound response across 12 wells,active,inactive,Nuclear fascin,regulation of protein localization to nucleus,GO_1900180,,,
1093688960,I7,Homo sapiens,NCBITaxon,9606,HeLa,EFO,EFO_0001185,,,,,SN1059632852,0.3,2932,GSK3B,,,Pass,Hoechst:DNA; Alexa Fluor 488 phalloidin:actin; mScarlet:fascin; iRFP:nuclear actin chromobody (nAC),67.66479492,-83.6455307,Yes,Yes,compound response across 12 wells,active,inactive,Nuclear fascin,regulation of protein localization to nucleus,GO_1900180,,,
1093688960,I8,Homo sapiens,NCBITaxon,9606,HeLa,EFO,EFO_0001185,,,,,SN1059632852,0.1,2932,GSK3B,,,Pass,Hoechst:DNA; Alexa Fluor 488 phalloidin:actin; mScarlet:fascin; iRFP:nuclear actin chromobody (nAC),50.03488159,-32.634922,Yes,Yes,compound response across 12 wells,active,inactive,Nuclear fascin,regulation of protein localization to nucleus,GO_1900180,,,
1093688960,I9,Homo sapiens,NCBITaxon,9606,HeLa,EFO,EFO_0001185,,,,,SN1059632852,0.03,2932,GSK3B,,,Pass,Hoechst:DNA; Alexa Fluor 488 phalloidin:actin; mScarlet:fascin; iRFP:nuclear actin chromobody (nAC),45.65717697,-67.3118973,Yes,Yes,compound response across 12 wells,active,inactive,Nuclear fascin,regulation of protein localization to nucleus,GO_1900180,,,
1093688960,I10,Homo sapiens,NCBITaxon,9606,HeLa,EFO,EFO_0001185,,,,,SN1059632852,0.0125,2932,GSK3B,,,Pass,Hoechst:DNA; Alexa Fluor 488 phalloidin:actin; mScarlet:fascin; iRFP:nuclear actin chromobody (nAC),32.86151886,-66.1628418,Yes,Yes,compound response across 12 wells,active,inactive,Nuclear fascin,regulation of protein localization to nucleus,GO_1900180,,,
1093688960,I11,Homo sapiens,NCBITaxon,9606,HeLa,EFO,EFO_0001185,,,,,SN1059632852,0.003,2932,GSK3B,,,Pass,Hoechst:DNA; Alexa Fluor 488 phalloidin:actin; mScarlet:fascin; iRFP:nuclear actin chromobody (nAC),29.39723778,-40.7550049,Yes,Yes,compound response across 12 wells,active,inactive,Nuclear fascin,regulation of protein localization to nucleus,GO_1900180,,,
1093688960,I12,Homo sapiens,NCBITaxon,9606,HeLa,EFO,EFO_0001185,,,,,SN1059632852,0.001,2932,GSK3B,,,Pass,Hoechst:DNA; Alexa Fluor 488 phalloidin:actin; mScarlet:fascin; iRFP:nuclear actin chromobody (nAC),19.61774445,-16.6458931,Yes,Yes,compound response across 12 wells,active,inactive,Nuclear fascin,regulation of protein localization to nucleus,GO_1900180,,,
1093688960,I13,Homo sapiens,NCBITaxon,9606,HeLa,EFO,EFO_0001185,,,,,SN1059632852,0.0003,2932,GSK3B,,,Pass,Hoechst:DNA; Alexa Fluor 488 phalloidin:actin; mScarlet:fascin; iRFP:nuclear actin chromobody (nAC),11.46536922,-29.0348816,Yes,Yes,compound response across 12 wells,active,inactive,Nuclear fascin,regulation of protein localization to nucleus,GO_1900180,,,
1093688960,I14,Homo sapiens,NCBITaxon,9606,HeLa,EFO,EFO_0001185,,,,,SN1059632852,0.00003,2932,GSK3B,,,Pass,Hoechst:DNA; Alexa Fluor 488 phalloidin:actin; mScarlet:fascin; iRFP:nuclear actin chromobody (nAC),10.39474583,-22.5203629,Yes,Yes,compound response across 12 wells,active,inactive,Nuclear fascin,regulation of protein localization to nucleus,GO_1900180,,,
1093688960,I15,Homo sapiens,NCBITaxon,9606,HeLa,EFO,EFO_0001185,,,,,SN1151682050,30,6790,AURKA,,,Pass,Hoechst:DNA; Alexa Fluor 488 phalloidin:actin; mScarlet:fascin; iRFP:nuclear actin chromobody (nAC),-7.157067776,-59.516468,,,compound response across 12 wells,inactive,inactive,,,,,,
1093688960,I16,Homo sapiens,NCBITaxon,9606,HeLa,EFO,EFO_0001185,,,,,SN1151682050,10,6790,AURKA,,,Pass,Hoechst:DNA; Alexa Fluor 488 phalloidin:actin; mScarlet:fascin; iRFP:nuclear actin chromobody (nAC),21.49830055,12.37728786,,,compound response across 12 wells,inactive,inactive,,,,,,
1093688960,I17,Homo sapiens,NCBITaxon,9606,HeLa,EFO,EFO_0001185,DMSO,679,IAZDPXIOMUYVGZ-UHFFFAOYSA-N,CS(=O)C,,,,,Neutral Control,,Pass,Hoechst:DNA; Alexa Fluor 488 phalloidin:actin; mScarlet:fascin; iRFP:nuclear actin chromobody (nAC),-6.104436398,-19.4842834,,,,,,,,,,,
1093688960,I18,Homo sapiens,NCBITaxon,9606,HeLa,EFO,EFO_0001185,,,,,,,,,Stimulator Control,Leptomycin b blocks nuclear export of fascin,Pass,Hoechst:DNA; Alexa Fluor 488 phalloidin:actin; mScarlet:fascin; iRFP:nuclear actin chromobody (nAC),94.94631195,33.61302185,,,,,,,,,,,
1093688960,I19,Homo sapiens,NCBITaxon,9606,HeLa,EFO,EFO_0001185,DMSO,679,IAZDPXIOMUYVGZ-UHFFFAOYSA-N,CS(=O)C,,,,,Neutral Control,,Pass,Hoechst:DNA; Alexa Fluor 488 phalloidin:actin; mScarlet:fascin; iRFP:nuclear actin chromobody (nAC),-3.444094896,11.846838,,,,,,,,,,,
1093688960,I20,Homo sapiens,NCBITaxon,9606,HeLa,EFO,EFO_0001185,,,,,SN1151682050,3.125,6790,AURKA,,,Pass,Hoechst:DNA; Alexa Fluor 488 phalloidin:actin; mScarlet:fascin; iRFP:nuclear actin chromobody (nAC),3.547552586,-40.9191704,,,compound response across 12 wells,inactive,inactive,,,,,,
1093688960,I21,Homo sapiens,NCBITaxon,9606,HeLa,EFO,EFO_0001185,,,,,SN1151682050,1.25,6790,AURKA,,,Pass,Hoechst:DNA; Alexa Fluor 488 phalloidin:actin; mScarlet:fascin; iRFP:nuclear actin chromobody (nAC),17.12190437,26.6096859,,,compound response across 12 wells,inactive,inactive,,,,,,
1093688960,I22,Homo sapiens,NCBITaxon,9606,HeLa,EFO,EFO_0001185,,,,,SN1151682050,0.3,6790,AURKA,,,Pass,Hoechst:DNA; Alexa Fluor 488 phalloidin:actin; mScarlet:fascin; iRFP:nuclear actin chromobody (nAC),9.465245247,-14.3242064,,,compound response across 12 wells,inactive,inactive,,,,,,
1093688960,I23,Homo sapiens,NCBITaxon,9606,HeLa,EFO,EFO_0001185,,,,,SN1151682050,0.1,6790,AURKA,,,Pass,Hoechst:DNA; Alexa Fluor 488 phalloidin:actin; mScarlet:fascin; iRFP:nuclear actin chromobody (nAC),18.36890602,-30.004303,,,compound response across 12 wells,inactive,inactive,,,,,,
1093688960,I24,Homo sapiens,NCBITaxon,9606,HeLa,EFO,EFO_0001185,,,,,SN1151682050,0.03,6790,AURKA,,,Pass,Hoechst:DNA; Alexa Fluor 488 phalloidin:actin; mScarlet:fascin; iRFP:nuclear actin chromobody (nAC),18.27640533,-24.6886311,,,compound response across 12 wells,inactive,inactive,,,,,,
1093688960,J1,Homo sapiens,NCBITaxon,9606,HeLa,EFO,EFO_0001185,,,,,SN1151682050,0.0125,6790,AURKA,,,Pass,Hoechst:DNA; Alexa Fluor 488 phalloidin:actin; mScarlet:fascin; iRFP:nuclear actin chromobody (nAC),10.22134113,-3.81288314,,,compound response across 12 wells,inactive,inactive,,,,,,
1093688960,J2,Homo sapiens,NCBITaxon,9606,HeLa,EFO,EFO_0001185,,,,,SN1151682050,0.003,6790,AURKA,,,Pass,Hoechst:DNA; Alexa Fluor 488 phalloidin:actin; mScarlet:fascin; iRFP:nuclear actin chromobody (nAC),8.269576073,-41.2259598,,,compound response across 12 wells,inactive,inactive,,,,,,
1093688960,J3,Homo sapiens,NCBITaxon,9606,HeLa,EFO,EFO_0001185,,,,,SN1151682050,0.001,6790,AURKA,,,Pass,Hoechst:DNA; Alexa Fluor 488 phalloidin:actin; mScarlet:fascin; iRFP:nuclear actin chromobody (nAC),2.874774456,-33.6675034,,,compound response across 12 wells,inactive,inactive,,,,,,
1093688960,J4,Homo sapiens,NCBITaxon,9606,HeLa,EFO,EFO_0001185,,,,,SN1151682050,0.0003,6790,AURKA,,,Pass,Hoechst:DNA; Alexa Fluor 488 phalloidin:actin; mScarlet:fascin; iRFP:nuclear actin chromobody (nAC),17.28561211,-8.65919113,,,compound response across 12 wells,inactive,inactive,,,,,,
1093688960,J5,Homo sapiens,NCBITaxon,9606,HeLa,EFO,EFO_0001185,,,,,SN1151682050,0.00003,6790,AURKA,,,Pass,Hoechst:DNA; Alexa Fluor 488 phalloidin:actin; mScarlet:fascin; iRFP:nuclear actin chromobody (nAC),-0.316847771,-9.49137592,,,compound response across 12 wells,inactive,inactive,,,,,,
1093688960,J6,Homo sapiens,NCBITaxon,9606,HeLa,EFO,EFO_0001185,DMSO,679,IAZDPXIOMUYVGZ-UHFFFAOYSA-N,CS(=O)C,,,,,Neutral Control,,Pass,Hoechst:DNA; Alexa Fluor 488 phalloidin:actin; mScarlet:fascin; iRFP:nuclear actin chromobody (nAC),-0.68781352,12.04754925,,,,,,,,,,,
1093688960,J7,Homo sapiens,NCBITaxon,9606,HeLa,EFO,EFO_0001185,,,,,,,,,Stimulator Control,Leptomycin b blocks nuclear export of fascin,Pass,Hoechst:DNA; Alexa Fluor 488 phalloidin:actin; mScarlet:fascin; iRFP:nuclear actin chromobody (nAC),108.3261108,4.76905489,,,,,,,,,,,
1093688960,J8,Homo sapiens,NCBITaxon,9606,HeLa,EFO,EFO_0001185,DMSO,679,IAZDPXIOMUYVGZ-UHFFFAOYSA-N,CS(=O)C,,,,,Neutral Control,,Pass,Hoechst:DNA; Alexa Fluor 488 phalloidin:actin; mScarlet:fascin; iRFP:nuclear actin chromobody (nAC),-4.409191132,35.0200882,,,,,,,,,,,
1093688960,J9,Homo sapiens,NCBITaxon,9606,HeLa,EFO,EFO_0001185,,,,,SN1109632629,30,2932,GSK3B,,,Pass,Hoechst:DNA; Alexa Fluor 488 phalloidin:actin; mScarlet:fascin; iRFP:nuclear actin chromobody (nAC),72.55805969,25.3668766,,Yes,compound response across 12 wells,active,inactive,Nuclear fascin,regulation of protein localization to nucleus,GO_1900180,,,
1093688960,J10,Homo sapiens,NCBITaxon,9606,HeLa,EFO,EFO_0001185,,,,,SN1109632629,10,2932,GSK3B,,,Pass,Hoechst:DNA; Alexa Fluor 488 phalloidin:actin; mScarlet:fascin; iRFP:nuclear actin chromobody (nAC),100.7494354,-269.651093,,Yes,compound response across 12 wells,active,inactive,Nuclear fascin,regulation of protein localization to nucleus,GO_1900180,,,
1093688960,J11,Homo sapiens,NCBITaxon,9606,HeLa,EFO,EFO_0001185,,,,,SN1109632629,3.125,2932,GSK3B,,,Pass,Hoechst:DNA; Alexa Fluor 488 phalloidin:actin; mScarlet:fascin; iRFP:nuclear actin chromobody (nAC),47.64531708,4.544667721,,Yes,compound response across 12 wells,active,inactive,Nuclear fascin,regulation of protein localization to nucleus,GO_1900180,,,
1093688960,J12,Homo sapiens,NCBITaxon,9606,HeLa,EFO,EFO_0001185,,,,,SN1109632629,1.25,2932,GSK3B,,,Pass,Hoechst:DNA; Alexa Fluor 488 phalloidin:actin; mScarlet:fascin; iRFP:nuclear actin chromobody (nAC),38.97333527,-145.099945,,Yes,compound response across 12 wells,active,inactive,Nuclear fascin,regulation of protein localization to nucleus,GO_1900180,,,
1093688960,J13,Homo sapiens,NCBITaxon,9606,HeLa,EFO,EFO_0001185,,,,,SN1109632629,0.3,2932,GSK3B,,,Pass,Hoechst:DNA; Alexa Fluor 488 phalloidin:actin; mScarlet:fascin; iRFP:nuclear actin chromobody (nAC),28.79406548,-39.7302361,,Yes,compound response across 12 wells,active,inactive,Nuclear fascin,regulation of protein localization to nucleus,GO_1900180,,,
1093688960,J14,Homo sapiens,NCBITaxon,9606,HeLa,EFO,EFO_0001185,,,,,SN1109632629,0.1,2932,GSK3B,,,Pass,Hoechst:DNA; Alexa Fluor 488 phalloidin:actin; mScarlet:fascin; iRFP:nuclear actin chromobody (nAC),20.68257713,-6.07844496,,Yes,compound response across 12 wells,active,inactive,Nuclear fascin,regulation of protein localization to nucleus,GO_1900180,,,
1093688960,J15,Homo sapiens,NCBITaxon,9606,HeLa,EFO,EFO_0001185,,,,,SN1109632629,0.03,2932,GSK3B,,,Pass,Hoechst:DNA; Alexa Fluor 488 phalloidin:actin; mScarlet:fascin; iRFP:nuclear actin chromobody (nAC),14.92695904,-37.8977737,,Yes,compound response across 12 wells,active,inactive,Nuclear fascin,regulation of protein localization to nucleus,GO_1900180,,,
1093688960,J16,Homo sapiens,NCBITaxon,9606,HeLa,EFO,EFO_0001185,,,,,SN1109632629,0.0125,2932,GSK3B,,,Pass,Hoechst:DNA; Alexa Fluor 488 phalloidin:actin; mScarlet:fascin; iRFP:nuclear actin chromobody (nAC),13.2546711,1.808239222,,Yes,compound response across 12 wells,active,inactive,Nuclear fascin,regulation of protein localization to nucleus,GO_1900180,,,
1093688960,J17,Homo sapiens,NCBITaxon,9606,HeLa,EFO,EFO_0001185,,,,,SN1109632629,0.003,2932,GSK3B,,,Pass,Hoechst:DNA; Alexa Fluor 488 phalloidin:actin; mScarlet:fascin; iRFP:nuclear actin chromobody (nAC),10.68952274,-2.49262762,,Yes,compound response across 12 wells,active,inactive,Nuclear fascin,regulation of protein localization to nucleus,GO_1900180,,,
1093688960,J18,Homo sapiens,NCBITaxon,9606,HeLa,EFO,EFO_0001185,,,,,SN1109632629,0.001,2932,GSK3B,,,Pass,Hoechst:DNA; Alexa Fluor 488 phalloidin:actin; mScarlet:fascin; iRFP:nuclear actin chromobody (nAC),10.25562954,29.41291237,,Yes,compound response across 12 wells,active,inactive,Nuclear fascin,regulation of protein localization to nucleus,GO_1900180,,,
1093688960,J19,Homo sapiens,NCBITaxon,9606,HeLa,EFO,EFO_0001185,,,,,SN1109632629,0.0003,2932,GSK3B,,,Pass,Hoechst:DNA; Alexa Fluor 488 phalloidin:actin; mScarlet:fascin; iRFP:nuclear actin chromobody (nAC),1.555273175,-39.8031845,,Yes,compound response across 12 wells,active,inactive,Nuclear fascin,regulation of protein localization to nucleus,GO_1900180,,,
1093688960,J20,Homo sapiens,NCBITaxon,9606,HeLa,EFO,EFO_0001185,,,,,SN1109632629,0.00003,2932,GSK3B,,,Pass,Hoechst:DNA; Alexa Fluor 488 phalloidin:actin; mScarlet:fascin; iRFP:nuclear actin chromobody (nAC),0.180657864,0.510818303,,Yes,compound response across 12 wells,active,inactive,Nuclear fascin,regulation of protein localization to nucleus,GO_1900180,,,
1093688960,J21,Homo sapiens,NCBITaxon,9606,HeLa,EFO,EFO_0001185,,,,,SN1123530275,30,1769,DNAH8,,,Pass,Hoechst:DNA; Alexa Fluor 488 phalloidin:actin; mScarlet:fascin; iRFP:nuclear actin chromobody (nAC),25.31725311,-42.9634056,,,compound response across 12 wells,inactive,inactive,,,,,,
1093688960,J22,Homo sapiens,NCBITaxon,9606,HeLa,EFO,EFO_0001185,,,,,SN1123530275,10,1769,DNAH8,,,Pass,Hoechst:DNA; Alexa Fluor 488 phalloidin:actin; mScarlet:fascin; iRFP:nuclear actin chromobody (nAC),-5.363921165,25.53212738,,,compound response across 12 wells,inactive,inactive,,,,,,
1093688960,J23,Homo sapiens,NCBITaxon,9606,HeLa,EFO,EFO_0001185,,,,,SN1123530275,3.125,1769,DNAH8,,,Pass,Hoechst:DNA; Alexa Fluor 488 phalloidin:actin; mScarlet:fascin; iRFP:nuclear actin chromobody (nAC),-13.3531332,-182.868011,,,compound response across 12 wells,inactive,inactive,,,,,,
1093688960,J24,Homo sapiens,NCBITaxon,9606,HeLa,EFO,EFO_0001185,,,,,SN1123530275,1.25,1769,DNAH8,,,Pass,Hoechst:DNA; Alexa Fluor 488 phalloidin:actin; mScarlet:fascin; iRFP:nuclear actin chromobody (nAC),72.06491089,-62.9711494,,,compound response across 12 wells,inactive,inactive,,,,,,
1093688960,K1,Homo sapiens,NCBITaxon,9606,HeLa,EFO,EFO_0001185,,,,,SN1123530275,0.3,1769,DNAH8,,,Pass,Hoechst:DNA; Alexa Fluor 488 phalloidin:actin; mScarlet:fascin; iRFP:nuclear actin chromobody (nAC),4.338263512,-51.7130699,,,compound response across 12 wells,inactive,inactive,,,,,,
1093688960,K2,Homo sapiens,NCBITaxon,9606,HeLa,EFO,EFO_0001185,,,,,SN1123530275,0.1,1769,DNAH8,,,Pass,Hoechst:DNA; Alexa Fluor 488 phalloidin:actin; mScarlet:fascin; iRFP:nuclear actin chromobody (nAC),76.57474518,-178.649734,,,compound response across 12 wells,inactive,inactive,,,,,,
1093688960,K3,Homo sapiens,NCBITaxon,9606,HeLa,EFO,EFO_0001185,,,,,SN1123530275,0.03,1769,DNAH8,,,Pass,Hoechst:DNA; Alexa Fluor 488 phalloidin:actin; mScarlet:fascin; iRFP:nuclear actin chromobody (nAC),39.71328735,-53.6677017,,,compound response across 12 wells,inactive,inactive,,,,,,
1093688960,K4,Homo sapiens,NCBITaxon,9606,HeLa,EFO,EFO_0001185,,,,,SN1123530275,0.0125,1769,DNAH8,,,Pass,Hoechst:DNA; Alexa Fluor 488 phalloidin:actin; mScarlet:fascin; iRFP:nuclear actin chromobody (nAC),13.85656834,-13.6561537,,,compound response across 12 wells,inactive,inactive,,,,,,
1093688960,K5,Homo sapiens,NCBITaxon,9606,HeLa,EFO,EFO_0001185,,,,,SN1123530275,0.003,1769,DNAH8,,,Pass,Hoechst:DNA; Alexa Fluor 488 phalloidin:actin; mScarlet:fascin; iRFP:nuclear actin chromobody (nAC),15.74503231,-24.9826965,,,compound response across 12 wells,inactive,inactive,,,,,,
1093688960,K6,Homo sapiens,NCBITaxon,9606,HeLa,EFO,EFO_0001185,,,,,SN1123530275,0.001,1769,DNAH8,,,Pass,Hoechst:DNA; Alexa Fluor 488 phalloidin:actin; mScarlet:fascin; iRFP:nuclear actin chromobody (nAC),12.83970451,-27.8489227,,,compound response across 12 wells,inactive,inactive,,,,,,
1093688960,K7,Homo sapiens,NCBITaxon,9606,HeLa,EFO,EFO_0001185,,,,,SN1123530275,0.0003,1769,DNAH8,,,Pass,Hoechst:DNA; Alexa Fluor 488 phalloidin:actin; mScarlet:fascin; iRFP:nuclear actin chromobody (nAC),25.01417923,-17.4322548,,,compound response across 12 wells,inactive,inactive,,,,,,
1093688960,K8,Homo sapiens,NCBITaxon,9606,HeLa,EFO,EFO_0001185,,,,,SN1123530275,0.00003,1769,DNAH8,,,Pass,Hoechst:DNA; Alexa Fluor 488 phalloidin:actin; mScarlet:fascin; iRFP:nuclear actin chromobody (nAC),17.68106079,-42.9947548,,,compound response across 12 wells,inactive,inactive,,,,,,
1093688960,K9,Homo sapiens,NCBITaxon,9606,HeLa,EFO,EFO_0001185,,,,,SN1062972369,30,898,CCNE1,,,Fail,Hoechst:DNA; Alexa Fluor 488 phalloidin:actin; mScarlet:fascin; iRFP:nuclear actin chromobody (nAC),22.59009361,,,Yes,compound response across 12 wells,active,inactive,Nuclear fascin,regulation of protein localization to nucleus,GO_1900180,,,
1093688960,K10,Homo sapiens,NCBITaxon,9606,HeLa,EFO,EFO_0001185,,,,,SN1062972369,10,898,CCNE1,,,Fail,Hoechst:DNA; Alexa Fluor 488 phalloidin:actin; mScarlet:fascin; iRFP:nuclear actin chromobody (nAC),-13.8681488,-237.870728,,Yes,compound response across 12 wells,active,inactive,Nuclear fascin,regulation of protein localization to nucleus,GO_1900180,,,
1093688960,K11,Homo sapiens,NCBITaxon,9606,HeLa,EFO,EFO_0001185,,,,,SN1062972369,3.125,898,CCNE1,,,Pass,Hoechst:DNA; Alexa Fluor 488 phalloidin:actin; mScarlet:fascin; iRFP:nuclear actin chromobody (nAC),54.78207397,,,Yes,compound response across 12 wells,active,inactive,Nuclear fascin,regulation of protein localization to nucleus,GO_1900180,,,
1093688960,K12,Homo sapiens,NCBITaxon,9606,HeLa,EFO,EFO_0001185,,,,,SN1062972369,1.25,898,CCNE1,,,Pass,Hoechst:DNA; Alexa Fluor 488 phalloidin:actin; mScarlet:fascin; iRFP:nuclear actin chromobody (nAC),59.55025864,26.08358765,,Yes,compound response across 12 wells,active,inactive,Nuclear fascin,regulation of protein localization to nucleus,GO_1900180,,,
1093688960,K13,Homo sapiens,NCBITaxon,9606,HeLa,EFO,EFO_0001185,,,,,SN1062972369,0.3,898,CCNE1,,,Pass,Hoechst:DNA; Alexa Fluor 488 phalloidin:actin; mScarlet:fascin; iRFP:nuclear actin chromobody (nAC),107.6149673,-111.463966,,Yes,compound response across 12 wells,active,inactive,Nuclear fascin,regulation of protein localization to nucleus,GO_1900180,,,
1093688960,K14,Homo sapiens,NCBITaxon,9606,HeLa,EFO,EFO_0001185,,,,,SN1062972369,0.1,898,CCNE1,,,Pass,Hoechst:DNA; Alexa Fluor 488 phalloidin:actin; mScarlet:fascin; iRFP:nuclear actin chromobody (nAC),26.89008331,-59.196991,,Yes,compound response across 12 wells,active,inactive,Nuclear fascin,regulation of protein localization to nucleus,GO_1900180,,,
1093688960,K15,Homo sapiens,NCBITaxon,9606,HeLa,EFO,EFO_0001185,,,,,SN1062972369,0.03,898,CCNE1,,,Pass,Hoechst:DNA; Alexa Fluor 488 phalloidin:actin; mScarlet:fascin; iRFP:nuclear actin chromobody (nAC),22.9924202,-21.0202637,,Yes,compound response across 12 wells,active,inactive,Nuclear fascin,regulation of protein localization to nucleus,GO_1900180,,,
1093688960,K16,Homo sapiens,NCBITaxon,9606,HeLa,EFO,EFO_0001185,,,,,SN1062972369,0.0125,898,CCNE1,,,Pass,Hoechst:DNA; Alexa Fluor 488 phalloidin:actin; mScarlet:fascin; iRFP:nuclear actin chromobody (nAC),19.73106956,-9.76727962,,Yes,compound response across 12 wells,active,inactive,Nuclear fascin,regulation of protein localization to nucleus,GO_1900180,,,
1093688960,K17,Homo sapiens,NCBITaxon,9606,HeLa,EFO,EFO_0001185,,,,,SN1062972369,0.003,898,CCNE1,,,Pass,Hoechst:DNA; Alexa Fluor 488 phalloidin:actin; mScarlet:fascin; iRFP:nuclear actin chromobody (nAC),-3.793239117,27.8522892,,Yes,compound response across 12 wells,active,inactive,Nuclear fascin,regulation of protein localization to nucleus,GO_1900180,,,
1093688960,K18,Homo sapiens,NCBITaxon,9606,HeLa,EFO,EFO_0001185,,,,,SN1062972369,0.001,898,CCNE1,,,Pass,Hoechst:DNA; Alexa Fluor 488 phalloidin:actin; mScarlet:fascin; iRFP:nuclear actin chromobody (nAC),17.66963768,-2.78631663,,Yes,compound response across 12 wells,active,inactive,Nuclear fascin,regulation of protein localization to nucleus,GO_1900180,,,
1093688960,K19,Homo sapiens,NCBITaxon,9606,HeLa,EFO,EFO_0001185,,,,,SN1062972369,0.0003,898,CCNE1,,,Pass,Hoechst:DNA; Alexa Fluor 488 phalloidin:actin; mScarlet:fascin; iRFP:nuclear actin chromobody (nAC),15.18547058,-32.2702637,,Yes,compound response across 12 wells,active,inactive,Nuclear fascin,regulation of protein localization to nucleus,GO_1900180,,,
1093688960,K20,Homo sapiens,NCBITaxon,9606,HeLa,EFO,EFO_0001185,,,,,SN1062972369,0.00003,898,CCNE1,,,Pass,Hoechst:DNA; Alexa Fluor 488 phalloidin:actin; mScarlet:fascin; iRFP:nuclear actin chromobody (nAC),13.33168507,-27.0512199,,Yes,compound response across 12 wells,active,inactive,Nuclear fascin,regulation of protein localization to nucleus,GO_1900180,,,
1093688960,K21,Homo sapiens,NCBITaxon,9606,HeLa,EFO,EFO_0001185,DMSO,679,IAZDPXIOMUYVGZ-UHFFFAOYSA-N,CS(=O)C,,,,,Neutral Control,,Pass,Hoechst:DNA; Alexa Fluor 488 phalloidin:actin; mScarlet:fascin; iRFP:nuclear actin chromobody (nAC),1.743152976,-2.19628263,,,,,,,,,,,
1093688960,K22,Homo sapiens,NCBITaxon,9606,HeLa,EFO,EFO_0001185,,,,,,,,,Stimulator Control,Leptomycin b blocks nuclear export of fascin,Pass,Hoechst:DNA; Alexa Fluor 488 phalloidin:actin; mScarlet:fascin; iRFP:nuclear actin chromobody (nAC),102.4493332,2.410865307,,,,,,,,,,,
1093688960,K23,Homo sapiens,NCBITaxon,9606,HeLa,EFO,EFO_0001185,DMSO,679,IAZDPXIOMUYVGZ-UHFFFAOYSA-N,CS(=O)C,,,,,Neutral Control,,Pass,Hoechst:DNA; Alexa Fluor 488 phalloidin:actin; mScarlet:fascin; iRFP:nuclear actin chromobody (nAC),-3.681376696,-18.9478436,,,,,,,,,,,
1093688960,K24,Homo sapiens,NCBITaxon,9606,HeLa,EFO,EFO_0001185,,,,,SN0150301362,30,3356,HTR2A,,,Pass,Hoechst:DNA; Alexa Fluor 488 phalloidin:actin; mScarlet:fascin; iRFP:nuclear actin chromobody (nAC),-24.17956161,-20.0967255,,,compound response across 12 wells,inactive,inactive,,,,,,
1093688960,L1,Homo sapiens,NCBITaxon,9606,HeLa,EFO,EFO_0001185,,,,,SN0150301362,10,3356,HTR2A,,,Pass,Hoechst:DNA; Alexa Fluor 488 phalloidin:actin; mScarlet:fascin; iRFP:nuclear actin chromobody (nAC),-3.612441301,1.236590862,,,compound response across 12 wells,inactive,inactive,,,,,,
1093688960,L2,Homo sapiens,NCBITaxon,9606,HeLa,EFO,EFO_0001185,,,,,SN0150301362,3.125,3356,HTR2A,,,Pass,Hoechst:DNA; Alexa Fluor 488 phalloidin:actin; mScarlet:fascin; iRFP:nuclear actin chromobody (nAC),4.456834316,-8.59701729,,,compound response across 12 wells,inactive,inactive,,,,,,
1093688960,L3,Homo sapiens,NCBITaxon,9606,HeLa,EFO,EFO_0001185,,,,,SN0150301362,1.25,3356,HTR2A,,,Pass,Hoechst:DNA; Alexa Fluor 488 phalloidin:actin; mScarlet:fascin; iRFP:nuclear actin chromobody (nAC),94.84598541,-75.2434235,,,compound response across 12 wells,inactive,inactive,,,,,,
1093688960,L4,Homo sapiens,NCBITaxon,9606,HeLa,EFO,EFO_0001185,,,,,SN0150301362,0.3,3356,HTR2A,,,Pass,Hoechst:DNA; Alexa Fluor 488 phalloidin:actin; mScarlet:fascin; iRFP:nuclear actin chromobody (nAC),21.78526497,-33.8599739,,,compound response across 12 wells,inactive,inactive,,,,,,
1093688960,L5,Homo sapiens,NCBITaxon,9606,HeLa,EFO,EFO_0001185,,,,,SN0150301362,0.1,3356,HTR2A,,,Pass,Hoechst:DNA; Alexa Fluor 488 phalloidin:actin; mScarlet:fascin; iRFP:nuclear actin chromobody (nAC),12.60544205,9.58603096,,,compound response across 12 wells,inactive,inactive,,,,,,
1093688960,L6,Homo sapiens,NCBITaxon,9606,HeLa,EFO,EFO_0001185,,,,,SN0150301362,0.03,3356,HTR2A,,,Pass,Hoechst:DNA; Alexa Fluor 488 phalloidin:actin; mScarlet:fascin; iRFP:nuclear actin chromobody (nAC),11.61480522,-18.298193,,,compound response across 12 wells,inactive,inactive,,,,,,
1093688960,L7,Homo sapiens,NCBITaxon,9606,HeLa,EFO,EFO_0001185,,,,,SN0150301362,0.0125,3356,HTR2A,,,Pass,Hoechst:DNA; Alexa Fluor 488 phalloidin:actin; mScarlet:fascin; iRFP:nuclear actin chromobody (nAC),23.18266678,-5.90291834,,,compound response across 12 wells,inactive,inactive,,,,,,
1093688960,L8,Homo sapiens,NCBITaxon,9606,HeLa,EFO,EFO_0001185,,,,,SN0150301362,0.003,3356,HTR2A,,,Pass,Hoechst:DNA; Alexa Fluor 488 phalloidin:actin; mScarlet:fascin; iRFP:nuclear actin chromobody (nAC),2.607577562,-16.8902626,,,compound response across 12 wells,inactive,inactive,,,,,,
1093688960,L9,Homo sapiens,NCBITaxon,9606,HeLa,EFO,EFO_0001185,,,,,SN0150301362,0.001,3356,HTR2A,,,Pass,Hoechst:DNA; Alexa Fluor 488 phalloidin:actin; mScarlet:fascin; iRFP:nuclear actin chromobody (nAC),20.37136459,-21.9087906,,,compound response across 12 wells,inactive,inactive,,,,,,
1093688960,L10,Homo sapiens,NCBITaxon,9606,HeLa,EFO,EFO_0001185,,,,,SN0150301362,0.0003,3356,HTR2A,,,Pass,Hoechst:DNA; Alexa Fluor 488 phalloidin:actin; mScarlet:fascin; iRFP:nuclear actin chromobody (nAC),8.811798096,-1.42397773,,,compound response across 12 wells,inactive,inactive,,,,,,
1093688960,L11,Homo sapiens,NCBITaxon,9606,HeLa,EFO,EFO_0001185,,,,,SN0150301362,0.00003,3356,HTR2A,,,Pass,Hoechst:DNA; Alexa Fluor 488 phalloidin:actin; mScarlet:fascin; iRFP:nuclear actin chromobody (nAC),3.474461317,-19.6432114,,,compound response across 12 wells,inactive,inactive,,,,,,
1093688960,L12,Homo sapiens,NCBITaxon,9606,HeLa,EFO,EFO_0001185,,,,,SN1014015879,30,898,CCNE1,,,Pass,Hoechst:DNA; Alexa Fluor 488 phalloidin:actin; mScarlet:fascin; iRFP:nuclear actin chromobody (nAC),48.93177414,-316.874939,,,compound response across 12 wells,inactive,inactive,,,,,,
1093688960,L13,Homo sapiens,NCBITaxon,9606,HeLa,EFO,EFO_0001185,,,,,SN1014015879,10,898,CCNE1,,,Pass,Hoechst:DNA; Alexa Fluor 488 phalloidin:actin; mScarlet:fascin; iRFP:nuclear actin chromobody (nAC),31.80768967,-52.0972023,,,compound response across 12 wells,inactive,inactive,,,,,,
1093688960,L14,Homo sapiens,NCBITaxon,9606,HeLa,EFO,EFO_0001185,,,,,SN1014015879,3.125,898,CCNE1,,,Pass,Hoechst:DNA; Alexa Fluor 488 phalloidin:actin; mScarlet:fascin; iRFP:nuclear actin chromobody (nAC),-5.424545288,-60.6887207,,,compound response across 12 wells,inactive,inactive,,,,,,
1093688960,L15,Homo sapiens,NCBITaxon,9606,HeLa,EFO,EFO_0001185,,,,,SN1014015879,1.25,898,CCNE1,,,Pass,Hoechst:DNA; Alexa Fluor 488 phalloidin:actin; mScarlet:fascin; iRFP:nuclear actin chromobody (nAC),20.19073868,-20.8757973,,,compound response across 12 wells,inactive,inactive,,,,,,
1093688960,L16,Homo sapiens,NCBITaxon,9606,HeLa,EFO,EFO_0001185,,,,,SN1014015879,0.3,898,CCNE1,,,Pass,Hoechst:DNA; Alexa Fluor 488 phalloidin:actin; mScarlet:fascin; iRFP:nuclear actin chromobody (nAC),11.33291531,4.698879242,,,compound response across 12 wells,inactive,inactive,,,,,,
1093688960,L17,Homo sapiens,NCBITaxon,9606,HeLa,EFO,EFO_0001185,,,,,SN1014015879,0.1,898,CCNE1,,,Pass,Hoechst:DNA; Alexa Fluor 488 phalloidin:actin; mScarlet:fascin; iRFP:nuclear actin chromobody (nAC),10.47815609,-59.9136887,,,compound response across 12 wells,inactive,inactive,,,,,,
1093688960,L18,Homo sapiens,NCBITaxon,9606,HeLa,EFO,EFO_0001185,,,,,SN1014015879,0.03,898,CCNE1,,,Pass,Hoechst:DNA; Alexa Fluor 488 phalloidin:actin; mScarlet:fascin; iRFP:nuclear actin chromobody (nAC),22.91238785,-37.7820816,,,compound response across 12 wells,inactive,inactive,,,,,,
1093688960,L19,Homo sapiens,NCBITaxon,9606,HeLa,EFO,EFO_0001185,,,,,SN1014015879,0.0125,898,CCNE1,,,Pass,Hoechst:DNA; Alexa Fluor 488 phalloidin:actin; mScarlet:fascin; iRFP:nuclear actin chromobody (nAC),9.659241676,6.421585083,,,compound response across 12 wells,inactive,inactive,,,,,,
1093688960,L20,Homo sapiens,NCBITaxon,9606,HeLa,EFO,EFO_0001185,,,,,SN1014015879,0.003,898,CCNE1,,,Pass,Hoechst:DNA; Alexa Fluor 488 phalloidin:actin; mScarlet:fascin; iRFP:nuclear actin chromobody (nAC),11.75418568,-19.3713474,,,compound response across 12 wells,inactive,inactive,,,,,,
1093688960,L21,Homo sapiens,NCBITaxon,9606,HeLa,EFO,EFO_0001185,,,,,SN1014015879,0.001,898,CCNE1,,,Pass,Hoechst:DNA; Alexa Fluor 488 phalloidin:actin; mScarlet:fascin; iRFP:nuclear actin chromobody (nAC),4.370357513,-53.4333916,,,compound response across 12 wells,inactive,inactive,,,,,,
1093688960,L22,Homo sapiens,NCBITaxon,9606,HeLa,EFO,EFO_0001185,,,,,SN1014015879,0.0003,898,CCNE1,,,Pass,Hoechst:DNA; Alexa Fluor 488 phalloidin:actin; mScarlet:fascin; iRFP:nuclear actin chromobody (nAC),17.91893387,-40.4575996,,,compound response across 12 wells,inactive,inactive,,,,,,
1093688960,L23,Homo sapiens,NCBITaxon,9606,HeLa,EFO,EFO_0001185,,,,,SN1014015879,0.00003,898,CCNE1,,,Pass,Hoechst:DNA; Alexa Fluor 488 phalloidin:actin; mScarlet:fascin; iRFP:nuclear actin chromobody (nAC),11.10285473,-48.307251,,,compound response across 12 wells,inactive,inactive,,,,,,
1093688960,L24,Homo sapiens,NCBITaxon,9606,HeLa,EFO,EFO_0001185,,,,,SN1063390956,30,898,CCNE1,,,Pass,Hoechst:DNA; Alexa Fluor 488 phalloidin:actin; mScarlet:fascin; iRFP:nuclear actin chromobody (nAC),36.82858276,-50.9767151,,Yes,compound response across 12 wells,inactive,active,,,,Nuclear actin,actin filament phenotype,CMPO_0000104
1093688960,M1,Homo sapiens,NCBITaxon,9606,HeLa,EFO,EFO_0001185,,,,,SN1063390956,10,898,CCNE1,,,Pass,Hoechst:DNA; Alexa Fluor 488 phalloidin:actin; mScarlet:fascin; iRFP:nuclear actin chromobody (nAC),90.21484375,-76.1759109,,Yes,compound response across 12 wells,inactive,active,,,,Nuclear actin,actin filament phenotype,CMPO_0000104
1093688960,M2,Homo sapiens,NCBITaxon,9606,HeLa,EFO,EFO_0001185,,,,,SN1063390956,3.125,898,CCNE1,,,Pass,Hoechst:DNA; Alexa Fluor 488 phalloidin:actin; mScarlet:fascin; iRFP:nuclear actin chromobody (nAC),0.977703452,-125.394753,,Yes,compound response across 12 wells,inactive,active,,,,Nuclear actin,actin filament phenotype,CMPO_0000104
1093688960,M3,Homo sapiens,NCBITaxon,9606,HeLa,EFO,EFO_0001185,,,,,SN1063390956,1.25,898,CCNE1,,,Pass,Hoechst:DNA; Alexa Fluor 488 phalloidin:actin; mScarlet:fascin; iRFP:nuclear actin chromobody (nAC),11.04235554,-27.7068329,,Yes,compound response across 12 wells,inactive,active,,,,Nuclear actin,actin filament phenotype,CMPO_0000104
1093688960,M4,Homo sapiens,NCBITaxon,9606,HeLa,EFO,EFO_0001185,,,,,SN1063390956,0.3,898,CCNE1,,,Pass,Hoechst:DNA; Alexa Fluor 488 phalloidin:actin; mScarlet:fascin; iRFP:nuclear actin chromobody (nAC),20.11369324,-7.83855581,,Yes,compound response across 12 wells,inactive,active,,,,Nuclear actin,actin filament phenotype,CMPO_0000104
1093688960,M5,Homo sapiens,NCBITaxon,9606,HeLa,EFO,EFO_0001185,,,,,SN1063390956,0.1,898,CCNE1,,,Pass,Hoechst:DNA; Alexa Fluor 488 phalloidin:actin; mScarlet:fascin; iRFP:nuclear actin chromobody (nAC),13.30167675,0.23009342,,Yes,compound response across 12 wells,inactive,active,,,,Nuclear actin,actin filament phenotype,CMPO_0000104
1093688960,M6,Homo sapiens,NCBITaxon,9606,HeLa,EFO,EFO_0001185,,,,,SN1063390956,0.03,898,CCNE1,,,Pass,Hoechst:DNA; Alexa Fluor 488 phalloidin:actin; mScarlet:fascin; iRFP:nuclear actin chromobody (nAC),14.83607769,-21.5865879,,Yes,compound response across 12 wells,inactive,active,,,,Nuclear actin,actin filament phenotype,CMPO_0000104
1093688960,M7,Homo sapiens,NCBITaxon,9606,HeLa,EFO,EFO_0001185,,,,,SN1063390956,0.0125,898,CCNE1,,,Pass,Hoechst:DNA; Alexa Fluor 488 phalloidin:actin; mScarlet:fascin; iRFP:nuclear actin chromobody (nAC),13.92486572,-1.41173518,,Yes,compound response across 12 wells,inactive,active,,,,Nuclear actin,actin filament phenotype,CMPO_0000104
1093688960,M8,Homo sapiens,NCBITaxon,9606,HeLa,EFO,EFO_0001185,,,,,SN1063390956,0.003,898,CCNE1,,,Pass,Hoechst:DNA; Alexa Fluor 488 phalloidin:actin; mScarlet:fascin; iRFP:nuclear actin chromobody (nAC),4.213995934,16.55133629,,Yes,compound response across 12 wells,inactive,active,,,,Nuclear actin,actin filament phenotype,CMPO_0000104
1093688960,M9,Homo sapiens,NCBITaxon,9606,HeLa,EFO,EFO_0001185,,,,,SN1063390956,0.001,898,CCNE1,,,Pass,Hoechst:DNA; Alexa Fluor 488 phalloidin:actin; mScarlet:fascin; iRFP:nuclear actin chromobody (nAC),14.61540318,5.55432415,,Yes,compound response across 12 wells,inactive,active,,,,Nuclear actin,actin filament phenotype,CMPO_0000104
1093688960,M10,Homo sapiens,NCBITaxon,9606,HeLa,EFO,EFO_0001185,,,,,SN1063390956,0.0003,898,CCNE1,,,Pass,Hoechst:DNA; Alexa Fluor 488 phalloidin:actin; mScarlet:fascin; iRFP:nuclear actin chromobody (nAC),11.46719074,19.62781143,,Yes,compound response across 12 wells,inactive,active,,,,Nuclear actin,actin filament phenotype,CMPO_0000104
1093688960,M11,Homo sapiens,NCBITaxon,9606,HeLa,EFO,EFO_0001185,,,,,SN1063390956,0.00003,898,CCNE1,,,Pass,Hoechst:DNA; Alexa Fluor 488 phalloidin:actin; mScarlet:fascin; iRFP:nuclear actin chromobody (nAC),11.03583431,-2.32138586,,Yes,compound response across 12 wells,inactive,active,,,,Nuclear actin,actin filament phenotype,CMPO_0000104
1093688960,M12,Homo sapiens,NCBITaxon,9606,HeLa,EFO,EFO_0001185,,,,,SN1054380477,30,3156,HMGCR,,,Pass,Hoechst:DNA; Alexa Fluor 488 phalloidin:actin; mScarlet:fascin; iRFP:nuclear actin chromobody (nAC),78.86805725,-182.241455,Yes,Yes,compound response across 12 wells,active,active,Nuclear fascin,regulation of protein localization to nucleus,GO_1900180,Nuclear actin,actin filament phenotype,CMPO_0000104
1093688960,M13,Homo sapiens,NCBITaxon,9606,HeLa,EFO,EFO_0001185,,,,,SN1054380477,10,3156,HMGCR,,,Pass,Hoechst:DNA; Alexa Fluor 488 phalloidin:actin; mScarlet:fascin; iRFP:nuclear actin chromobody (nAC),72.13672638,-134.737869,Yes,Yes,compound response across 12 wells,active,active,Nuclear fascin,regulation of protein localization to nucleus,GO_1900180,Nuclear actin,actin filament phenotype,CMPO_0000104
1093688960,M14,Homo sapiens,NCBITaxon,9606,HeLa,EFO,EFO_0001185,,,,,SN1054380477,3.125,3156,HMGCR,,,Pass,Hoechst:DNA; Alexa Fluor 488 phalloidin:actin; mScarlet:fascin; iRFP:nuclear actin chromobody (nAC),48.65833664,-107.122238,Yes,Yes,compound response across 12 wells,active,active,Nuclear fascin,regulation of protein localization to nucleus,GO_1900180,Nuclear actin,actin filament phenotype,CMPO_0000104
1093688960,M15,Homo sapiens,NCBITaxon,9606,HeLa,EFO,EFO_0001185,,,,,SN1054380477,1.25,3156,HMGCR,,,Pass,Hoechst:DNA; Alexa Fluor 488 phalloidin:actin; mScarlet:fascin; iRFP:nuclear actin chromobody (nAC),12.75210762,-58.1769447,Yes,Yes,compound response across 12 wells,active,active,Nuclear fascin,regulation of protein localization to nucleus,GO_1900180,Nuclear actin,actin filament phenotype,CMPO_0000104
1093688960,M16,Homo sapiens,NCBITaxon,9606,HeLa,EFO,EFO_0001185,,,,,SN1054380477,0.3,3156,HMGCR,,,Pass,Hoechst:DNA; Alexa Fluor 488 phalloidin:actin; mScarlet:fascin; iRFP:nuclear actin chromobody (nAC),-0.514128566,-50.4413605,Yes,Yes,compound response across 12 wells,active,active,Nuclear fascin,regulation of protein localization to nucleus,GO_1900180,Nuclear actin,actin filament phenotype,CMPO_0000104
1093688960,M17,Homo sapiens,NCBITaxon,9606,HeLa,EFO,EFO_0001185,,,,,SN1054380477,0.1,3156,HMGCR,,,Pass,Hoechst:DNA; Alexa Fluor 488 phalloidin:actin; mScarlet:fascin; iRFP:nuclear actin chromobody (nAC),-4.272067547,-2.64717841,Yes,Yes,compound response across 12 wells,active,active,Nuclear fascin,regulation of protein localization to nucleus,GO_1900180,Nuclear actin,actin filament phenotype,CMPO_0000104
1093688960,M18,Homo sapiens,NCBITaxon,9606,HeLa,EFO,EFO_0001185,,,,,SN1054380477,0.03,3156,HMGCR,,,Pass,Hoechst:DNA; Alexa Fluor 488 phalloidin:actin; mScarlet:fascin; iRFP:nuclear actin chromobody (nAC),20.063591,-29.4325714,Yes,Yes,compound response across 12 wells,active,active,Nuclear fascin,regulation of protein localization to nucleus,GO_1900180,Nuclear actin,actin filament phenotype,CMPO_0000104
1093688960,M19,Homo sapiens,NCBITaxon,9606,HeLa,EFO,EFO_0001185,,,,,SN1054380477,0.0125,3156,HMGCR,,,Pass,Hoechst:DNA; Alexa Fluor 488 phalloidin:actin; mScarlet:fascin; iRFP:nuclear actin chromobody (nAC),7.38692522,21.41435242,Yes,Yes,compound response across 12 wells,active,active,Nuclear fascin,regulation of protein localization to nucleus,GO_1900180,Nuclear actin,actin filament phenotype,CMPO_0000104
1093688960,M20,Homo sapiens,NCBITaxon,9606,HeLa,EFO,EFO_0001185,,,,,SN1054380477,0.003,3156,HMGCR,,,Pass,Hoechst:DNA; Alexa Fluor 488 phalloidin:actin; mScarlet:fascin; iRFP:nuclear actin chromobody (nAC),13.01460361,-16.2422009,Yes,Yes,compound response across 12 wells,active,active,Nuclear fascin,regulation of protein localization to nucleus,GO_1900180,Nuclear actin,actin filament phenotype,CMPO_0000104
1093688960,M21,Homo sapiens,NCBITaxon,9606,HeLa,EFO,EFO_0001185,,,,,SN1054380477,0.001,3156,HMGCR,,,Pass,Hoechst:DNA; Alexa Fluor 488 phalloidin:actin; mScarlet:fascin; iRFP:nuclear actin chromobody (nAC),16.75213814,-29.262167,Yes,Yes,compound response across 12 wells,active,active,Nuclear fascin,regulation of protein localization to nucleus,GO_1900180,Nuclear actin,actin filament phenotype,CMPO_0000104
1093688960,M22,Homo sapiens,NCBITaxon,9606,HeLa,EFO,EFO_0001185,,,,,SN1054380477,0.0003,3156,HMGCR,,,Pass,Hoechst:DNA; Alexa Fluor 488 phalloidin:actin; mScarlet:fascin; iRFP:nuclear actin chromobody (nAC),17.56686401,-4.23366451,Yes,Yes,compound response across 12 wells,active,active,Nuclear fascin,regulation of protein localization to nucleus,GO_1900180,Nuclear actin,actin filament phenotype,CMPO_0000104
1093688960,M23,Homo sapiens,NCBITaxon,9606,HeLa,EFO,EFO_0001185,,,,,SN1054380477,0.00003,3156,HMGCR,,,Pass,Hoechst:DNA; Alexa Fluor 488 phalloidin:actin; mScarlet:fascin; iRFP:nuclear actin chromobody (nAC),16.30895233,-52.4868393,Yes,Yes,compound response across 12 wells,active,active,Nuclear fascin,regulation of protein localization to nucleus,GO_1900180,Nuclear actin,actin filament phenotype,CMPO_0000104
1093688960,M24,Homo sapiens,NCBITaxon,9606,HeLa,EFO,EFO_0001185,,,,,SN0153029999,30,7099,TLR4,,,Pass,Hoechst:DNA; Alexa Fluor 488 phalloidin:actin; mScarlet:fascin; iRFP:nuclear actin chromobody (nAC),31.31963348,-411.838623,,,compound response across 12 wells,inactive,inactive,,,,,,
1093688960,N1,Homo sapiens,NCBITaxon,9606,HeLa,EFO,EFO_0001185,,,,,SN0153029999,10,7099,TLR4,,,Pass,Hoechst:DNA; Alexa Fluor 488 phalloidin:actin; mScarlet:fascin; iRFP:nuclear actin chromobody (nAC),46.99141693,61.68559647,,,compound response across 12 wells,inactive,inactive,,,,,,
1093688960,N2,Homo sapiens,NCBITaxon,9606,HeLa,EFO,EFO_0001185,,,,,SN0153029999,3.125,7099,TLR4,,,Pass,Hoechst:DNA; Alexa Fluor 488 phalloidin:actin; mScarlet:fascin; iRFP:nuclear actin chromobody (nAC),34.36676788,-48.7413712,,,compound response across 12 wells,inactive,inactive,,,,,,
1093688960,N3,Homo sapiens,NCBITaxon,9606,HeLa,EFO,EFO_0001185,,,,,SN0153029999,1.25,7099,TLR4,,,Pass,Hoechst:DNA; Alexa Fluor 488 phalloidin:actin; mScarlet:fascin; iRFP:nuclear actin chromobody (nAC),25.13002777,-25.2752266,,,compound response across 12 wells,inactive,inactive,,,,,,
1093688960,N4,Homo sapiens,NCBITaxon,9606,HeLa,EFO,EFO_0001185,,,,,SN0153029999,0.3,7099,TLR4,,,Pass,Hoechst:DNA; Alexa Fluor 488 phalloidin:actin; mScarlet:fascin; iRFP:nuclear actin chromobody (nAC),8.952517509,-26.256813,,,compound response across 12 wells,inactive,inactive,,,,,,
1093688960,N5,Homo sapiens,NCBITaxon,9606,HeLa,EFO,EFO_0001185,,,,,SN0153029999,0.1,7099,TLR4,,,Pass,Hoechst:DNA; Alexa Fluor 488 phalloidin:actin; mScarlet:fascin; iRFP:nuclear actin chromobody (nAC),17.62622833,-23.3274937,,,compound response across 12 wells,inactive,inactive,,,,,,
1093688960,N6,Homo sapiens,NCBITaxon,9606,HeLa,EFO,EFO_0001185,,,,,SN0153029999,0.03,7099,TLR4,,,Pass,Hoechst:DNA; Alexa Fluor 488 phalloidin:actin; mScarlet:fascin; iRFP:nuclear actin chromobody (nAC),11.36348343,12.5656805,,,compound response across 12 wells,inactive,inactive,,,,,,
1093688960,N7,Homo sapiens,NCBITaxon,9606,HeLa,EFO,EFO_0001185,,,,,SN0153029999,0.0125,7099,TLR4,,,Pass,Hoechst:DNA; Alexa Fluor 488 phalloidin:actin; mScarlet:fascin; iRFP:nuclear actin chromobody (nAC),11.15522957,7.615709782,,,compound response across 12 wells,inactive,inactive,,,,,,
1093688960,N8,Homo sapiens,NCBITaxon,9606,HeLa,EFO,EFO_0001185,,,,,SN0153029999,0.003,7099,TLR4,,,Pass,Hoechst:DNA; Alexa Fluor 488 phalloidin:actin; mScarlet:fascin; iRFP:nuclear actin chromobody (nAC),4.834757328,-34.6195793,,,compound response across 12 wells,inactive,inactive,,,,,,
1093688960,N9,Homo sapiens,NCBITaxon,9606,HeLa,EFO,EFO_0001185,,,,,SN0153029999,0.001,7099,TLR4,,,Pass,Hoechst:DNA; Alexa Fluor 488 phalloidin:actin; mScarlet:fascin; iRFP:nuclear actin chromobody (nAC),7.564594746,-23.7956009,,,compound response across 12 wells,inactive,inactive,,,,,,
1093688960,N10,Homo sapiens,NCBITaxon,9606,HeLa,EFO,EFO_0001185,,,,,SN0153029999,0.0003,7099,TLR4,,,Pass,Hoechst:DNA; Alexa Fluor 488 phalloidin:actin; mScarlet:fascin; iRFP:nuclear actin chromobody (nAC),14.19184494,8.109519958,,,compound response across 12 wells,inactive,inactive,,,,,,
1093688960,N11,Homo sapiens,NCBITaxon,9606,HeLa,EFO,EFO_0001185,,,,,SN0153029999,0.00003,7099,TLR4,,,Pass,Hoechst:DNA; Alexa Fluor 488 phalloidin:actin; mScarlet:fascin; iRFP:nuclear actin chromobody (nAC),15.52842045,35.81454849,,,compound response across 12 wells,inactive,inactive,,,,,,
1093688960,N12,Homo sapiens,NCBITaxon,9606,HeLa,EFO,EFO_0001185,,,,,SN1057733612,30,6462,SHBG,,,Pass,Hoechst:DNA; Alexa Fluor 488 phalloidin:actin; mScarlet:fascin; iRFP:nuclear actin chromobody (nAC),39.7731514,-6.57538128,,,compound response across 12 wells,inactive,inactive,,,,,,
1093688960,N13,Homo sapiens,NCBITaxon,9606,HeLa,EFO,EFO_0001185,,,,,SN1057733612,10,6462,SHBG,,,Pass,Hoechst:DNA; Alexa Fluor 488 phalloidin:actin; mScarlet:fascin; iRFP:nuclear actin chromobody (nAC),15.76011467,-31.909132,,,compound response across 12 wells,inactive,inactive,,,,,,
1093688960,N14,Homo sapiens,NCBITaxon,9606,HeLa,EFO,EFO_0001185,DMSO,679,IAZDPXIOMUYVGZ-UHFFFAOYSA-N,CS(=O)C,,,,,Neutral Control,,Pass,Hoechst:DNA; Alexa Fluor 488 phalloidin:actin; mScarlet:fascin; iRFP:nuclear actin chromobody (nAC),16.02326393,14.53362942,,,,,,,,,,,
1093688960,N15,Homo sapiens,NCBITaxon,9606,HeLa,EFO,EFO_0001185,,,,,,,,,Stimulator Control,Leptomycin b blocks nuclear export of fascin,Pass,Hoechst:DNA; Alexa Fluor 488 phalloidin:actin; mScarlet:fascin; iRFP:nuclear actin chromobody (nAC),87.47510529,-34.8881378,,,,,,,,,,,
1093688960,N16,Homo sapiens,NCBITaxon,9606,HeLa,EFO,EFO_0001185,DMSO,679,IAZDPXIOMUYVGZ-UHFFFAOYSA-N,CS(=O)C,,,,,Neutral Control,,Pass,Hoechst:DNA; Alexa Fluor 488 phalloidin:actin; mScarlet:fascin; iRFP:nuclear actin chromobody (nAC),4.37488699,-1.02658832,,,,,,,,,,,
1093688960,N17,Homo sapiens,NCBITaxon,9606,HeLa,EFO,EFO_0001185,,,,,SN1057733612,3.125,6462,SHBG,,,Pass,Hoechst:DNA; Alexa Fluor 488 phalloidin:actin; mScarlet:fascin; iRFP:nuclear actin chromobody (nAC),25.18733597,-9.46735001,,,compound response across 12 wells,inactive,inactive,,,,,,
1093688960,N18,Homo sapiens,NCBITaxon,9606,HeLa,EFO,EFO_0001185,,,,,SN1057733612,1.25,6462,SHBG,,,Pass,Hoechst:DNA; Alexa Fluor 488 phalloidin:actin; mScarlet:fascin; iRFP:nuclear actin chromobody (nAC),27.01565742,13.21888351,,,compound response across 12 wells,inactive,inactive,,,,,,
1093688960,N19,Homo sapiens,NCBITaxon,9606,HeLa,EFO,EFO_0001185,,,,,SN1057733612,0.3,6462,SHBG,,,Pass,Hoechst:DNA; Alexa Fluor 488 phalloidin:actin; mScarlet:fascin; iRFP:nuclear actin chromobody (nAC),8.658923149,-26.1178169,,,compound response across 12 wells,inactive,inactive,,,,,,
1093688960,N20,Homo sapiens,NCBITaxon,9606,HeLa,EFO,EFO_0001185,,,,,SN1057733612,0.1,6462,SHBG,,,Pass,Hoechst:DNA; Alexa Fluor 488 phalloidin:actin; mScarlet:fascin; iRFP:nuclear actin chromobody (nAC),14.04049492,-21.3698196,,,compound response across 12 wells,inactive,inactive,,,,,,
1093688960,N21,Homo sapiens,NCBITaxon,9606,HeLa,EFO,EFO_0001185,,,,,SN1057733612,0.03,6462,SHBG,,,Pass,Hoechst:DNA; Alexa Fluor 488 phalloidin:actin; mScarlet:fascin; iRFP:nuclear actin chromobody (nAC),10.45278549,-41.6048355,,,compound response across 12 wells,inactive,inactive,,,,,,
1093688960,N22,Homo sapiens,NCBITaxon,9606,HeLa,EFO,EFO_0001185,,,,,SN1057733612,0.0125,6462,SHBG,,,Pass,Hoechst:DNA; Alexa Fluor 488 phalloidin:actin; mScarlet:fascin; iRFP:nuclear actin chromobody (nAC),1.824960351,-30.8109474,,,compound response across 12 wells,inactive,inactive,,,,,,
1093688960,N23,Homo sapiens,NCBITaxon,9606,HeLa,EFO,EFO_0001185,,,,,SN1057733612,0.003,6462,SHBG,,,Pass,Hoechst:DNA; Alexa Fluor 488 phalloidin:actin; mScarlet:fascin; iRFP:nuclear actin chromobody (nAC),9.29763031,-36.9303284,,,compound response across 12 wells,inactive,inactive,,,,,,
1093688960,N24,Homo sapiens,NCBITaxon,9606,HeLa,EFO,EFO_0001185,,,,,SN1057733612,0.001,6462,SHBG,,,Pass,Hoechst:DNA; Alexa Fluor 488 phalloidin:actin; mScarlet:fascin; iRFP:nuclear actin chromobody (nAC),23.10809708,-18.9808655,,,compound response across 12 wells,inactive,inactive,,,,,,
1093688960,O1,Homo sapiens,NCBITaxon,9606,HeLa,EFO,EFO_0001185,,,,,SN1057733612,0.0003,6462,SHBG,,,Pass,Hoechst:DNA; Alexa Fluor 488 phalloidin:actin; mScarlet:fascin; iRFP:nuclear actin chromobody (nAC),20.63339424,-16.1115685,,,compound response across 12 wells,inactive,inactive,,,,,,
1093688960,O2,Homo sapiens,NCBITaxon,9606,HeLa,EFO,EFO_0001185,,,,,SN1057733612,0.00003,6462,SHBG,,,Pass,Hoechst:DNA; Alexa Fluor 488 phalloidin:actin; mScarlet:fascin; iRFP:nuclear actin chromobody (nAC),18.8248539,-32.6528969,,,compound response across 12 wells,inactive,inactive,,,,,,
1093688960,O3,Homo sapiens,NCBITaxon,9606,HeLa,EFO,EFO_0001185,,,,,SN1060811386,30,5029,P2RY2,,,Pass,Hoechst:DNA; Alexa Fluor 488 phalloidin:actin; mScarlet:fascin; iRFP:nuclear actin chromobody (nAC),5.483177185,-0.31701517,,Yes,compound response across 12 wells,inactive,active,,,,Nuclear actin,actin filament phenotype,CMPO_0000104
1093688960,O4,Homo sapiens,NCBITaxon,9606,HeLa,EFO,EFO_0001185,,,,,SN1060811386,10,5029,P2RY2,,,Pass,Hoechst:DNA; Alexa Fluor 488 phalloidin:actin; mScarlet:fascin; iRFP:nuclear actin chromobody (nAC),53.1743927,-148.315414,,Yes,compound response across 12 wells,inactive,active,,,,Nuclear actin,actin filament phenotype,CMPO_0000104
1093688960,O5,Homo sapiens,NCBITaxon,9606,HeLa,EFO,EFO_0001185,,,,,SN1060811386,3.125,5029,P2RY2,,,Pass,Hoechst:DNA; Alexa Fluor 488 phalloidin:actin; mScarlet:fascin; iRFP:nuclear actin chromobody (nAC),-14.37504005,-67.5769501,,Yes,compound response across 12 wells,inactive,active,,,,Nuclear actin,actin filament phenotype,CMPO_0000104
1093688960,O6,Homo sapiens,NCBITaxon,9606,HeLa,EFO,EFO_0001185,,,,,SN1060811386,1.25,5029,P2RY2,,,Pass,Hoechst:DNA; Alexa Fluor 488 phalloidin:actin; mScarlet:fascin; iRFP:nuclear actin chromobody (nAC),88.60126495,-148.428833,,Yes,compound response across 12 wells,inactive,active,,,,Nuclear actin,actin filament phenotype,CMPO_0000104
1093688960,O7,Homo sapiens,NCBITaxon,9606,HeLa,EFO,EFO_0001185,DMSO,679,IAZDPXIOMUYVGZ-UHFFFAOYSA-N,CS(=O)C,,,,,Neutral Control,,Pass,Hoechst:DNA; Alexa Fluor 488 phalloidin:actin; mScarlet:fascin; iRFP:nuclear actin chromobody (nAC),6.768296242,-7.69241095,,,,,,,,,,,
1093688960,O8,Homo sapiens,NCBITaxon,9606,HeLa,EFO,EFO_0001185,,,,,,,,,Stimulator Control,Leptomycin b blocks nuclear export of fascin,Pass,Hoechst:DNA; Alexa Fluor 488 phalloidin:actin; mScarlet:fascin; iRFP:nuclear actin chromobody (nAC),96.03670502,14.05601883,,,,,,,,,,,
1093688960,O9,Homo sapiens,NCBITaxon,9606,HeLa,EFO,EFO_0001185,DMSO,679,IAZDPXIOMUYVGZ-UHFFFAOYSA-N,CS(=O)C,,,,,Neutral Control,,Pass,Hoechst:DNA; Alexa Fluor 488 phalloidin:actin; mScarlet:fascin; iRFP:nuclear actin chromobody (nAC),0.703595996,-8.72476578,,,,,,,,,,,
1093688960,O10,Homo sapiens,NCBITaxon,9606,HeLa,EFO,EFO_0001185,,,,,SN1060811386,0.3,5029,P2RY2,,,Pass,Hoechst:DNA; Alexa Fluor 488 phalloidin:actin; mScarlet:fascin; iRFP:nuclear actin chromobody (nAC),45.84049606,-56.7659454,,Yes,compound response across 12 wells,inactive,active,,,,Nuclear actin,actin filament phenotype,CMPO_0000104
1093688960,O11,Homo sapiens,NCBITaxon,9606,HeLa,EFO,EFO_0001185,,,,,SN1060811386,0.1,5029,P2RY2,,,Pass,Hoechst:DNA; Alexa Fluor 488 phalloidin:actin; mScarlet:fascin; iRFP:nuclear actin chromobody (nAC),6.480585098,-6.87013054,,Yes,compound response across 12 wells,inactive,active,,,,Nuclear actin,actin filament phenotype,CMPO_0000104
1093688960,O12,Homo sapiens,NCBITaxon,9606,HeLa,EFO,EFO_0001185,,,,,SN1060811386,0.03,5029,P2RY2,,,Pass,Hoechst:DNA; Alexa Fluor 488 phalloidin:actin; mScarlet:fascin; iRFP:nuclear actin chromobody (nAC),18.14728165,6.388388157,,Yes,compound response across 12 wells,inactive,active,,,,Nuclear actin,actin filament phenotype,CMPO_0000104
1093688960,O13,Homo sapiens,NCBITaxon,9606,HeLa,EFO,EFO_0001185,,,,,SN1060811386,0.0125,5029,P2RY2,,,Pass,Hoechst:DNA; Alexa Fluor 488 phalloidin:actin; mScarlet:fascin; iRFP:nuclear actin chromobody (nAC),8.654175758,-6.05987358,,Yes,compound response across 12 wells,inactive,active,,,,Nuclear actin,actin filament phenotype,CMPO_0000104
1093688960,O14,Homo sapiens,NCBITaxon,9606,HeLa,EFO,EFO_0001185,,,,,SN1060811386,0.003,5029,P2RY2,,,Pass,Hoechst:DNA; Alexa Fluor 488 phalloidin:actin; mScarlet:fascin; iRFP:nuclear actin chromobody (nAC),17.59232712,-19.4019852,,Yes,compound response across 12 wells,inactive,active,,,,Nuclear actin,actin filament phenotype,CMPO_0000104
1093688960,O15,Homo sapiens,NCBITaxon,9606,HeLa,EFO,EFO_0001185,,,,,SN1060811386,0.001,5029,P2RY2,,,Pass,Hoechst:DNA; Alexa Fluor 488 phalloidin:actin; mScarlet:fascin; iRFP:nuclear actin chromobody (nAC),9.020410538,-16.3641949,,Yes,compound response across 12 wells,inactive,active,,,,Nuclear actin,actin filament phenotype,CMPO_0000104
1093688960,O16,Homo sapiens,NCBITaxon,9606,HeLa,EFO,EFO_0001185,,,,,SN1060811386,0.0003,5029,P2RY2,,,Pass,Hoechst:DNA; Alexa Fluor 488 phalloidin:actin; mScarlet:fascin; iRFP:nuclear actin chromobody (nAC),10.58153534,-31.422514,,Yes,compound response across 12 wells,inactive,active,,,,Nuclear actin,actin filament phenotype,CMPO_0000104
1093688960,O17,Homo sapiens,NCBITaxon,9606,HeLa,EFO,EFO_0001185,,,,,SN1060811386,0.00003,5029,P2RY2,,,Pass,Hoechst:DNA; Alexa Fluor 488 phalloidin:actin; mScarlet:fascin; iRFP:nuclear actin chromobody (nAC),3.815621138,10.15542698,,Yes,compound response across 12 wells,inactive,active,,,,Nuclear actin,actin filament phenotype,CMPO_0000104
1093688960,O18,Homo sapiens,NCBITaxon,9606,HeLa,EFO,EFO_0001185,,,,,SN0067351101,30,2696,GIPR,,,Pass,Hoechst:DNA; Alexa Fluor 488 phalloidin:actin; mScarlet:fascin; iRFP:nuclear actin chromobody (nAC),-15.93091965,-42.0928955,,,compound response across 12 wells,inactive,inactive,,,,,,
1093688960,O19,Homo sapiens,NCBITaxon,9606,HeLa,EFO,EFO_0001185,,,,,SN0067351101,10,2696,GIPR,,,Pass,Hoechst:DNA; Alexa Fluor 488 phalloidin:actin; mScarlet:fascin; iRFP:nuclear actin chromobody (nAC),26.61236382,-12.5647516,,,compound response across 12 wells,inactive,inactive,,,,,,
1093688960,O20,Homo sapiens,NCBITaxon,9606,HeLa,EFO,EFO_0001185,,,,,SN0067351101,3.125,2696,GIPR,,,Pass,Hoechst:DNA; Alexa Fluor 488 phalloidin:actin; mScarlet:fascin; iRFP:nuclear actin chromobody (nAC),23.90299416,-6.91258574,,,compound response across 12 wells,inactive,inactive,,,,,,
1093688960,O21,Homo sapiens,NCBITaxon,9606,HeLa,EFO,EFO_0001185,,,,,SN0067351101,1.25,2696,GIPR,,,Pass,Hoechst:DNA; Alexa Fluor 488 phalloidin:actin; mScarlet:fascin; iRFP:nuclear actin chromobody (nAC),9.156476021,-13.3874855,,,compound response across 12 wells,inactive,inactive,,,,,,
1093688960,O22,Homo sapiens,NCBITaxon,9606,HeLa,EFO,EFO_0001185,,,,,SN0067351101,0.3,2696,GIPR,,,Pass,Hoechst:DNA; Alexa Fluor 488 phalloidin:actin; mScarlet:fascin; iRFP:nuclear actin chromobody (nAC),5.494134426,-0.22413613,,,compound response across 12 wells,inactive,inactive,,,,,,
1093688960,O23,Homo sapiens,NCBITaxon,9606,HeLa,EFO,EFO_0001185,,,,,SN0067351101,0.1,2696,GIPR,,,Pass,Hoechst:DNA; Alexa Fluor 488 phalloidin:actin; mScarlet:fascin; iRFP:nuclear actin chromobody (nAC),8.259474754,-31.8763332,,,compound response across 12 wells,inactive,inactive,,,,,,
1093688960,O24,Homo sapiens,NCBITaxon,9606,HeLa,EFO,EFO_0001185,DMSO,679,IAZDPXIOMUYVGZ-UHFFFAOYSA-N,CS(=O)C,,,,,Neutral Control,,Pass,Hoechst:DNA; Alexa Fluor 488 phalloidin:actin; mScarlet:fascin; iRFP:nuclear actin chromobody (nAC),4.202338219,-10.5048361,,,,,,,,,,,
1093688960,P1,Homo sapiens,NCBITaxon,9606,HeLa,EFO,EFO_0001185,DMSO,679,IAZDPXIOMUYVGZ-UHFFFAOYSA-N,CS(=O)C,,,,,Neutral Control,,Pass,Hoechst:DNA; Alexa Fluor 488 phalloidin:actin; mScarlet:fascin; iRFP:nuclear actin chromobody (nAC),-1.77907598,13.40400791,,,,,,,,,,,
1093688960,P2,Homo sapiens,NCBITaxon,9606,HeLa,EFO,EFO_0001185,,,,,,,,,Stimulator Control,Leptomycin b blocks nuclear export of fascin,Pass,Hoechst:DNA; Alexa Fluor 488 phalloidin:actin; mScarlet:fascin; iRFP:nuclear actin chromobody (nAC),95.45652008,21.59985924,,,,,,,,,,,
1093688960,P3,Homo sapiens,NCBITaxon,9606,HeLa,EFO,EFO_0001185,DMSO,679,IAZDPXIOMUYVGZ-UHFFFAOYSA-N,CS(=O)C,,,,,Neutral Control,,Pass,Hoechst:DNA; Alexa Fluor 488 phalloidin:actin; mScarlet:fascin; iRFP:nuclear actin chromobody (nAC),1.033191085,-6.05397129,,,,,,,,,,,
1093688960,P4,Homo sapiens,NCBITaxon,9606,HeLa,EFO,EFO_0001185,,,,,SN0067351101,0.03,2696,GIPR,,,Pass,Hoechst:DNA; Alexa Fluor 488 phalloidin:actin; mScarlet:fascin; iRFP:nuclear actin chromobody (nAC),6.919178963,-28.9514084,,,compound response across 12 wells,inactive,inactive,,,,,,
1093688960,P5,Homo sapiens,NCBITaxon,9606,HeLa,EFO,EFO_0001185,,,,,SN0067351101,0.0125,2696,GIPR,,,Pass,Hoechst:DNA; Alexa Fluor 488 phalloidin:actin; mScarlet:fascin; iRFP:nuclear actin chromobody (nAC),12.60052395,-4.71247721,,,compound response across 12 wells,inactive,inactive,,,,,,
1093688960,P6,Homo sapiens,NCBITaxon,9606,HeLa,EFO,EFO_0001185,,,,,SN0067351101,0.003,2696,GIPR,,,Pass,Hoechst:DNA; Alexa Fluor 488 phalloidin:actin; mScarlet:fascin; iRFP:nuclear actin chromobody (nAC),20.67375374,-20.4311047,,,compound response across 12 wells,inactive,inactive,,,,,,
1093688960,P7,Homo sapiens,NCBITaxon,9606,HeLa,EFO,EFO_0001185,,,,,SN0067351101,0.001,2696,GIPR,,,Pass,Hoechst:DNA; Alexa Fluor 488 phalloidin:actin; mScarlet:fascin; iRFP:nuclear actin chromobody (nAC),6.465736389,-5.95827198,,,compound response across 12 wells,inactive,inactive,,,,,,
1093688960,P8,Homo sapiens,NCBITaxon,9606,HeLa,EFO,EFO_0001185,,,,,SN0067351101,0.0003,2696,GIPR,,,Pass,Hoechst:DNA; Alexa Fluor 488 phalloidin:actin; mScarlet:fascin; iRFP:nuclear actin chromobody (nAC),3.082078934,-32.9158325,,,compound response across 12 wells,inactive,inactive,,,,,,
1093688960,P9,Homo sapiens,NCBITaxon,9606,HeLa,EFO,EFO_0001185,,,,,SN0067351101,0.00003,2696,GIPR,,,Pass,Hoechst:DNA; Alexa Fluor 488 phalloidin:actin; mScarlet:fascin; iRFP:nuclear actin chromobody (nAC),17.47148514,8.054035187,,,compound response across 12 wells,inactive,inactive,,,,,,
1093688960,P10,Homo sapiens,NCBITaxon,9606,HeLa,EFO,EFO_0001185,,,,,SN1062915191,30,4914,NTRK1,,,Pass,Hoechst:DNA; Alexa Fluor 488 phalloidin:actin; mScarlet:fascin; iRFP:nuclear actin chromobody (nAC),147.5035095,,,Yes,compound response across 12 wells,inactive,active,,,,Nuclear actin,actin filament phenotype,CMPO_0000104
1093688960,P11,Homo sapiens,NCBITaxon,9606,HeLa,EFO,EFO_0001185,,,,,SN1062915191,10,4914,NTRK1,,,Pass,Hoechst:DNA; Alexa Fluor 488 phalloidin:actin; mScarlet:fascin; iRFP:nuclear actin chromobody (nAC),117.4722214,-209.460129,,Yes,compound response across 12 wells,inactive,active,,,,Nuclear actin,actin filament phenotype,CMPO_0000104
1093688960,P12,Homo sapiens,NCBITaxon,9606,HeLa,EFO,EFO_0001185,,,,,SN1062915191,3.125,4914,NTRK1,,,Pass,Hoechst:DNA; Alexa Fluor 488 phalloidin:actin; mScarlet:fascin; iRFP:nuclear actin chromobody (nAC),62.18133926,-68.9089279,,Yes,compound response across 12 wells,inactive,active,,,,Nuclear actin,actin filament phenotype,CMPO_0000104
1093688960,P13,Homo sapiens,NCBITaxon,9606,HeLa,EFO,EFO_0001185,,,,,SN1062915191,1.25,4914,NTRK1,,,Pass,Hoechst:DNA; Alexa Fluor 488 phalloidin:actin; mScarlet:fascin; iRFP:nuclear actin chromobody (nAC),11.44473076,13.12590599,,Yes,compound response across 12 wells,inactive,active,,,,Nuclear actin,actin filament phenotype,CMPO_0000104
1093688960,P14,Homo sapiens,NCBITaxon,9606,HeLa,EFO,EFO_0001185,,,,,SN1062915191,0.3,4914,NTRK1,,,Pass,Hoechst:DNA; Alexa Fluor 488 phalloidin:actin; mScarlet:fascin; iRFP:nuclear actin chromobody (nAC),-0.614224255,16.46593285,,Yes,compound response across 12 wells,inactive,active,,,,Nuclear actin,actin filament phenotype,CMPO_0000104
1093688960,P15,Homo sapiens,NCBITaxon,9606,HeLa,EFO,EFO_0001185,,,,,SN1062915191,0.1,4914,NTRK1,,,Pass,Hoechst:DNA; Alexa Fluor 488 phalloidin:actin; mScarlet:fascin; iRFP:nuclear actin chromobody (nAC),33.46634293,-11.3524218,,Yes,compound response across 12 wells,inactive,active,,,,Nuclear actin,actin filament phenotype,CMPO_0000104
1093688960,P16,Homo sapiens,NCBITaxon,9606,HeLa,EFO,EFO_0001185,,,,,SN1062915191,0.03,4914,NTRK1,,,Pass,Hoechst:DNA; Alexa Fluor 488 phalloidin:actin; mScarlet:fascin; iRFP:nuclear actin chromobody (nAC),11.3034668,-1.10842729,,Yes,compound response across 12 wells,inactive,active,,,,Nuclear actin,actin filament phenotype,CMPO_0000104
1093688960,P17,Homo sapiens,NCBITaxon,9606,HeLa,EFO,EFO_0001185,,,,,SN1062915191,0.0125,4914,NTRK1,,,Pass,Hoechst:DNA; Alexa Fluor 488 phalloidin:actin; mScarlet:fascin; iRFP:nuclear actin chromobody (nAC),15.00551319,-12.853549,,Yes,compound response across 12 wells,inactive,active,,,,Nuclear actin,actin filament phenotype,CMPO_0000104
1093688960,P18,Homo sapiens,NCBITaxon,9606,HeLa,EFO,EFO_0001185,DMSO,679,IAZDPXIOMUYVGZ-UHFFFAOYSA-N,CS(=O)C,,,,,Neutral Control,,Pass,Hoechst:DNA; Alexa Fluor 488 phalloidin:actin; mScarlet:fascin; iRFP:nuclear actin chromobody (nAC),-2.134430647,2.727487087,,,,,,,,,,,
1093688960,P19,Homo sapiens,NCBITaxon,9606,HeLa,EFO,EFO_0001185,,,,,,,,,Stimulator Control,Leptomycin b blocks nuclear export of fascin,Pass,Hoechst:DNA; Alexa Fluor 488 phalloidin:actin; mScarlet:fascin; iRFP:nuclear actin chromobody (nAC),121.0056534,-13.5044947,,,,,,,,,,,
1093688960,P20,Homo sapiens,NCBITaxon,9606,HeLa,EFO,EFO_0001185,DMSO,679,IAZDPXIOMUYVGZ-UHFFFAOYSA-N,CS(=O)C,,,,,Neutral Control,,Pass,Hoechst:DNA; Alexa Fluor 488 phalloidin:actin; mScarlet:fascin; iRFP:nuclear actin chromobody (nAC),-0.691159904,-14.8620949,,,,,,,,,,,
1093688960,P21,Homo sapiens,NCBITaxon,9606,HeLa,EFO,EFO_0001185,,,,,SN1062915191,0.003,4914,NTRK1,,,Pass,Hoechst:DNA; Alexa Fluor 488 phalloidin:actin; mScarlet:fascin; iRFP:nuclear actin chromobody (nAC),20.34305191,-31.0827084,,Yes,compound response across 12 wells,inactive,active,,,,Nuclear actin,actin filament phenotype,CMPO_0000104
1093688960,P22,Homo sapiens,NCBITaxon,9606,HeLa,EFO,EFO_0001185,,,,,SN1062915191,0.001,4914,NTRK1,,,Pass,Hoechst:DNA; Alexa Fluor 488 phalloidin:actin; mScarlet:fascin; iRFP:nuclear actin chromobody (nAC),13.32520962,-31.1614475,,Yes,compound response across 12 wells,inactive,active,,,,Nuclear actin,actin filament phenotype,CMPO_0000104
1093688960,P23,Homo sapiens,NCBITaxon,9606,HeLa,EFO,EFO_0001185,,,,,SN1062915191,0.0003,4914,NTRK1,,,Pass,Hoechst:DNA; Alexa Fluor 488 phalloidin:actin; mScarlet:fascin; iRFP:nuclear actin chromobody (nAC),25.16314888,-39.3689041,,Yes,compound response across 12 wells,inactive,active,,,,Nuclear actin,actin filament phenotype,CMPO_0000104
1093688960,P24,Homo sapiens,NCBITaxon,9606,HeLa,EFO,EFO_0001185,,,,,SN1062915191,0.00003,4914,NTRK1,,,Pass,Hoechst:DNA; Alexa Fluor 488 phalloidin:actin; mScarlet:fascin; iRFP:nuclear actin chromobody (nAC),13.85698891,-18.311245,,Yes,compound response across 12 wells,inactive,active,,,,Nuclear actin,actin filament phenotype,CMPO_0000104
1093688977,A1,Homo sapiens,NCBITaxon,9606,HeLa,EFO,EFO_0001185,DMSO,679,IAZDPXIOMUYVGZ-UHFFFAOYSA-N,CS(=O)C,,,,,Neutral Control,,Pass,Hoechst:DNA; Alexa Fluor 488 phalloidin:actin; mScarlet:fascin; iRFP:nuclear actin chromobody (nAC),7.489581108,-25.0366344,,,,,,,,,,,
1093688977,A2,Homo sapiens,NCBITaxon,9606,HeLa,EFO,EFO_0001185,,,,,,,,,Stimulator Control,Leptomycin b blocks nuclear export of fascin,Pass,Hoechst:DNA; Alexa Fluor 488 phalloidin:actin; mScarlet:fascin; iRFP:nuclear actin chromobody (nAC),91.5994873,3.756947994,,,,,,,,,,,
1093688977,A3,Homo sapiens,NCBITaxon,9606,HeLa,EFO,EFO_0001185,DMSO,679,IAZDPXIOMUYVGZ-UHFFFAOYSA-N,CS(=O)C,,,,,Neutral Control,,Pass,Hoechst:DNA; Alexa Fluor 488 phalloidin:actin; mScarlet:fascin; iRFP:nuclear actin chromobody (nAC),-4.481039047,-41.5662766,,,,,,,,,,,
1093688977,A4,Homo sapiens,NCBITaxon,9606,HeLa,EFO,EFO_0001185,,,,,SN1057353095,30,55775,TDP1,,,Pass,Hoechst:DNA; Alexa Fluor 488 phalloidin:actin; mScarlet:fascin; iRFP:nuclear actin chromobody (nAC),150.328064,144.3030548,Yes,Yes,compound response across 12 wells,active,inactive,Nuclear fascin,regulation of protein localization to nucleus,GO_1900180,,,
1093688977,A5,Homo sapiens,NCBITaxon,9606,HeLa,EFO,EFO_0001185,,,,,SN1057353095,10,55775,TDP1,,,Pass,Hoechst:DNA; Alexa Fluor 488 phalloidin:actin; mScarlet:fascin; iRFP:nuclear actin chromobody (nAC),70.27326965,21.39470863,Yes,Yes,compound response across 12 wells,active,inactive,Nuclear fascin,regulation of protein localization to nucleus,GO_1900180,,,
1093688977,A6,Homo sapiens,NCBITaxon,9606,HeLa,EFO,EFO_0001185,,,,,SN1057353095,3.125,55775,TDP1,,,Pass,Hoechst:DNA; Alexa Fluor 488 phalloidin:actin; mScarlet:fascin; iRFP:nuclear actin chromobody (nAC),19.17824173,-60.474556,Yes,Yes,compound response across 12 wells,active,inactive,Nuclear fascin,regulation of protein localization to nucleus,GO_1900180,,,
1093688977,A7,Homo sapiens,NCBITaxon,9606,HeLa,EFO,EFO_0001185,,,,,SN1057353095,1.25,55775,TDP1,,,Pass,Hoechst:DNA; Alexa Fluor 488 phalloidin:actin; mScarlet:fascin; iRFP:nuclear actin chromobody (nAC),-27.23105621,9.844437599,Yes,Yes,compound response across 12 wells,active,inactive,Nuclear fascin,regulation of protein localization to nucleus,GO_1900180,,,
1093688977,A8,Homo sapiens,NCBITaxon,9606,HeLa,EFO,EFO_0001185,,,,,SN1057353095,0.3,55775,TDP1,,,Pass,Hoechst:DNA; Alexa Fluor 488 phalloidin:actin; mScarlet:fascin; iRFP:nuclear actin chromobody (nAC),8.869651794,8.857372284,Yes,Yes,compound response across 12 wells,active,inactive,Nuclear fascin,regulation of protein localization to nucleus,GO_1900180,,,
1093688977,A9,Homo sapiens,NCBITaxon,9606,HeLa,EFO,EFO_0001185,,,,,SN1057353095,0.1,55775,TDP1,,,Pass,Hoechst:DNA; Alexa Fluor 488 phalloidin:actin; mScarlet:fascin; iRFP:nuclear actin chromobody (nAC),14.05486965,-22.1341171,Yes,Yes,compound response across 12 wells,active,inactive,Nuclear fascin,regulation of protein localization to nucleus,GO_1900180,,,
1093688977,A10,Homo sapiens,NCBITaxon,9606,HeLa,EFO,EFO_0001185,,,,,SN1057353095,0.03,55775,TDP1,,,Pass,Hoechst:DNA; Alexa Fluor 488 phalloidin:actin; mScarlet:fascin; iRFP:nuclear actin chromobody (nAC),10.93973351,-42.5922813,Yes,Yes,compound response across 12 wells,active,inactive,Nuclear fascin,regulation of protein localization to nucleus,GO_1900180,,,
1093688977,A11,Homo sapiens,NCBITaxon,9606,HeLa,EFO,EFO_0001185,,,,,SN1057353095,0.0125,55775,TDP1,,,Pass,Hoechst:DNA; Alexa Fluor 488 phalloidin:actin; mScarlet:fascin; iRFP:nuclear actin chromobody (nAC),0.056719594,20.28900337,Yes,Yes,compound response across 12 wells,active,inactive,Nuclear fascin,regulation of protein localization to nucleus,GO_1900180,,,
1093688977,A12,Homo sapiens,NCBITaxon,9606,HeLa,EFO,EFO_0001185,DMSO,679,IAZDPXIOMUYVGZ-UHFFFAOYSA-N,CS(=O)C,,,,,Neutral Control,,Pass,Hoechst:DNA; Alexa Fluor 488 phalloidin:actin; mScarlet:fascin; iRFP:nuclear actin chromobody (nAC),8.460102081,1.098827124,,,,,,,,,,,
1093688977,A13,Homo sapiens,NCBITaxon,9606,HeLa,EFO,EFO_0001185,,,,,,,,,Stimulator Control,Leptomycin b blocks nuclear export of fascin,Pass,Hoechst:DNA; Alexa Fluor 488 phalloidin:actin; mScarlet:fascin; iRFP:nuclear actin chromobody (nAC),96.92389679,15.80717564,,,,,,,,,,,
1093688977,A14,Homo sapiens,NCBITaxon,9606,HeLa,EFO,EFO_0001185,DMSO,679,IAZDPXIOMUYVGZ-UHFFFAOYSA-N,CS(=O)C,,,,,Neutral Control,,Pass,Hoechst:DNA; Alexa Fluor 488 phalloidin:actin; mScarlet:fascin; iRFP:nuclear actin chromobody (nAC),4.973558426,7.227040768,,,,,,,,,,,
1093688977,A15,Homo sapiens,NCBITaxon,9606,HeLa,EFO,EFO_0001185,,,,,SN1057353095,0.003,55775,TDP1,,,Pass,Hoechst:DNA; Alexa Fluor 488 phalloidin:actin; mScarlet:fascin; iRFP:nuclear actin chromobody (nAC),0.743419886,-67.0948944,Yes,Yes,compound response across 12 wells,active,inactive,Nuclear fascin,regulation of protein localization to nucleus,GO_1900180,,,
1093688977,A16,Homo sapiens,NCBITaxon,9606,HeLa,EFO,EFO_0001185,,,,,SN1057353095,0.001,55775,TDP1,,,Pass,Hoechst:DNA; Alexa Fluor 488 phalloidin:actin; mScarlet:fascin; iRFP:nuclear actin chromobody (nAC),13.31847,-11.1604614,Yes,Yes,compound response across 12 wells,active,inactive,Nuclear fascin,regulation of protein localization to nucleus,GO_1900180,,,
1093688977,A17,Homo sapiens,NCBITaxon,9606,HeLa,EFO,EFO_0001185,,,,,SN1057353095,0.0003,55775,TDP1,,,Pass,Hoechst:DNA; Alexa Fluor 488 phalloidin:actin; mScarlet:fascin; iRFP:nuclear actin chromobody (nAC),3.263390303,-7.72439623,Yes,Yes,compound response across 12 wells,active,inactive,Nuclear fascin,regulation of protein localization to nucleus,GO_1900180,,,
1093688977,A18,Homo sapiens,NCBITaxon,9606,HeLa,EFO,EFO_0001185,,,,,SN1057353095,0.00003,55775,TDP1,,,Pass,Hoechst:DNA; Alexa Fluor 488 phalloidin:actin; mScarlet:fascin; iRFP:nuclear actin chromobody (nAC),12.1091156,-8.32808208,Yes,Yes,compound response across 12 wells,active,inactive,Nuclear fascin,regulation of protein localization to nucleus,GO_1900180,,,
1093688977,A19,Homo sapiens,NCBITaxon,9606,HeLa,EFO,EFO_0001185,,,,,SN1024729428,30,152,ADRA2C,,,Fail,Hoechst:DNA; Alexa Fluor 488 phalloidin:actin; mScarlet:fascin; iRFP:nuclear actin chromobody (nAC),345.9303284,-397.368439,,,compound response across 12 wells,inactive,inactive,,,,,,
1093688977,A20,Homo sapiens,NCBITaxon,9606,HeLa,EFO,EFO_0001185,,,,,SN1024729428,10,152,ADRA2C,,,Fail,Hoechst:DNA; Alexa Fluor 488 phalloidin:actin; mScarlet:fascin; iRFP:nuclear actin chromobody (nAC),344.9730835,-232.334549,,,compound response across 12 wells,inactive,inactive,,,,,,
1093688977,A21,Homo sapiens,NCBITaxon,9606,HeLa,EFO,EFO_0001185,,,,,SN1024729428,3.125,152,ADRA2C,,,Pass,Hoechst:DNA; Alexa Fluor 488 phalloidin:actin; mScarlet:fascin; iRFP:nuclear actin chromobody (nAC),140.3419037,-181.657211,,,compound response across 12 wells,inactive,inactive,,,,,,
1093688977,A22,Homo sapiens,NCBITaxon,9606,HeLa,EFO,EFO_0001185,,,,,SN1024729428,1.25,152,ADRA2C,,,Pass,Hoechst:DNA; Alexa Fluor 488 phalloidin:actin; mScarlet:fascin; iRFP:nuclear actin chromobody (nAC),57.11976624,-43.8217545,,,compound response across 12 wells,inactive,inactive,,,,,,
1093688977,A23,Homo sapiens,NCBITaxon,9606,HeLa,EFO,EFO_0001185,DMSO,679,IAZDPXIOMUYVGZ-UHFFFAOYSA-N,CS(=O)C,,,,,Neutral Control,,Pass,Hoechst:DNA; Alexa Fluor 488 phalloidin:actin; mScarlet:fascin; iRFP:nuclear actin chromobody (nAC),6.080776691,2.639591694,,,,,,,,,,,
1093688977,A24,Homo sapiens,NCBITaxon,9606,HeLa,EFO,EFO_0001185,,,,,,,,,Stimulator Control,Leptomycin b blocks nuclear export of fascin,Pass,Hoechst:DNA; Alexa Fluor 488 phalloidin:actin; mScarlet:fascin; iRFP:nuclear actin chromobody (nAC),126.4602432,-8.68994999,,,,,,,,,,,
1093688977,B1,Homo sapiens,NCBITaxon,9606,HeLa,EFO,EFO_0001185,,,,,SN1024729428,0.3,152,ADRA2C,,,Pass,Hoechst:DNA; Alexa Fluor 488 phalloidin:actin; mScarlet:fascin; iRFP:nuclear actin chromobody (nAC),27.66462708,22.47775269,,,compound response across 12 wells,inactive,inactive,,,,,,
1093688977,B2,Homo sapiens,NCBITaxon,9606,HeLa,EFO,EFO_0001185,,,,,SN1024729428,0.1,152,ADRA2C,,,Pass,Hoechst:DNA; Alexa Fluor 488 phalloidin:actin; mScarlet:fascin; iRFP:nuclear actin chromobody (nAC),8.075116158,-21.0719376,,,compound response across 12 wells,inactive,inactive,,,,,,
1093688977,B3,Homo sapiens,NCBITaxon,9606,HeLa,EFO,EFO_0001185,,,,,SN1024729428,0.03,152,ADRA2C,,,Pass,Hoechst:DNA; Alexa Fluor 488 phalloidin:actin; mScarlet:fascin; iRFP:nuclear actin chromobody (nAC),12.66169834,-5.93568611,,,compound response across 12 wells,inactive,inactive,,,,,,
1093688977,B4,Homo sapiens,NCBITaxon,9606,HeLa,EFO,EFO_0001185,,,,,SN1024729428,0.0125,152,ADRA2C,,,Pass,Hoechst:DNA; Alexa Fluor 488 phalloidin:actin; mScarlet:fascin; iRFP:nuclear actin chromobody (nAC),0.514869988,0.129989028,,,compound response across 12 wells,inactive,inactive,,,,,,
1093688977,B5,Homo sapiens,NCBITaxon,9606,HeLa,EFO,EFO_0001185,,,,,SN1024729428,0.003,152,ADRA2C,,,Pass,Hoechst:DNA; Alexa Fluor 488 phalloidin:actin; mScarlet:fascin; iRFP:nuclear actin chromobody (nAC),15.97154045,-20.1498432,,,compound response across 12 wells,inactive,inactive,,,,,,
1093688977,B6,Homo sapiens,NCBITaxon,9606,HeLa,EFO,EFO_0001185,,,,,SN1024729428,0.001,152,ADRA2C,,,Pass,Hoechst:DNA; Alexa Fluor 488 phalloidin:actin; mScarlet:fascin; iRFP:nuclear actin chromobody (nAC),18.01922417,-21.1225166,,,compound response across 12 wells,inactive,inactive,,,,,,
1093688977,B7,Homo sapiens,NCBITaxon,9606,HeLa,EFO,EFO_0001185,,,,,SN1024729428,0.0003,152,ADRA2C,,,Pass,Hoechst:DNA; Alexa Fluor 488 phalloidin:actin; mScarlet:fascin; iRFP:nuclear actin chromobody (nAC),10.61180115,-8.81198406,,,compound response across 12 wells,inactive,inactive,,,,,,
1093688977,B8,Homo sapiens,NCBITaxon,9606,HeLa,EFO,EFO_0001185,,,,,SN1024729428,0.00003,152,ADRA2C,,,Pass,Hoechst:DNA; Alexa Fluor 488 phalloidin:actin; mScarlet:fascin; iRFP:nuclear actin chromobody (nAC),-0.471713424,-4.3506279,,,compound response across 12 wells,inactive,inactive,,,,,,
1093688977,B9,Homo sapiens,NCBITaxon,9606,HeLa,EFO,EFO_0001185,,,,,SN1048268586,30,2932,GSK3B,,,Pass,Hoechst:DNA; Alexa Fluor 488 phalloidin:actin; mScarlet:fascin; iRFP:nuclear actin chromobody (nAC),39.21912384,-283.781311,,Yes,compound response across 12 wells,active,active,Nuclear fascin,regulation of protein localization to nucleus,GO_1900180,Nuclear actin,actin filament phenotype,CMPO_0000104
1093688977,B10,Homo sapiens,NCBITaxon,9606,HeLa,EFO,EFO_0001185,,,,,SN1048268586,10,2932,GSK3B,,,Pass,Hoechst:DNA; Alexa Fluor 488 phalloidin:actin; mScarlet:fascin; iRFP:nuclear actin chromobody (nAC),28.26257896,-34.3789597,,Yes,compound response across 12 wells,active,active,Nuclear fascin,regulation of protein localization to nucleus,GO_1900180,Nuclear actin,actin filament phenotype,CMPO_0000104
1093688977,B11,Homo sapiens,NCBITaxon,9606,HeLa,EFO,EFO_0001185,,,,,SN1048268586,3.125,2932,GSK3B,,,Pass,Hoechst:DNA; Alexa Fluor 488 phalloidin:actin; mScarlet:fascin; iRFP:nuclear actin chromobody (nAC),54.84657288,-98.107132,,Yes,compound response across 12 wells,active,active,Nuclear fascin,regulation of protein localization to nucleus,GO_1900180,Nuclear actin,actin filament phenotype,CMPO_0000104
1093688977,B12,Homo sapiens,NCBITaxon,9606,HeLa,EFO,EFO_0001185,,,,,SN1048268586,1.25,2932,GSK3B,,,Pass,Hoechst:DNA; Alexa Fluor 488 phalloidin:actin; mScarlet:fascin; iRFP:nuclear actin chromobody (nAC),41.20432281,-62.5663147,,Yes,compound response across 12 wells,active,active,Nuclear fascin,regulation of protein localization to nucleus,GO_1900180,Nuclear actin,actin filament phenotype,CMPO_0000104
1093688977,B13,Homo sapiens,NCBITaxon,9606,HeLa,EFO,EFO_0001185,,,,,SN1048268586,0.3,2932,GSK3B,,,Pass,Hoechst:DNA; Alexa Fluor 488 phalloidin:actin; mScarlet:fascin; iRFP:nuclear actin chromobody (nAC),23.626791,-11.0164738,,Yes,compound response across 12 wells,active,active,Nuclear fascin,regulation of protein localization to nucleus,GO_1900180,Nuclear actin,actin filament phenotype,CMPO_0000104
1093688977,B14,Homo sapiens,NCBITaxon,9606,HeLa,EFO,EFO_0001185,,,,,SN1048268586,0.1,2932,GSK3B,,,Pass,Hoechst:DNA; Alexa Fluor 488 phalloidin:actin; mScarlet:fascin; iRFP:nuclear actin chromobody (nAC),27.20625305,-10.2904091,,Yes,compound response across 12 wells,active,active,Nuclear fascin,regulation of protein localization to nucleus,GO_1900180,Nuclear actin,actin filament phenotype,CMPO_0000104
1093688977,B15,Homo sapiens,NCBITaxon,9606,HeLa,EFO,EFO_0001185,,,,,SN1048268586,0.03,2932,GSK3B,,,Pass,Hoechst:DNA; Alexa Fluor 488 phalloidin:actin; mScarlet:fascin; iRFP:nuclear actin chromobody (nAC),10.64148998,18.8631649,,Yes,compound response across 12 wells,active,active,Nuclear fascin,regulation of protein localization to nucleus,GO_1900180,Nuclear actin,actin filament phenotype,CMPO_0000104
1093688977,B16,Homo sapiens,NCBITaxon,9606,HeLa,EFO,EFO_0001185,,,,,SN1048268586,0.0125,2932,GSK3B,,,Pass,Hoechst:DNA; Alexa Fluor 488 phalloidin:actin; mScarlet:fascin; iRFP:nuclear actin chromobody (nAC),19.13986206,5.546644688,,Yes,compound response across 12 wells,active,active,Nuclear fascin,regulation of protein localization to nucleus,GO_1900180,Nuclear actin,actin filament phenotype,CMPO_0000104
1093688977,B17,Homo sapiens,NCBITaxon,9606,HeLa,EFO,EFO_0001185,,,,,SN1048268586,0.003,2932,GSK3B,,,Pass,Hoechst:DNA; Alexa Fluor 488 phalloidin:actin; mScarlet:fascin; iRFP:nuclear actin chromobody (nAC),10.32963562,-4.60509491,,Yes,compound response across 12 wells,active,active,Nuclear fascin,regulation of protein localization to nucleus,GO_1900180,Nuclear actin,actin filament phenotype,CMPO_0000104
1093688977,B18,Homo sapiens,NCBITaxon,9606,HeLa,EFO,EFO_0001185,,,,,SN1048268586,0.001,2932,GSK3B,,,Pass,Hoechst:DNA; Alexa Fluor 488 phalloidin:actin; mScarlet:fascin; iRFP:nuclear actin chromobody (nAC),-0.568087399,2.835906029,,Yes,compound response across 12 wells,active,active,Nuclear fascin,regulation of protein localization to nucleus,GO_1900180,Nuclear actin,actin filament phenotype,CMPO_0000104
1093688977,B19,Homo sapiens,NCBITaxon,9606,HeLa,EFO,EFO_0001185,,,,,SN1048268586,0.0003,2932,GSK3B,,,Pass,Hoechst:DNA; Alexa Fluor 488 phalloidin:actin; mScarlet:fascin; iRFP:nuclear actin chromobody (nAC),-7.256271362,-12.2499666,,Yes,compound response across 12 wells,active,active,Nuclear fascin,regulation of protein localization to nucleus,GO_1900180,Nuclear actin,actin filament phenotype,CMPO_0000104
1093688977,B20,Homo sapiens,NCBITaxon,9606,HeLa,EFO,EFO_0001185,,,,,SN1048268586,0.00003,2932,GSK3B,,,Pass,Hoechst:DNA; Alexa Fluor 488 phalloidin:actin; mScarlet:fascin; iRFP:nuclear actin chromobody (nAC),19.06784439,1.962763071,,Yes,compound response across 12 wells,active,active,Nuclear fascin,regulation of protein localization to nucleus,GO_1900180,Nuclear actin,actin filament phenotype,CMPO_0000104
1093688977,B21,Homo sapiens,NCBITaxon,9606,HeLa,EFO,EFO_0001185,,,,,SN0203289526,30,891,CCNB1,,,Pass,Hoechst:DNA; Alexa Fluor 488 phalloidin:actin; mScarlet:fascin; iRFP:nuclear actin chromobody (nAC),151.7683563,-189.366714,,Yes,compound response across 12 wells,active,active,Nuclear fascin,regulation of protein localization to nucleus,GO_1900180,Nuclear actin,actin filament phenotype,CMPO_0000104
1093688977,B22,Homo sapiens,NCBITaxon,9606,HeLa,EFO,EFO_0001185,,,,,SN0203289526,10,891,CCNB1,,,Pass,Hoechst:DNA; Alexa Fluor 488 phalloidin:actin; mScarlet:fascin; iRFP:nuclear actin chromobody (nAC),39.97298431,-54.3343887,,Yes,compound response across 12 wells,active,active,Nuclear fascin,regulation of protein localization to nucleus,GO_1900180,Nuclear actin,actin filament phenotype,CMPO_0000104
1093688977,B23,Homo sapiens,NCBITaxon,9606,HeLa,EFO,EFO_0001185,,,,,SN0203289526,3.125,891,CCNB1,,,Pass,Hoechst:DNA; Alexa Fluor 488 phalloidin:actin; mScarlet:fascin; iRFP:nuclear actin chromobody (nAC),93.74782562,-411.192963,,Yes,compound response across 12 wells,active,active,Nuclear fascin,regulation of protein localization to nucleus,GO_1900180,Nuclear actin,actin filament phenotype,CMPO_0000104
1093688977,B24,Homo sapiens,NCBITaxon,9606,HeLa,EFO,EFO_0001185,,,,,SN0203289526,1.25,891,CCNB1,,,Pass,Hoechst:DNA; Alexa Fluor 488 phalloidin:actin; mScarlet:fascin; iRFP:nuclear actin chromobody (nAC),17.08709908,-71.9977951,,Yes,compound response across 12 wells,active,active,Nuclear fascin,regulation of protein localization to nucleus,GO_1900180,Nuclear actin,actin filament phenotype,CMPO_0000104
1093688977,C1,Homo sapiens,NCBITaxon,9606,HeLa,EFO,EFO_0001185,,,,,SN0203289526,0.3,891,CCNB1,,,Pass,Hoechst:DNA; Alexa Fluor 488 phalloidin:actin; mScarlet:fascin; iRFP:nuclear actin chromobody (nAC),0.989417017,-18.5253792,,Yes,compound response across 12 wells,active,active,Nuclear fascin,regulation of protein localization to nucleus,GO_1900180,Nuclear actin,actin filament phenotype,CMPO_0000104
1093688977,C2,Homo sapiens,NCBITaxon,9606,HeLa,EFO,EFO_0001185,,,,,SN0203289526,0.1,891,CCNB1,,,Pass,Hoechst:DNA; Alexa Fluor 488 phalloidin:actin; mScarlet:fascin; iRFP:nuclear actin chromobody (nAC),10.9709034,-47.0350075,,Yes,compound response across 12 wells,active,active,Nuclear fascin,regulation of protein localization to nucleus,GO_1900180,Nuclear actin,actin filament phenotype,CMPO_0000104
1093688977,C3,Homo sapiens,NCBITaxon,9606,HeLa,EFO,EFO_0001185,,,,,SN0203289526,0.03,891,CCNB1,,,Pass,Hoechst:DNA; Alexa Fluor 488 phalloidin:actin; mScarlet:fascin; iRFP:nuclear actin chromobody (nAC),9.121013641,-26.3274078,,Yes,compound response across 12 wells,active,active,Nuclear fascin,regulation of protein localization to nucleus,GO_1900180,Nuclear actin,actin filament phenotype,CMPO_0000104
1093688977,C4,Homo sapiens,NCBITaxon,9606,HeLa,EFO,EFO_0001185,,,,,SN0203289526,0.0125,891,CCNB1,,,Pass,Hoechst:DNA; Alexa Fluor 488 phalloidin:actin; mScarlet:fascin; iRFP:nuclear actin chromobody (nAC),7.609308243,-24.3100796,,Yes,compound response across 12 wells,active,active,Nuclear fascin,regulation of protein localization to nucleus,GO_1900180,Nuclear actin,actin filament phenotype,CMPO_0000104
1093688977,C5,Homo sapiens,NCBITaxon,9606,HeLa,EFO,EFO_0001185,DMSO,679,IAZDPXIOMUYVGZ-UHFFFAOYSA-N,CS(=O)C,,,,,Neutral Control,,Pass,Hoechst:DNA; Alexa Fluor 488 phalloidin:actin; mScarlet:fascin; iRFP:nuclear actin chromobody (nAC),-3.12327075,-1.09882712,,,,,,,,,,,
1093688977,C6,Homo sapiens,NCBITaxon,9606,HeLa,EFO,EFO_0001185,,,,,,,,,Stimulator Control,Leptomycin b blocks nuclear export of fascin,Pass,Hoechst:DNA; Alexa Fluor 488 phalloidin:actin; mScarlet:fascin; iRFP:nuclear actin chromobody (nAC),102.2146301,-11.7404575,,,,,,,,,,,
1093688977,C7,Homo sapiens,NCBITaxon,9606,HeLa,EFO,EFO_0001185,DMSO,679,IAZDPXIOMUYVGZ-UHFFFAOYSA-N,CS(=O)C,,,,,Neutral Control,,Pass,Hoechst:DNA; Alexa Fluor 488 phalloidin:actin; mScarlet:fascin; iRFP:nuclear actin chromobody (nAC),-3.467233896,-20.633007,,,,,,,,,,,
1093688977,C8,Homo sapiens,NCBITaxon,9606,HeLa,EFO,EFO_0001185,,,,,SN0203289526,0.003,891,CCNB1,,,Pass,Hoechst:DNA; Alexa Fluor 488 phalloidin:actin; mScarlet:fascin; iRFP:nuclear actin chromobody (nAC),16.32838249,8.908888817,,Yes,compound response across 12 wells,active,active,Nuclear fascin,regulation of protein localization to nucleus,GO_1900180,Nuclear actin,actin filament phenotype,CMPO_0000104
1093688977,C9,Homo sapiens,NCBITaxon,9606,HeLa,EFO,EFO_0001185,,,,,SN0203289526,0.001,891,CCNB1,,,Pass,Hoechst:DNA; Alexa Fluor 488 phalloidin:actin; mScarlet:fascin; iRFP:nuclear actin chromobody (nAC),17.14864349,-26.1035805,,Yes,compound response across 12 wells,active,active,Nuclear fascin,regulation of protein localization to nucleus,GO_1900180,Nuclear actin,actin filament phenotype,CMPO_0000104
1093688977,C10,Homo sapiens,NCBITaxon,9606,HeLa,EFO,EFO_0001185,,,,,SN0203289526,0.0003,891,CCNB1,,,Pass,Hoechst:DNA; Alexa Fluor 488 phalloidin:actin; mScarlet:fascin; iRFP:nuclear actin chromobody (nAC),2.161457539,12.65399837,,Yes,compound response across 12 wells,active,active,Nuclear fascin,regulation of protein localization to nucleus,GO_1900180,Nuclear actin,actin filament phenotype,CMPO_0000104
1093688977,C11,Homo sapiens,NCBITaxon,9606,HeLa,EFO,EFO_0001185,,,,,SN0203289526,0.00003,891,CCNB1,,,Pass,Hoechst:DNA; Alexa Fluor 488 phalloidin:actin; mScarlet:fascin; iRFP:nuclear actin chromobody (nAC),13.5425148,-0.48322433,,Yes,compound response across 12 wells,active,active,Nuclear fascin,regulation of protein localization to nucleus,GO_1900180,Nuclear actin,actin filament phenotype,CMPO_0000104
1093688977,C12,Homo sapiens,NCBITaxon,9606,HeLa,EFO,EFO_0001185,,,,,SN0213315970,30,8317,CDC7,,,Pass,Hoechst:DNA; Alexa Fluor 488 phalloidin:actin; mScarlet:fascin; iRFP:nuclear actin chromobody (nAC),-18.26011086,-3.54780889,,,compound response across 12 wells,inactive,inactive,,,,,,
1093688977,C13,Homo sapiens,NCBITaxon,9606,HeLa,EFO,EFO_0001185,,,,,SN0213315970,10,8317,CDC7,,,Pass,Hoechst:DNA; Alexa Fluor 488 phalloidin:actin; mScarlet:fascin; iRFP:nuclear actin chromobody (nAC),3.34500742,0.97681725,,,compound response across 12 wells,inactive,inactive,,,,,,
1093688977,C14,Homo sapiens,NCBITaxon,9606,HeLa,EFO,EFO_0001185,,,,,SN0213315970,3.125,8317,CDC7,,,Pass,Hoechst:DNA; Alexa Fluor 488 phalloidin:actin; mScarlet:fascin; iRFP:nuclear actin chromobody (nAC),15.04621315,-63.1528587,,,compound response across 12 wells,inactive,inactive,,,,,,
1093688977,C15,Homo sapiens,NCBITaxon,9606,HeLa,EFO,EFO_0001185,,,,,SN0213315970,1.25,8317,CDC7,,,Pass,Hoechst:DNA; Alexa Fluor 488 phalloidin:actin; mScarlet:fascin; iRFP:nuclear actin chromobody (nAC),16.49989319,13.94245529,,,compound response across 12 wells,inactive,inactive,,,,,,
1093688977,C16,Homo sapiens,NCBITaxon,9606,HeLa,EFO,EFO_0001185,DMSO,679,IAZDPXIOMUYVGZ-UHFFFAOYSA-N,CS(=O)C,,,,,Neutral Control,,Pass,Hoechst:DNA; Alexa Fluor 488 phalloidin:actin; mScarlet:fascin; iRFP:nuclear actin chromobody (nAC),-12.52170563,15.3674345,,,,,,,,,,,
1093688977,C17,Homo sapiens,NCBITaxon,9606,HeLa,EFO,EFO_0001185,,,,,,,,,Stimulator Control,Leptomycin b blocks nuclear export of fascin,Pass,Hoechst:DNA; Alexa Fluor 488 phalloidin:actin; mScarlet:fascin; iRFP:nuclear actin chromobody (nAC),117.8361588,30.25439835,,,,,,,,,,,
1093688977,C18,Homo sapiens,NCBITaxon,9606,HeLa,EFO,EFO_0001185,DMSO,679,IAZDPXIOMUYVGZ-UHFFFAOYSA-N,CS(=O)C,,,,,Neutral Control,,Pass,Hoechst:DNA; Alexa Fluor 488 phalloidin:actin; mScarlet:fascin; iRFP:nuclear actin chromobody (nAC),-4.704383373,42.83204651,,,,,,,,,,,
1093688977,C19,Homo sapiens,NCBITaxon,9606,HeLa,EFO,EFO_0001185,,,,,SN0213315970,0.3,8317,CDC7,,,Pass,Hoechst:DNA; Alexa Fluor 488 phalloidin:actin; mScarlet:fascin; iRFP:nuclear actin chromobody (nAC),-5.905396461,-20.7748108,,,compound response across 12 wells,inactive,inactive,,,,,,
1093688977,C20,Homo sapiens,NCBITaxon,9606,HeLa,EFO,EFO_0001185,,,,,SN0213315970,0.1,8317,CDC7,,,Pass,Hoechst:DNA; Alexa Fluor 488 phalloidin:actin; mScarlet:fascin; iRFP:nuclear actin chromobody (nAC),0.319097459,-4.04890919,,,compound response across 12 wells,inactive,inactive,,,,,,
1093688977,C21,Homo sapiens,NCBITaxon,9606,HeLa,EFO,EFO_0001185,,,,,SN0213315970,0.03,8317,CDC7,,,Pass,Hoechst:DNA; Alexa Fluor 488 phalloidin:actin; mScarlet:fascin; iRFP:nuclear actin chromobody (nAC),20.75488091,-31.3768711,,,compound response across 12 wells,inactive,inactive,,,,,,
1093688977,C22,Homo sapiens,NCBITaxon,9606,HeLa,EFO,EFO_0001185,,,,,SN0213315970,0.0125,8317,CDC7,,,Pass,Hoechst:DNA; Alexa Fluor 488 phalloidin:actin; mScarlet:fascin; iRFP:nuclear actin chromobody (nAC),-4.351633072,-22.1998501,,,compound response across 12 wells,inactive,inactive,,,,,,
1093688977,C23,Homo sapiens,NCBITaxon,9606,HeLa,EFO,EFO_0001185,,,,,SN0213315970,0.003,8317,CDC7,,,Pass,Hoechst:DNA; Alexa Fluor 488 phalloidin:actin; mScarlet:fascin; iRFP:nuclear actin chromobody (nAC),15.09100914,-22.0048008,,,compound response across 12 wells,inactive,inactive,,,,,,
1093688977,C24,Homo sapiens,NCBITaxon,9606,HeLa,EFO,EFO_0001185,,,,,SN0213315970,0.001,8317,CDC7,,,Pass,Hoechst:DNA; Alexa Fluor 488 phalloidin:actin; mScarlet:fascin; iRFP:nuclear actin chromobody (nAC),26.92428017,-41.3882675,,,compound response across 12 wells,inactive,inactive,,,,,,
1093688977,D1,Homo sapiens,NCBITaxon,9606,HeLa,EFO,EFO_0001185,,,,,SN0213315970,0.0003,8317,CDC7,,,Pass,Hoechst:DNA; Alexa Fluor 488 phalloidin:actin; mScarlet:fascin; iRFP:nuclear actin chromobody (nAC),17.90753555,-13.2687845,,,compound response across 12 wells,inactive,inactive,,,,,,
1093688977,D2,Homo sapiens,NCBITaxon,9606,HeLa,EFO,EFO_0001185,,,,,SN0213315970,0.00003,8317,CDC7,,,Pass,Hoechst:DNA; Alexa Fluor 488 phalloidin:actin; mScarlet:fascin; iRFP:nuclear actin chromobody (nAC),5.99549818,-45.9365501,,,compound response across 12 wells,inactive,inactive,,,,,,
1093688977,D3,Homo sapiens,NCBITaxon,9606,HeLa,EFO,EFO_0001185,,,,,SN1039203637,30,904,CCNT1,,,Pass,Hoechst:DNA; Alexa Fluor 488 phalloidin:actin; mScarlet:fascin; iRFP:nuclear actin chromobody (nAC),91.42612457,28.17923164,Yes,Yes,compound response across 12 wells,active,inactive,Nuclear fascin,regulation of protein localization to nucleus,GO_1900180,,,
1093688977,D4,Homo sapiens,NCBITaxon,9606,HeLa,EFO,EFO_0001185,,,,,SN1039203637,10,904,CCNT1,,,Pass,Hoechst:DNA; Alexa Fluor 488 phalloidin:actin; mScarlet:fascin; iRFP:nuclear actin chromobody (nAC),49.4294281,28.70665169,Yes,Yes,compound response across 12 wells,active,inactive,Nuclear fascin,regulation of protein localization to nucleus,GO_1900180,,,
1093688977,D5,Homo sapiens,NCBITaxon,9606,HeLa,EFO,EFO_0001185,,,,,SN1039203637,3.125,904,CCNT1,,,Pass,Hoechst:DNA; Alexa Fluor 488 phalloidin:actin; mScarlet:fascin; iRFP:nuclear actin chromobody (nAC),137.1163635,-47.2943039,Yes,Yes,compound response across 12 wells,active,inactive,Nuclear fascin,regulation of protein localization to nucleus,GO_1900180,,,
1093688977,D6,Homo sapiens,NCBITaxon,9606,HeLa,EFO,EFO_0001185,,,,,SN1039203637,1.25,904,CCNT1,,,Pass,Hoechst:DNA; Alexa Fluor 488 phalloidin:actin; mScarlet:fascin; iRFP:nuclear actin chromobody (nAC),83.6982193,-260.362915,Yes,Yes,compound response across 12 wells,active,inactive,Nuclear fascin,regulation of protein localization to nucleus,GO_1900180,,,
1093688977,D7,Homo sapiens,NCBITaxon,9606,HeLa,EFO,EFO_0001185,,,,,SN1039203637,0.3,904,CCNT1,,,Pass,Hoechst:DNA; Alexa Fluor 488 phalloidin:actin; mScarlet:fascin; iRFP:nuclear actin chromobody (nAC),116.1529388,-211.073669,Yes,Yes,compound response across 12 wells,active,inactive,Nuclear fascin,regulation of protein localization to nucleus,GO_1900180,,,
1093688977,D8,Homo sapiens,NCBITaxon,9606,HeLa,EFO,EFO_0001185,,,,,SN1039203637,0.1,904,CCNT1,,,Pass,Hoechst:DNA; Alexa Fluor 488 phalloidin:actin; mScarlet:fascin; iRFP:nuclear actin chromobody (nAC),72.39505768,-67.6150513,Yes,Yes,compound response across 12 wells,active,inactive,Nuclear fascin,regulation of protein localization to nucleus,GO_1900180,,,
1093688977,D9,Homo sapiens,NCBITaxon,9606,HeLa,EFO,EFO_0001185,,,,,SN1039203637,0.03,904,CCNT1,,,Pass,Hoechst:DNA; Alexa Fluor 488 phalloidin:actin; mScarlet:fascin; iRFP:nuclear actin chromobody (nAC),10.88463783,-34.7710342,Yes,Yes,compound response across 12 wells,active,inactive,Nuclear fascin,regulation of protein localization to nucleus,GO_1900180,,,
1093688977,D10,Homo sapiens,NCBITaxon,9606,HeLa,EFO,EFO_0001185,,,,,SN1039203637,0.0125,904,CCNT1,,,Pass,Hoechst:DNA; Alexa Fluor 488 phalloidin:actin; mScarlet:fascin; iRFP:nuclear actin chromobody (nAC),28.31546211,-49.1659813,Yes,Yes,compound response across 12 wells,active,inactive,Nuclear fascin,regulation of protein localization to nucleus,GO_1900180,,,
1093688977,D11,Homo sapiens,NCBITaxon,9606,HeLa,EFO,EFO_0001185,,,,,SN1039203637,0.003,904,CCNT1,,,Pass,Hoechst:DNA; Alexa Fluor 488 phalloidin:actin; mScarlet:fascin; iRFP:nuclear actin chromobody (nAC),3.643393993,-34.6648064,Yes,Yes,compound response across 12 wells,active,inactive,Nuclear fascin,regulation of protein localization to nucleus,GO_1900180,,,
1093688977,D12,Homo sapiens,NCBITaxon,9606,HeLa,EFO,EFO_0001185,,,,,SN1039203637,0.001,904,CCNT1,,,Pass,Hoechst:DNA; Alexa Fluor 488 phalloidin:actin; mScarlet:fascin; iRFP:nuclear actin chromobody (nAC),8.623622894,-8.86741447,Yes,Yes,compound response across 12 wells,active,inactive,Nuclear fascin,regulation of protein localization to nucleus,GO_1900180,,,
1093688977,D13,Homo sapiens,NCBITaxon,9606,HeLa,EFO,EFO_0001185,,,,,SN1039203637,0.0003,904,CCNT1,,,Pass,Hoechst:DNA; Alexa Fluor 488 phalloidin:actin; mScarlet:fascin; iRFP:nuclear actin chromobody (nAC),6.652541161,3.206418276,Yes,Yes,compound response across 12 wells,active,inactive,Nuclear fascin,regulation of protein localization to nucleus,GO_1900180,,,
1093688977,D14,Homo sapiens,NCBITaxon,9606,HeLa,EFO,EFO_0001185,,,,,SN1039203637,0.00003,904,CCNT1,,,Pass,Hoechst:DNA; Alexa Fluor 488 phalloidin:actin; mScarlet:fascin; iRFP:nuclear actin chromobody (nAC),7.012295723,-10.1971283,Yes,Yes,compound response across 12 wells,active,inactive,Nuclear fascin,regulation of protein localization to nucleus,GO_1900180,,,
1093688977,D15,Homo sapiens,NCBITaxon,9606,HeLa,EFO,EFO_0001185,,,,,SN1003959720,30,2099,ESR1,,,Pass,Hoechst:DNA; Alexa Fluor 488 phalloidin:actin; mScarlet:fascin; iRFP:nuclear actin chromobody (nAC),47.62088013,-153.997696,,Yes,compound response across 12 wells,inactive,active,,,,Nuclear actin,actin filament phenotype,CMPO_0000104
1093688977,D16,Homo sapiens,NCBITaxon,9606,HeLa,EFO,EFO_0001185,,,,,SN1003959720,10,2099,ESR1,,,Pass,Hoechst:DNA; Alexa Fluor 488 phalloidin:actin; mScarlet:fascin; iRFP:nuclear actin chromobody (nAC),15.73727512,-9.85584068,,Yes,compound response across 12 wells,inactive,active,,,,Nuclear actin,actin filament phenotype,CMPO_0000104
1093688977,D17,Homo sapiens,NCBITaxon,9606,HeLa,EFO,EFO_0001185,,,,,SN1003959720,3.125,2099,ESR1,,,Pass,Hoechst:DNA; Alexa Fluor 488 phalloidin:actin; mScarlet:fascin; iRFP:nuclear actin chromobody (nAC),12.48171711,15.52557755,,Yes,compound response across 12 wells,inactive,active,,,,Nuclear actin,actin filament phenotype,CMPO_0000104
1093688977,D18,Homo sapiens,NCBITaxon,9606,HeLa,EFO,EFO_0001185,,,,,SN1003959720,1.25,2099,ESR1,,,Pass,Hoechst:DNA; Alexa Fluor 488 phalloidin:actin; mScarlet:fascin; iRFP:nuclear actin chromobody (nAC),26.25179482,3.713029623,,Yes,compound response across 12 wells,inactive,active,,,,Nuclear actin,actin filament phenotype,CMPO_0000104
1093688977,D19,Homo sapiens,NCBITaxon,9606,HeLa,EFO,EFO_0001185,,,,,SN1003959720,0.3,2099,ESR1,,,Pass,Hoechst:DNA; Alexa Fluor 488 phalloidin:actin; mScarlet:fascin; iRFP:nuclear actin chromobody (nAC),26.07647896,18.98812103,,Yes,compound response across 12 wells,inactive,active,,,,Nuclear actin,actin filament phenotype,CMPO_0000104
1093688977,D20,Homo sapiens,NCBITaxon,9606,HeLa,EFO,EFO_0001185,,,,,SN1003959720,0.1,2099,ESR1,,,Pass,Hoechst:DNA; Alexa Fluor 488 phalloidin:actin; mScarlet:fascin; iRFP:nuclear actin chromobody (nAC),9.973144531,-30.4230843,,Yes,compound response across 12 wells,inactive,active,,,,Nuclear actin,actin filament phenotype,CMPO_0000104
1093688977,D21,Homo sapiens,NCBITaxon,9606,HeLa,EFO,EFO_0001185,,,,,SN1003959720,0.03,2099,ESR1,,,Pass,Hoechst:DNA; Alexa Fluor 488 phalloidin:actin; mScarlet:fascin; iRFP:nuclear actin chromobody (nAC),16.33116722,43.77299118,,Yes,compound response across 12 wells,inactive,active,,,,Nuclear actin,actin filament phenotype,CMPO_0000104
1093688977,D22,Homo sapiens,NCBITaxon,9606,HeLa,EFO,EFO_0001185,,,,,SN1003959720,0.0125,2099,ESR1,,,Pass,Hoechst:DNA; Alexa Fluor 488 phalloidin:actin; mScarlet:fascin; iRFP:nuclear actin chromobody (nAC),17.91945839,-3.36301875,,Yes,compound response across 12 wells,inactive,active,,,,Nuclear actin,actin filament phenotype,CMPO_0000104
1093688977,D23,Homo sapiens,NCBITaxon,9606,HeLa,EFO,EFO_0001185,,,,,SN1003959720,0.003,2099,ESR1,,,Pass,Hoechst:DNA; Alexa Fluor 488 phalloidin:actin; mScarlet:fascin; iRFP:nuclear actin chromobody (nAC),11.16408062,-1.18200004,,Yes,compound response across 12 wells,inactive,active,,,,Nuclear actin,actin filament phenotype,CMPO_0000104
1093688977,D24,Homo sapiens,NCBITaxon,9606,HeLa,EFO,EFO_0001185,,,,,SN1003959720,0.001,2099,ESR1,,,Pass,Hoechst:DNA; Alexa Fluor 488 phalloidin:actin; mScarlet:fascin; iRFP:nuclear actin chromobody (nAC),14.58557892,-11.1098042,,Yes,compound response across 12 wells,inactive,active,,,,Nuclear actin,actin filament phenotype,CMPO_0000104
1093688977,E1,Homo sapiens,NCBITaxon,9606,HeLa,EFO,EFO_0001185,,,,,SN1003959720,0.0003,2099,ESR1,,,Pass,Hoechst:DNA; Alexa Fluor 488 phalloidin:actin; mScarlet:fascin; iRFP:nuclear actin chromobody (nAC),13.8699379,-0.80027223,,Yes,compound response across 12 wells,inactive,active,,,,Nuclear actin,actin filament phenotype,CMPO_0000104
1093688977,E2,Homo sapiens,NCBITaxon,9606,HeLa,EFO,EFO_0001185,,,,,SN1003959720,0.00003,2099,ESR1,,,Pass,Hoechst:DNA; Alexa Fluor 488 phalloidin:actin; mScarlet:fascin; iRFP:nuclear actin chromobody (nAC),9.090576172,-18.0679436,,Yes,compound response across 12 wells,inactive,active,,,,Nuclear actin,actin filament phenotype,CMPO_0000104
1093688977,E3,Homo sapiens,NCBITaxon,9606,HeLa,EFO,EFO_0001185,,,,,SN1074457389,30,6714,SRC,,,Pass,Hoechst:DNA; Alexa Fluor 488 phalloidin:actin; mScarlet:fascin; iRFP:nuclear actin chromobody (nAC),42.84139252,-216.09671,Yes,Yes,compound response across 12 wells,active,inactive,Nuclear fascin,regulation of protein localization to nucleus,GO_1900180,,,
1093688977,E4,Homo sapiens,NCBITaxon,9606,HeLa,EFO,EFO_0001185,,,,,SN1074457389,10,6714,SRC,,,Pass,Hoechst:DNA; Alexa Fluor 488 phalloidin:actin; mScarlet:fascin; iRFP:nuclear actin chromobody (nAC),55.07792282,-91.2049637,Yes,Yes,compound response across 12 wells,active,inactive,Nuclear fascin,regulation of protein localization to nucleus,GO_1900180,,,
1093688977,E5,Homo sapiens,NCBITaxon,9606,HeLa,EFO,EFO_0001185,,,,,SN1074457389,3.125,6714,SRC,,,Pass,Hoechst:DNA; Alexa Fluor 488 phalloidin:actin; mScarlet:fascin; iRFP:nuclear actin chromobody (nAC),58.24532318,-1.58749592,Yes,Yes,compound response across 12 wells,active,inactive,Nuclear fascin,regulation of protein localization to nucleus,GO_1900180,,,
1093688977,E6,Homo sapiens,NCBITaxon,9606,HeLa,EFO,EFO_0001185,,,,,SN1074457389,1.25,6714,SRC,,,Pass,Hoechst:DNA; Alexa Fluor 488 phalloidin:actin; mScarlet:fascin; iRFP:nuclear actin chromobody (nAC),32.93953323,-21.916256,Yes,Yes,compound response across 12 wells,active,inactive,Nuclear fascin,regulation of protein localization to nucleus,GO_1900180,,,
1093688977,E7,Homo sapiens,NCBITaxon,9606,HeLa,EFO,EFO_0001185,,,,,SN1074457389,0.3,6714,SRC,,,Pass,Hoechst:DNA; Alexa Fluor 488 phalloidin:actin; mScarlet:fascin; iRFP:nuclear actin chromobody (nAC),20.25153732,-42.3972778,Yes,Yes,compound response across 12 wells,active,inactive,Nuclear fascin,regulation of protein localization to nucleus,GO_1900180,,,
1093688977,E8,Homo sapiens,NCBITaxon,9606,HeLa,EFO,EFO_0001185,,,,,SN1074457389,0.1,6714,SRC,,,Pass,Hoechst:DNA; Alexa Fluor 488 phalloidin:actin; mScarlet:fascin; iRFP:nuclear actin chromobody (nAC),11.72642136,-11.5032492,Yes,Yes,compound response across 12 wells,active,inactive,Nuclear fascin,regulation of protein localization to nucleus,GO_1900180,,,
1093688977,E9,Homo sapiens,NCBITaxon,9606,HeLa,EFO,EFO_0001185,DMSO,679,IAZDPXIOMUYVGZ-UHFFFAOYSA-N,CS(=O)C,,,,,Neutral Control,,Pass,Hoechst:DNA; Alexa Fluor 488 phalloidin:actin; mScarlet:fascin; iRFP:nuclear actin chromobody (nAC),-10.55331421,9.702894211,,,,,,,,,,,
1093688977,E10,Homo sapiens,NCBITaxon,9606,HeLa,EFO,EFO_0001185,,,,,,,,,Stimulator Control,Leptomycin b blocks nuclear export of fascin,Pass,Hoechst:DNA; Alexa Fluor 488 phalloidin:actin; mScarlet:fascin; iRFP:nuclear actin chromobody (nAC),87.91460419,19.17555428,,,,,,,,,,,
1093688977,E11,Homo sapiens,NCBITaxon,9606,HeLa,EFO,EFO_0001185,DMSO,679,IAZDPXIOMUYVGZ-UHFFFAOYSA-N,CS(=O)C,,,,,Neutral Control,,Pass,Hoechst:DNA; Alexa Fluor 488 phalloidin:actin; mScarlet:fascin; iRFP:nuclear actin chromobody (nAC),0.713460207,15.67446518,,,,,,,,,,,
1093688977,E12,Homo sapiens,NCBITaxon,9606,HeLa,EFO,EFO_0001185,,,,,SN1074457389,0.03,6714,SRC,,,Pass,Hoechst:DNA; Alexa Fluor 488 phalloidin:actin; mScarlet:fascin; iRFP:nuclear actin chromobody (nAC),1.600310802,-21.6663914,Yes,Yes,compound response across 12 wells,active,inactive,Nuclear fascin,regulation of protein localization to nucleus,GO_1900180,,,
1093688977,E13,Homo sapiens,NCBITaxon,9606,HeLa,EFO,EFO_0001185,,,,,SN1074457389,0.0125,6714,SRC,,,Pass,Hoechst:DNA; Alexa Fluor 488 phalloidin:actin; mScarlet:fascin; iRFP:nuclear actin chromobody (nAC),12.38995934,-29.6886787,Yes,Yes,compound response across 12 wells,active,inactive,Nuclear fascin,regulation of protein localization to nucleus,GO_1900180,,,
1093688977,E14,Homo sapiens,NCBITaxon,9606,HeLa,EFO,EFO_0001185,,,,,SN1074457389,0.003,6714,SRC,,,Pass,Hoechst:DNA; Alexa Fluor 488 phalloidin:actin; mScarlet:fascin; iRFP:nuclear actin chromobody (nAC),9.630901337,20.98252869,Yes,Yes,compound response across 12 wells,active,inactive,Nuclear fascin,regulation of protein localization to nucleus,GO_1900180,,,
1093688977,E15,Homo sapiens,NCBITaxon,9606,HeLa,EFO,EFO_0001185,,,,,SN1074457389,0.001,6714,SRC,,,Pass,Hoechst:DNA; Alexa Fluor 488 phalloidin:actin; mScarlet:fascin; iRFP:nuclear actin chromobody (nAC),3.655205965,-3.91904712,Yes,Yes,compound response across 12 wells,active,inactive,Nuclear fascin,regulation of protein localization to nucleus,GO_1900180,,,
1093688977,E16,Homo sapiens,NCBITaxon,9606,HeLa,EFO,EFO_0001185,,,,,SN1074457389,0.0003,6714,SRC,,,Pass,Hoechst:DNA; Alexa Fluor 488 phalloidin:actin; mScarlet:fascin; iRFP:nuclear actin chromobody (nAC),12.46119785,-5.81177044,Yes,Yes,compound response across 12 wells,active,inactive,Nuclear fascin,regulation of protein localization to nucleus,GO_1900180,,,
1093688977,E17,Homo sapiens,NCBITaxon,9606,HeLa,EFO,EFO_0001185,,,,,SN1074457389,0.00003,6714,SRC,,,Pass,Hoechst:DNA; Alexa Fluor 488 phalloidin:actin; mScarlet:fascin; iRFP:nuclear actin chromobody (nAC),0.584006429,-20.304882,Yes,Yes,compound response across 12 wells,active,inactive,Nuclear fascin,regulation of protein localization to nucleus,GO_1900180,,,
1093688977,E18,Homo sapiens,NCBITaxon,9606,HeLa,EFO,EFO_0001185,,,,,SN1109644646,30,2931,GSK3A,,,Pass,Hoechst:DNA; Alexa Fluor 488 phalloidin:actin; mScarlet:fascin; iRFP:nuclear actin chromobody (nAC),104.4911194,130.2788544,,Yes,compound response across 12 wells,active,active,Nuclear fascin,regulation of protein localization to nucleus,GO_1900180,Nuclear actin,actin filament phenotype,CMPO_0000104
1093688977,E19,Homo sapiens,NCBITaxon,9606,HeLa,EFO,EFO_0001185,,,,,SN1109644646,10,2931,GSK3A,,,Pass,Hoechst:DNA; Alexa Fluor 488 phalloidin:actin; mScarlet:fascin; iRFP:nuclear actin chromobody (nAC),89.80200195,-33.9753647,,Yes,compound response across 12 wells,active,active,Nuclear fascin,regulation of protein localization to nucleus,GO_1900180,Nuclear actin,actin filament phenotype,CMPO_0000104
1093688977,E20,Homo sapiens,NCBITaxon,9606,HeLa,EFO,EFO_0001185,DMSO,679,IAZDPXIOMUYVGZ-UHFFFAOYSA-N,CS(=O)C,,,,,Neutral Control,,Pass,Hoechst:DNA; Alexa Fluor 488 phalloidin:actin; mScarlet:fascin; iRFP:nuclear actin chromobody (nAC),1.145041704,32.29069138,,,,,,,,,,,
1093688977,E21,Homo sapiens,NCBITaxon,9606,HeLa,EFO,EFO_0001185,,,,,,,,,Stimulator Control,Leptomycin b blocks nuclear export of fascin,Pass,Hoechst:DNA; Alexa Fluor 488 phalloidin:actin; mScarlet:fascin; iRFP:nuclear actin chromobody (nAC),116.2541809,35.59101486,,,,,,,,,,,
1093688977,E22,Homo sapiens,NCBITaxon,9606,HeLa,EFO,EFO_0001185,DMSO,679,IAZDPXIOMUYVGZ-UHFFFAOYSA-N,CS(=O)C,,,,,Neutral Control,,Pass,Hoechst:DNA; Alexa Fluor 488 phalloidin:actin; mScarlet:fascin; iRFP:nuclear actin chromobody (nAC),0.429639369,4.353356361,,,,,,,,,,,
1093688977,E23,Homo sapiens,NCBITaxon,9606,HeLa,EFO,EFO_0001185,,,,,SN1109644646,3.125,2931,GSK3A,,,Pass,Hoechst:DNA; Alexa Fluor 488 phalloidin:actin; mScarlet:fascin; iRFP:nuclear actin chromobody (nAC),48.75516129,-41.7171707,,Yes,compound response across 12 wells,active,active,Nuclear fascin,regulation of protein localization to nucleus,GO_1900180,Nuclear actin,actin filament phenotype,CMPO_0000104
1093688977,E24,Homo sapiens,NCBITaxon,9606,HeLa,EFO,EFO_0001185,,,,,SN1109644646,1.25,2931,GSK3A,,,Pass,Hoechst:DNA; Alexa Fluor 488 phalloidin:actin; mScarlet:fascin; iRFP:nuclear actin chromobody (nAC),110.1370926,-96.3425446,,Yes,compound response across 12 wells,active,active,Nuclear fascin,regulation of protein localization to nucleus,GO_1900180,Nuclear actin,actin filament phenotype,CMPO_0000104
1093688977,F1,Homo sapiens,NCBITaxon,9606,HeLa,EFO,EFO_0001185,,,,,SN1109644646,0.3,2931,GSK3A,,,Pass,Hoechst:DNA; Alexa Fluor 488 phalloidin:actin; mScarlet:fascin; iRFP:nuclear actin chromobody (nAC),36.1414299,-73.427803,,Yes,compound response across 12 wells,active,active,Nuclear fascin,regulation of protein localization to nucleus,GO_1900180,Nuclear actin,actin filament phenotype,CMPO_0000104
1093688977,F2,Homo sapiens,NCBITaxon,9606,HeLa,EFO,EFO_0001185,,,,,SN1109644646,0.1,2931,GSK3A,,,Pass,Hoechst:DNA; Alexa Fluor 488 phalloidin:actin; mScarlet:fascin; iRFP:nuclear actin chromobody (nAC),14.71713448,-42.7527313,,Yes,compound response across 12 wells,active,active,Nuclear fascin,regulation of protein localization to nucleus,GO_1900180,Nuclear actin,actin filament phenotype,CMPO_0000104
1093688977,F3,Homo sapiens,NCBITaxon,9606,HeLa,EFO,EFO_0001185,,,,,SN1109644646,0.03,2931,GSK3A,,,Pass,Hoechst:DNA; Alexa Fluor 488 phalloidin:actin; mScarlet:fascin; iRFP:nuclear actin chromobody (nAC),18.84970474,-30.0785122,,Yes,compound response across 12 wells,active,active,Nuclear fascin,regulation of protein localization to nucleus,GO_1900180,Nuclear actin,actin filament phenotype,CMPO_0000104
1093688977,F4,Homo sapiens,NCBITaxon,9606,HeLa,EFO,EFO_0001185,,,,,SN1109644646,0.0125,2931,GSK3A,,,Pass,Hoechst:DNA; Alexa Fluor 488 phalloidin:actin; mScarlet:fascin; iRFP:nuclear actin chromobody (nAC),10.44014645,-22.0109768,,Yes,compound response across 12 wells,active,active,Nuclear fascin,regulation of protein localization to nucleus,GO_1900180,Nuclear actin,actin filament phenotype,CMPO_0000104
1093688977,F5,Homo sapiens,NCBITaxon,9606,HeLa,EFO,EFO_0001185,,,,,SN1109644646,0.003,2931,GSK3A,,,Pass,Hoechst:DNA; Alexa Fluor 488 phalloidin:actin; mScarlet:fascin; iRFP:nuclear actin chromobody (nAC),8.994329453,-40.0766106,,Yes,compound response across 12 wells,active,active,Nuclear fascin,regulation of protein localization to nucleus,GO_1900180,Nuclear actin,actin filament phenotype,CMPO_0000104
1093688977,F6,Homo sapiens,NCBITaxon,9606,HeLa,EFO,EFO_0001185,,,,,SN1109644646,0.001,2931,GSK3A,,,Pass,Hoechst:DNA; Alexa Fluor 488 phalloidin:actin; mScarlet:fascin; iRFP:nuclear actin chromobody (nAC),3.983011246,-1.53003287,,Yes,compound response across 12 wells,active,active,Nuclear fascin,regulation of protein localization to nucleus,GO_1900180,Nuclear actin,actin filament phenotype,CMPO_0000104
1093688977,F7,Homo sapiens,NCBITaxon,9606,HeLa,EFO,EFO_0001185,,,,,SN1109644646,0.0003,2931,GSK3A,,,Pass,Hoechst:DNA; Alexa Fluor 488 phalloidin:actin; mScarlet:fascin; iRFP:nuclear actin chromobody (nAC),9.615697861,2.89619422,,Yes,compound response across 12 wells,active,active,Nuclear fascin,regulation of protein localization to nucleus,GO_1900180,Nuclear actin,actin filament phenotype,CMPO_0000104
1093688977,F8,Homo sapiens,NCBITaxon,9606,HeLa,EFO,EFO_0001185,,,,,SN1109644646,0.00003,2931,GSK3A,,,Pass,Hoechst:DNA; Alexa Fluor 488 phalloidin:actin; mScarlet:fascin; iRFP:nuclear actin chromobody (nAC),11.5560236,-1.29774284,,Yes,compound response across 12 wells,active,active,Nuclear fascin,regulation of protein localization to nucleus,GO_1900180,Nuclear actin,actin filament phenotype,CMPO_0000104
1093688977,F9,Homo sapiens,NCBITaxon,9606,HeLa,EFO,EFO_0001185,,,,,SN1047164129,30,51135,IRAK4,,,Fail,Hoechst:DNA; Alexa Fluor 488 phalloidin:actin; mScarlet:fascin; iRFP:nuclear actin chromobody (nAC),12.99353027,,Yes,Yes,compound response across 12 wells,active,active,Nuclear fascin,regulation of protein localization to nucleus,GO_1900180,Nuclear actin,actin filament phenotype,CMPO_0000104
1093688977,F10,Homo sapiens,NCBITaxon,9606,HeLa,EFO,EFO_0001185,,,,,SN1047164129,10,51135,IRAK4,,,Pass,Hoechst:DNA; Alexa Fluor 488 phalloidin:actin; mScarlet:fascin; iRFP:nuclear actin chromobody (nAC),177.9107208,,Yes,Yes,compound response across 12 wells,active,active,Nuclear fascin,regulation of protein localization to nucleus,GO_1900180,Nuclear actin,actin filament phenotype,CMPO_0000104
1093688977,F11,Homo sapiens,NCBITaxon,9606,HeLa,EFO,EFO_0001185,,,,,SN1047164129,3.125,51135,IRAK4,,,Pass,Hoechst:DNA; Alexa Fluor 488 phalloidin:actin; mScarlet:fascin; iRFP:nuclear actin chromobody (nAC),43.05014038,-59.2493858,Yes,Yes,compound response across 12 wells,active,active,Nuclear fascin,regulation of protein localization to nucleus,GO_1900180,Nuclear actin,actin filament phenotype,CMPO_0000104
1093688977,F12,Homo sapiens,NCBITaxon,9606,HeLa,EFO,EFO_0001185,,,,,SN1047164129,1.25,51135,IRAK4,,,Pass,Hoechst:DNA; Alexa Fluor 488 phalloidin:actin; mScarlet:fascin; iRFP:nuclear actin chromobody (nAC),18.54566765,-49.9045525,Yes,Yes,compound response across 12 wells,active,active,Nuclear fascin,regulation of protein localization to nucleus,GO_1900180,Nuclear actin,actin filament phenotype,CMPO_0000104
1093688977,F13,Homo sapiens,NCBITaxon,9606,HeLa,EFO,EFO_0001185,,,,,SN1047164129,0.3,51135,IRAK4,,,Pass,Hoechst:DNA; Alexa Fluor 488 phalloidin:actin; mScarlet:fascin; iRFP:nuclear actin chromobody (nAC),14.86406708,-10.243763,Yes,Yes,compound response across 12 wells,active,active,Nuclear fascin,regulation of protein localization to nucleus,GO_1900180,Nuclear actin,actin filament phenotype,CMPO_0000104
1093688977,F14,Homo sapiens,NCBITaxon,9606,HeLa,EFO,EFO_0001185,,,,,SN1047164129,0.1,51135,IRAK4,,,Pass,Hoechst:DNA; Alexa Fluor 488 phalloidin:actin; mScarlet:fascin; iRFP:nuclear actin chromobody (nAC),-0.004329983,17.25739288,Yes,Yes,compound response across 12 wells,active,active,Nuclear fascin,regulation of protein localization to nucleus,GO_1900180,Nuclear actin,actin filament phenotype,CMPO_0000104
1093688977,F15,Homo sapiens,NCBITaxon,9606,HeLa,EFO,EFO_0001185,,,,,SN1047164129,0.03,51135,IRAK4,,,Pass,Hoechst:DNA; Alexa Fluor 488 phalloidin:actin; mScarlet:fascin; iRFP:nuclear actin chromobody (nAC),10.3234272,-29.5557785,Yes,Yes,compound response across 12 wells,active,active,Nuclear fascin,regulation of protein localization to nucleus,GO_1900180,Nuclear actin,actin filament phenotype,CMPO_0000104
1093688977,F16,Homo sapiens,NCBITaxon,9606,HeLa,EFO,EFO_0001185,,,,,SN1047164129,0.0125,51135,IRAK4,,,Pass,Hoechst:DNA; Alexa Fluor 488 phalloidin:actin; mScarlet:fascin; iRFP:nuclear actin chromobody (nAC),20.80975533,2.257755041,Yes,Yes,compound response across 12 wells,active,active,Nuclear fascin,regulation of protein localization to nucleus,GO_1900180,Nuclear actin,actin filament phenotype,CMPO_0000104
1093688977,F17,Homo sapiens,NCBITaxon,9606,HeLa,EFO,EFO_0001185,,,,,SN1047164129,0.003,51135,IRAK4,,,Pass,Hoechst:DNA; Alexa Fluor 488 phalloidin:actin; mScarlet:fascin; iRFP:nuclear actin chromobody (nAC),17.04368782,-14.9836626,Yes,Yes,compound response across 12 wells,active,active,Nuclear fascin,regulation of protein localization to nucleus,GO_1900180,Nuclear actin,actin filament phenotype,CMPO_0000104
1093688977,F18,Homo sapiens,NCBITaxon,9606,HeLa,EFO,EFO_0001185,,,,,SN1047164129,0.001,51135,IRAK4,,,Pass,Hoechst:DNA; Alexa Fluor 488 phalloidin:actin; mScarlet:fascin; iRFP:nuclear actin chromobody (nAC),13.19215298,-13.6157227,Yes,Yes,compound response across 12 wells,active,active,Nuclear fascin,regulation of protein localization to nucleus,GO_1900180,Nuclear actin,actin filament phenotype,CMPO_0000104
1093688977,F19,Homo sapiens,NCBITaxon,9606,HeLa,EFO,EFO_0001185,,,,,SN1047164129,0.0003,51135,IRAK4,,,Pass,Hoechst:DNA; Alexa Fluor 488 phalloidin:actin; mScarlet:fascin; iRFP:nuclear actin chromobody (nAC),8.785201073,-20.4677505,Yes,Yes,compound response across 12 wells,active,active,Nuclear fascin,regulation of protein localization to nucleus,GO_1900180,Nuclear actin,actin filament phenotype,CMPO_0000104
1093688977,F20,Homo sapiens,NCBITaxon,9606,HeLa,EFO,EFO_0001185,,,,,SN1047164129,0.00003,51135,IRAK4,,,Pass,Hoechst:DNA; Alexa Fluor 488 phalloidin:actin; mScarlet:fascin; iRFP:nuclear actin chromobody (nAC),7.115769863,-27.1272812,Yes,Yes,compound response across 12 wells,active,active,Nuclear fascin,regulation of protein localization to nucleus,GO_1900180,Nuclear actin,actin filament phenotype,CMPO_0000104
1093688977,F21,Homo sapiens,NCBITaxon,9606,HeLa,EFO,EFO_0001185,,,,,SN1073025569,30,2932,GSK3B,,,Pass,Hoechst:DNA; Alexa Fluor 488 phalloidin:actin; mScarlet:fascin; iRFP:nuclear actin chromobody (nAC),160.6035919,-124.827782,Yes,Yes,compound response across 12 wells,active,inactive,Nuclear fascin,regulation of protein localization to nucleus,GO_1900180,,,
1093688977,F22,Homo sapiens,NCBITaxon,9606,HeLa,EFO,EFO_0001185,,,,,SN1073025569,10,2932,GSK3B,,,Pass,Hoechst:DNA; Alexa Fluor 488 phalloidin:actin; mScarlet:fascin; iRFP:nuclear actin chromobody (nAC),62.66469193,-50.6011696,Yes,Yes,compound response across 12 wells,active,inactive,Nuclear fascin,regulation of protein localization to nucleus,GO_1900180,,,
1093688977,F23,Homo sapiens,NCBITaxon,9606,HeLa,EFO,EFO_0001185,,,,,SN1073025569,3.125,2932,GSK3B,,,Pass,Hoechst:DNA; Alexa Fluor 488 phalloidin:actin; mScarlet:fascin; iRFP:nuclear actin chromobody (nAC),39.98112106,-122.053207,Yes,Yes,compound response across 12 wells,active,inactive,Nuclear fascin,regulation of protein localization to nucleus,GO_1900180,,,
1093688977,F24,Homo sapiens,NCBITaxon,9606,HeLa,EFO,EFO_0001185,,,,,SN1073025569,1.25,2932,GSK3B,,,Pass,Hoechst:DNA; Alexa Fluor 488 phalloidin:actin; mScarlet:fascin; iRFP:nuclear actin chromobody (nAC),-11.08384895,32.36491776,Yes,Yes,compound response across 12 wells,active,inactive,Nuclear fascin,regulation of protein localization to nucleus,GO_1900180,,,
1093688977,G1,Homo sapiens,NCBITaxon,9606,HeLa,EFO,EFO_0001185,,,,,SN1073025569,0.3,2932,GSK3B,,,Pass,Hoechst:DNA; Alexa Fluor 488 phalloidin:actin; mScarlet:fascin; iRFP:nuclear actin chromobody (nAC),20.96147919,-63.1221275,Yes,Yes,compound response across 12 wells,active,inactive,Nuclear fascin,regulation of protein localization to nucleus,GO_1900180,,,
1093688977,G2,Homo sapiens,NCBITaxon,9606,HeLa,EFO,EFO_0001185,,,,,SN1073025569,0.1,2932,GSK3B,,,Pass,Hoechst:DNA; Alexa Fluor 488 phalloidin:actin; mScarlet:fascin; iRFP:nuclear actin chromobody (nAC),3.814014435,-0.39849067,Yes,Yes,compound response across 12 wells,active,inactive,Nuclear fascin,regulation of protein localization to nucleus,GO_1900180,,,
1093688977,G3,Homo sapiens,NCBITaxon,9606,HeLa,EFO,EFO_0001185,,,,,SN1073025569,0.03,2932,GSK3B,,,Pass,Hoechst:DNA; Alexa Fluor 488 phalloidin:actin; mScarlet:fascin; iRFP:nuclear actin chromobody (nAC),12.01186657,-30.8452454,Yes,Yes,compound response across 12 wells,active,inactive,Nuclear fascin,regulation of protein localization to nucleus,GO_1900180,,,
1093688977,G4,Homo sapiens,NCBITaxon,9606,HeLa,EFO,EFO_0001185,,,,,SN1073025569,0.0125,2932,GSK3B,,,Pass,Hoechst:DNA; Alexa Fluor 488 phalloidin:actin; mScarlet:fascin; iRFP:nuclear actin chromobody (nAC),14.70772648,4.58957243,Yes,Yes,compound response across 12 wells,active,inactive,Nuclear fascin,regulation of protein localization to nucleus,GO_1900180,,,
1093688977,G5,Homo sapiens,NCBITaxon,9606,HeLa,EFO,EFO_0001185,,,,,SN1073025569,0.003,2932,GSK3B,,,Pass,Hoechst:DNA; Alexa Fluor 488 phalloidin:actin; mScarlet:fascin; iRFP:nuclear actin chromobody (nAC),14.57897282,-38.6946335,Yes,Yes,compound response across 12 wells,active,inactive,Nuclear fascin,regulation of protein localization to nucleus,GO_1900180,,,
1093688977,G6,Homo sapiens,NCBITaxon,9606,HeLa,EFO,EFO_0001185,,,,,SN1073025569,0.001,2932,GSK3B,,,Pass,Hoechst:DNA; Alexa Fluor 488 phalloidin:actin; mScarlet:fascin; iRFP:nuclear actin chromobody (nAC),6.033257961,-2.85024309,Yes,Yes,compound response across 12 wells,active,inactive,Nuclear fascin,regulation of protein localization to nucleus,GO_1900180,,,
1093688977,G7,Homo sapiens,NCBITaxon,9606,HeLa,EFO,EFO_0001185,,,,,SN1073025569,0.0003,2932,GSK3B,,,Pass,Hoechst:DNA; Alexa Fluor 488 phalloidin:actin; mScarlet:fascin; iRFP:nuclear actin chromobody (nAC),10.13138008,-23.5543785,Yes,Yes,compound response across 12 wells,active,inactive,Nuclear fascin,regulation of protein localization to nucleus,GO_1900180,,,
1093688977,G8,Homo sapiens,NCBITaxon,9606,HeLa,EFO,EFO_0001185,,,,,SN1073025569,0.00003,2932,GSK3B,,,Pass,Hoechst:DNA; Alexa Fluor 488 phalloidin:actin; mScarlet:fascin; iRFP:nuclear actin chromobody (nAC),8.18252182,13.29225636,Yes,Yes,compound response across 12 wells,active,inactive,Nuclear fascin,regulation of protein localization to nucleus,GO_1900180,,,
1093688977,G9,Homo sapiens,NCBITaxon,9606,HeLa,EFO,EFO_0001185,,,,,SN0032693395,30,4306,NR3C2,,,Pass,Hoechst:DNA; Alexa Fluor 488 phalloidin:actin; mScarlet:fascin; iRFP:nuclear actin chromobody (nAC),25.68964577,-45.655098,,,compound response across 12 wells,inactive,inactive,,,,,,
1093688977,G10,Homo sapiens,NCBITaxon,9606,HeLa,EFO,EFO_0001185,,,,,SN0032693395,10,4306,NR3C2,,,Pass,Hoechst:DNA; Alexa Fluor 488 phalloidin:actin; mScarlet:fascin; iRFP:nuclear actin chromobody (nAC),32.23573685,-33.6036339,,,compound response across 12 wells,inactive,inactive,,,,,,
1093688977,G11,Homo sapiens,NCBITaxon,9606,HeLa,EFO,EFO_0001185,,,,,SN0032693395,3.125,4306,NR3C2,,,Pass,Hoechst:DNA; Alexa Fluor 488 phalloidin:actin; mScarlet:fascin; iRFP:nuclear actin chromobody (nAC),21.81934166,24.320261,,,compound response across 12 wells,inactive,inactive,,,,,,
1093688977,G12,Homo sapiens,NCBITaxon,9606,HeLa,EFO,EFO_0001185,,,,,SN0032693395,1.25,4306,NR3C2,,,Pass,Hoechst:DNA; Alexa Fluor 488 phalloidin:actin; mScarlet:fascin; iRFP:nuclear actin chromobody (nAC),8.726618767,-24.3728104,,,compound response across 12 wells,inactive,inactive,,,,,,
1093688977,G13,Homo sapiens,NCBITaxon,9606,HeLa,EFO,EFO_0001185,DMSO,679,IAZDPXIOMUYVGZ-UHFFFAOYSA-N,CS(=O)C,,,,,Neutral Control,,Pass,Hoechst:DNA; Alexa Fluor 488 phalloidin:actin; mScarlet:fascin; iRFP:nuclear actin chromobody (nAC),0.548300028,23.20967865,,,,,,,,,,,
1093688977,G14,Homo sapiens,NCBITaxon,9606,HeLa,EFO,EFO_0001185,,,,,,,,,Stimulator Control,Leptomycin b blocks nuclear export of fascin,Pass,Hoechst:DNA; Alexa Fluor 488 phalloidin:actin; mScarlet:fascin; iRFP:nuclear actin chromobody (nAC),97.63869476,-14.3400688,,,,,,,,,,,
1093688977,G15,Homo sapiens,NCBITaxon,9606,HeLa,EFO,EFO_0001185,DMSO,679,IAZDPXIOMUYVGZ-UHFFFAOYSA-N,CS(=O)C,,,,,Neutral Control,,Pass,Hoechst:DNA; Alexa Fluor 488 phalloidin:actin; mScarlet:fascin; iRFP:nuclear actin chromobody (nAC),2.284463882,-29.2911377,,,,,,,,,,,
1093688977,G16,Homo sapiens,NCBITaxon,9606,HeLa,EFO,EFO_0001185,,,,,SN0032693395,0.3,4306,NR3C2,,,Pass,Hoechst:DNA; Alexa Fluor 488 phalloidin:actin; mScarlet:fascin; iRFP:nuclear actin chromobody (nAC),12.03420067,-20.5670567,,,compound response across 12 wells,inactive,inactive,,,,,,
1093688977,G17,Homo sapiens,NCBITaxon,9606,HeLa,EFO,EFO_0001185,,,,,SN0032693395,0.1,4306,NR3C2,,,Pass,Hoechst:DNA; Alexa Fluor 488 phalloidin:actin; mScarlet:fascin; iRFP:nuclear actin chromobody (nAC),2.160725117,3.531790257,,,compound response across 12 wells,inactive,inactive,,,,,,
1093688977,G18,Homo sapiens,NCBITaxon,9606,HeLa,EFO,EFO_0001185,,,,,SN0032693395,0.03,4306,NR3C2,,,Pass,Hoechst:DNA; Alexa Fluor 488 phalloidin:actin; mScarlet:fascin; iRFP:nuclear actin chromobody (nAC),5.343819618,-11.5855026,,,compound response across 12 wells,inactive,inactive,,,,,,
1093688977,G19,Homo sapiens,NCBITaxon,9606,HeLa,EFO,EFO_0001185,,,,,SN0032693395,0.0125,4306,NR3C2,,,Pass,Hoechst:DNA; Alexa Fluor 488 phalloidin:actin; mScarlet:fascin; iRFP:nuclear actin chromobody (nAC),17.79623032,9.501534462,,,compound response across 12 wells,inactive,inactive,,,,,,
1093688977,G20,Homo sapiens,NCBITaxon,9606,HeLa,EFO,EFO_0001185,,,,,SN0032693395,0.003,4306,NR3C2,,,Pass,Hoechst:DNA; Alexa Fluor 488 phalloidin:actin; mScarlet:fascin; iRFP:nuclear actin chromobody (nAC),13.08579731,-49.5410461,,,compound response across 12 wells,inactive,inactive,,,,,,
1093688977,G21,Homo sapiens,NCBITaxon,9606,HeLa,EFO,EFO_0001185,,,,,SN0032693395,0.001,4306,NR3C2,,,Pass,Hoechst:DNA; Alexa Fluor 488 phalloidin:actin; mScarlet:fascin; iRFP:nuclear actin chromobody (nAC),10.25574017,-30.9364777,,,compound response across 12 wells,inactive,inactive,,,,,,
1093688977,G22,Homo sapiens,NCBITaxon,9606,HeLa,EFO,EFO_0001185,,,,,SN0032693395,0.0003,4306,NR3C2,,,Pass,Hoechst:DNA; Alexa Fluor 488 phalloidin:actin; mScarlet:fascin; iRFP:nuclear actin chromobody (nAC),14.27655888,-0.82667774,,,compound response across 12 wells,inactive,inactive,,,,,,
1093688977,G23,Homo sapiens,NCBITaxon,9606,HeLa,EFO,EFO_0001185,,,,,SN0032693395,0.00003,4306,NR3C2,,,Pass,Hoechst:DNA; Alexa Fluor 488 phalloidin:actin; mScarlet:fascin; iRFP:nuclear actin chromobody (nAC),8.905485153,8.037826538,,,compound response across 12 wells,inactive,inactive,,,,,,
1093688977,G24,Homo sapiens,NCBITaxon,9606,HeLa,EFO,EFO_0001185,,,,,SN1140235935,30,51053,GMNN,,,Pass,Hoechst:DNA; Alexa Fluor 488 phalloidin:actin; mScarlet:fascin; iRFP:nuclear actin chromobody (nAC),-25.23068237,83.6212616,,Yes,compound response across 12 wells,inactive,active,,,,Nuclear actin,actin filament phenotype,CMPO_0000104
1093688977,H1,Homo sapiens,NCBITaxon,9606,HeLa,EFO,EFO_0001185,,,,,SN1140235935,10,51053,GMNN,,,Pass,Hoechst:DNA; Alexa Fluor 488 phalloidin:actin; mScarlet:fascin; iRFP:nuclear actin chromobody (nAC),62.08189392,-220.945602,,Yes,compound response across 12 wells,inactive,active,,,,Nuclear actin,actin filament phenotype,CMPO_0000104
1093688977,H2,Homo sapiens,NCBITaxon,9606,HeLa,EFO,EFO_0001185,DMSO,679,IAZDPXIOMUYVGZ-UHFFFAOYSA-N,CS(=O)C,,,,,Neutral Control,,Pass,Hoechst:DNA; Alexa Fluor 488 phalloidin:actin; mScarlet:fascin; iRFP:nuclear actin chromobody (nAC),-5.814944267,-34.8575401,,,,,,,,,,,
1093688977,H3,Homo sapiens,NCBITaxon,9606,HeLa,EFO,EFO_0001185,,,,,,,,,Stimulator Control,Leptomycin b blocks nuclear export of fascin,Pass,Hoechst:DNA; Alexa Fluor 488 phalloidin:actin; mScarlet:fascin; iRFP:nuclear actin chromobody (nAC),106.5988617,-3.81806493,,,,,,,,,,,
1093688977,H4,Homo sapiens,NCBITaxon,9606,HeLa,EFO,EFO_0001185,DMSO,679,IAZDPXIOMUYVGZ-UHFFFAOYSA-N,CS(=O)C,,,,,Neutral Control,,Pass,Hoechst:DNA; Alexa Fluor 488 phalloidin:actin; mScarlet:fascin; iRFP:nuclear actin chromobody (nAC),-2.856722116,-30.4096661,,,,,,,,,,,
1093688977,H5,Homo sapiens,NCBITaxon,9606,HeLa,EFO,EFO_0001185,,,,,SN1140235935,3.125,51053,GMNN,,,Pass,Hoechst:DNA; Alexa Fluor 488 phalloidin:actin; mScarlet:fascin; iRFP:nuclear actin chromobody (nAC),73.27384949,17.6330471,,Yes,compound response across 12 wells,inactive,active,,,,Nuclear actin,actin filament phenotype,CMPO_0000104
1093688977,H6,Homo sapiens,NCBITaxon,9606,HeLa,EFO,EFO_0001185,,,,,SN1140235935,1.25,51053,GMNN,,,Pass,Hoechst:DNA; Alexa Fluor 488 phalloidin:actin; mScarlet:fascin; iRFP:nuclear actin chromobody (nAC),132.5122528,-46.6602631,,Yes,compound response across 12 wells,inactive,active,,,,Nuclear actin,actin filament phenotype,CMPO_0000104
1093688977,H7,Homo sapiens,NCBITaxon,9606,HeLa,EFO,EFO_0001185,,,,,SN1140235935,0.3,51053,GMNN,,,Pass,Hoechst:DNA; Alexa Fluor 488 phalloidin:actin; mScarlet:fascin; iRFP:nuclear actin chromobody (nAC),102.4098892,174.8602753,,Yes,compound response across 12 wells,inactive,active,,,,Nuclear actin,actin filament phenotype,CMPO_0000104
1093688977,H8,Homo sapiens,NCBITaxon,9606,HeLa,EFO,EFO_0001185,,,,,SN1140235935,0.1,51053,GMNN,,,Pass,Hoechst:DNA; Alexa Fluor 488 phalloidin:actin; mScarlet:fascin; iRFP:nuclear actin chromobody (nAC),64.8574295,29.95177078,,Yes,compound response across 12 wells,inactive,active,,,,Nuclear actin,actin filament phenotype,CMPO_0000104
1093688977,H9,Homo sapiens,NCBITaxon,9606,HeLa,EFO,EFO_0001185,,,,,SN1140235935,0.03,51053,GMNN,,,Pass,Hoechst:DNA; Alexa Fluor 488 phalloidin:actin; mScarlet:fascin; iRFP:nuclear actin chromobody (nAC),18.35269547,-16.7038383,,Yes,compound response across 12 wells,inactive,active,,,,Nuclear actin,actin filament phenotype,CMPO_0000104
1093688977,H10,Homo sapiens,NCBITaxon,9606,HeLa,EFO,EFO_0001185,,,,,SN1140235935,0.0125,51053,GMNN,,,Pass,Hoechst:DNA; Alexa Fluor 488 phalloidin:actin; mScarlet:fascin; iRFP:nuclear actin chromobody (nAC),64.46646118,17.2183876,,Yes,compound response across 12 wells,inactive,active,,,,Nuclear actin,actin filament phenotype,CMPO_0000104
1093688977,H11,Homo sapiens,NCBITaxon,9606,HeLa,EFO,EFO_0001185,,,,,SN1140235935,0.003,51053,GMNN,,,Pass,Hoechst:DNA; Alexa Fluor 488 phalloidin:actin; mScarlet:fascin; iRFP:nuclear actin chromobody (nAC),29.44955063,-100.336609,,Yes,compound response across 12 wells,inactive,active,,,,Nuclear actin,actin filament phenotype,CMPO_0000104
1093688977,H12,Homo sapiens,NCBITaxon,9606,HeLa,EFO,EFO_0001185,,,,,SN1140235935,0.001,51053,GMNN,,,Pass,Hoechst:DNA; Alexa Fluor 488 phalloidin:actin; mScarlet:fascin; iRFP:nuclear actin chromobody (nAC),35.47755432,-20.0599442,,Yes,compound response across 12 wells,inactive,active,,,,Nuclear actin,actin filament phenotype,CMPO_0000104
1093688977,H13,Homo sapiens,NCBITaxon,9606,HeLa,EFO,EFO_0001185,,,,,SN1140235935,0.0003,51053,GMNN,,,Pass,Hoechst:DNA; Alexa Fluor 488 phalloidin:actin; mScarlet:fascin; iRFP:nuclear actin chromobody (nAC),14.14495564,-6.45244789,,Yes,compound response across 12 wells,inactive,active,,,,Nuclear actin,actin filament phenotype,CMPO_0000104
1093688977,H14,Homo sapiens,NCBITaxon,9606,HeLa,EFO,EFO_0001185,,,,,SN1140235935,0.00003,51053,GMNN,,,Pass,Hoechst:DNA; Alexa Fluor 488 phalloidin:actin; mScarlet:fascin; iRFP:nuclear actin chromobody (nAC),12.34587955,-22.0784264,,Yes,compound response across 12 wells,inactive,active,,,,Nuclear actin,actin filament phenotype,CMPO_0000104
1093688977,H15,Homo sapiens,NCBITaxon,9606,HeLa,EFO,EFO_0001185,,,,,SN0215923065,30,5663,PSEN1,,,Pass,Hoechst:DNA; Alexa Fluor 488 phalloidin:actin; mScarlet:fascin; iRFP:nuclear actin chromobody (nAC),51.77900314,-38.4742393,,,compound response across 12 wells,inactive,inactive,,,,,,
1093688977,H16,Homo sapiens,NCBITaxon,9606,HeLa,EFO,EFO_0001185,,,,,SN0215923065,10,5663,PSEN1,,,Pass,Hoechst:DNA; Alexa Fluor 488 phalloidin:actin; mScarlet:fascin; iRFP:nuclear actin chromobody (nAC),-13.61025047,-5.92459154,,,compound response across 12 wells,inactive,inactive,,,,,,
1093688977,H17,Homo sapiens,NCBITaxon,9606,HeLa,EFO,EFO_0001185,,,,,SN0215923065,3.125,5663,PSEN1,,,Pass,Hoechst:DNA; Alexa Fluor 488 phalloidin:actin; mScarlet:fascin; iRFP:nuclear actin chromobody (nAC),11.33306217,-0.48871112,,,compound response across 12 wells,inactive,inactive,,,,,,
1093688977,H18,Homo sapiens,NCBITaxon,9606,HeLa,EFO,EFO_0001185,,,,,SN0215923065,1.25,5663,PSEN1,,,Pass,Hoechst:DNA; Alexa Fluor 488 phalloidin:actin; mScarlet:fascin; iRFP:nuclear actin chromobody (nAC),2.969063044,24.7479744,,,compound response across 12 wells,inactive,inactive,,,,,,
1093688977,H19,Homo sapiens,NCBITaxon,9606,HeLa,EFO,EFO_0001185,,,,,SN0215923065,0.3,5663,PSEN1,,,Pass,Hoechst:DNA; Alexa Fluor 488 phalloidin:actin; mScarlet:fascin; iRFP:nuclear actin chromobody (nAC),7.010497093,-30.7624607,,,compound response across 12 wells,inactive,inactive,,,,,,
1093688977,H20,Homo sapiens,NCBITaxon,9606,HeLa,EFO,EFO_0001185,,,,,SN0215923065,0.1,5663,PSEN1,,,Pass,Hoechst:DNA; Alexa Fluor 488 phalloidin:actin; mScarlet:fascin; iRFP:nuclear actin chromobody (nAC),14.29960918,13.21978474,,,compound response across 12 wells,inactive,inactive,,,,,,
1093688977,H21,Homo sapiens,NCBITaxon,9606,HeLa,EFO,EFO_0001185,,,,,SN0215923065,0.03,5663,PSEN1,,,Pass,Hoechst:DNA; Alexa Fluor 488 phalloidin:actin; mScarlet:fascin; iRFP:nuclear actin chromobody (nAC),16.42200089,-12.142765,,,compound response across 12 wells,inactive,inactive,,,,,,
1093688977,H22,Homo sapiens,NCBITaxon,9606,HeLa,EFO,EFO_0001185,,,,,SN0215923065,0.0125,5663,PSEN1,,,Pass,Hoechst:DNA; Alexa Fluor 488 phalloidin:actin; mScarlet:fascin; iRFP:nuclear actin chromobody (nAC),13.14966488,3.510786772,,,compound response across 12 wells,inactive,inactive,,,,,,
1093688977,H23,Homo sapiens,NCBITaxon,9606,HeLa,EFO,EFO_0001185,,,,,SN0215923065,0.003,5663,PSEN1,,,Pass,Hoechst:DNA; Alexa Fluor 488 phalloidin:actin; mScarlet:fascin; iRFP:nuclear actin chromobody (nAC),-6.158190727,-6.34113359,,,compound response across 12 wells,inactive,inactive,,,,,,
1093688977,H24,Homo sapiens,NCBITaxon,9606,HeLa,EFO,EFO_0001185,,,,,SN0215923065,0.001,5663,PSEN1,,,Pass,Hoechst:DNA; Alexa Fluor 488 phalloidin:actin; mScarlet:fascin; iRFP:nuclear actin chromobody (nAC),25.23900986,-46.2382927,,,compound response across 12 wells,inactive,inactive,,,,,,
1093688977,I1,Homo sapiens,NCBITaxon,9606,HeLa,EFO,EFO_0001185,,,,,SN0215923065,0.0003,5663,PSEN1,,,Pass,Hoechst:DNA; Alexa Fluor 488 phalloidin:actin; mScarlet:fascin; iRFP:nuclear actin chromobody (nAC),14.85080719,-14.2001467,,,compound response across 12 wells,inactive,inactive,,,,,,
1093688977,I2,Homo sapiens,NCBITaxon,9606,HeLa,EFO,EFO_0001185,,,,,SN0215923065,0.00003,5663,PSEN1,,,Pass,Hoechst:DNA; Alexa Fluor 488 phalloidin:actin; mScarlet:fascin; iRFP:nuclear actin chromobody (nAC),-0.270846814,-16.9646645,,,compound response across 12 wells,inactive,inactive,,,,,,
1093688977,I3,Homo sapiens,NCBITaxon,9606,HeLa,EFO,EFO_0001185,,,,,SN1089190520,30,133,ADM,,,Pass,Hoechst:DNA; Alexa Fluor 488 phalloidin:actin; mScarlet:fascin; iRFP:nuclear actin chromobody (nAC),33.86646652,31.25450516,,,compound response across 12 wells,inactive,inactive,,,,,,
1093688977,I4,Homo sapiens,NCBITaxon,9606,HeLa,EFO,EFO_0001185,,,,,SN1089190520,10,133,ADM,,,Pass,Hoechst:DNA; Alexa Fluor 488 phalloidin:actin; mScarlet:fascin; iRFP:nuclear actin chromobody (nAC),26.73388863,11.88613892,,,compound response across 12 wells,inactive,inactive,,,,,,
1093688977,I5,Homo sapiens,NCBITaxon,9606,HeLa,EFO,EFO_0001185,,,,,SN1089190520,3.125,133,ADM,,,Pass,Hoechst:DNA; Alexa Fluor 488 phalloidin:actin; mScarlet:fascin; iRFP:nuclear actin chromobody (nAC),26.21320724,-37.8104095,,,compound response across 12 wells,inactive,inactive,,,,,,
1093688977,I6,Homo sapiens,NCBITaxon,9606,HeLa,EFO,EFO_0001185,,,,,SN1089190520,1.25,133,ADM,,,Pass,Hoechst:DNA; Alexa Fluor 488 phalloidin:actin; mScarlet:fascin; iRFP:nuclear actin chromobody (nAC),21.87416649,-13.1013079,,,compound response across 12 wells,inactive,inactive,,,,,,
1093688977,I7,Homo sapiens,NCBITaxon,9606,HeLa,EFO,EFO_0001185,,,,,SN1089190520,0.3,133,ADM,,,Pass,Hoechst:DNA; Alexa Fluor 488 phalloidin:actin; mScarlet:fascin; iRFP:nuclear actin chromobody (nAC),18.07419205,-22.4116688,,,compound response across 12 wells,inactive,inactive,,,,,,
1093688977,I8,Homo sapiens,NCBITaxon,9606,HeLa,EFO,EFO_0001185,,,,,SN1089190520,0.1,133,ADM,,,Pass,Hoechst:DNA; Alexa Fluor 488 phalloidin:actin; mScarlet:fascin; iRFP:nuclear actin chromobody (nAC),6.369850636,10.47667027,,,compound response across 12 wells,inactive,inactive,,,,,,
1093688977,I9,Homo sapiens,NCBITaxon,9606,HeLa,EFO,EFO_0001185,,,,,SN1089190520,0.03,133,ADM,,,Pass,Hoechst:DNA; Alexa Fluor 488 phalloidin:actin; mScarlet:fascin; iRFP:nuclear actin chromobody (nAC),9.942564011,-20.2568626,,,compound response across 12 wells,inactive,inactive,,,,,,
1093688977,I10,Homo sapiens,NCBITaxon,9606,HeLa,EFO,EFO_0001185,,,,,SN1089190520,0.0125,133,ADM,,,Pass,Hoechst:DNA; Alexa Fluor 488 phalloidin:actin; mScarlet:fascin; iRFP:nuclear actin chromobody (nAC),9.745836258,16.76436996,,,compound response across 12 wells,inactive,inactive,,,,,,
1093688977,I11,Homo sapiens,NCBITaxon,9606,HeLa,EFO,EFO_0001185,,,,,SN1089190520,0.003,133,ADM,,,Pass,Hoechst:DNA; Alexa Fluor 488 phalloidin:actin; mScarlet:fascin; iRFP:nuclear actin chromobody (nAC),10.20734596,-43.2434959,,,compound response across 12 wells,inactive,inactive,,,,,,
1093688977,I12,Homo sapiens,NCBITaxon,9606,HeLa,EFO,EFO_0001185,,,,,SN1089190520,0.001,133,ADM,,,Pass,Hoechst:DNA; Alexa Fluor 488 phalloidin:actin; mScarlet:fascin; iRFP:nuclear actin chromobody (nAC),12.25751305,-17.8607826,,,compound response across 12 wells,inactive,inactive,,,,,,
1093688977,I13,Homo sapiens,NCBITaxon,9606,HeLa,EFO,EFO_0001185,,,,,SN1089190520,0.0003,133,ADM,,,Pass,Hoechst:DNA; Alexa Fluor 488 phalloidin:actin; mScarlet:fascin; iRFP:nuclear actin chromobody (nAC),8.053354263,22.09475517,,,compound response across 12 wells,inactive,inactive,,,,,,
1093688977,I14,Homo sapiens,NCBITaxon,9606,HeLa,EFO,EFO_0001185,,,,,SN1089190520,0.00003,133,ADM,,,Pass,Hoechst:DNA; Alexa Fluor 488 phalloidin:actin; mScarlet:fascin; iRFP:nuclear actin chromobody (nAC),5.474977016,-32.8903542,,,compound response across 12 wells,inactive,inactive,,,,,,
1093688977,I15,Homo sapiens,NCBITaxon,9606,HeLa,EFO,EFO_0001185,,,,,SN0024072822,30,5139,PDE3A,,,Pass,Hoechst:DNA; Alexa Fluor 488 phalloidin:actin; mScarlet:fascin; iRFP:nuclear actin chromobody (nAC),26.00547981,56.46602631,,,compound response across 12 wells,inactive,inactive,,,,,,
1093688977,I16,Homo sapiens,NCBITaxon,9606,HeLa,EFO,EFO_0001185,,,,,SN0024072822,10,5139,PDE3A,,,Pass,Hoechst:DNA; Alexa Fluor 488 phalloidin:actin; mScarlet:fascin; iRFP:nuclear actin chromobody (nAC),32.82466125,13.69493866,,,compound response across 12 wells,inactive,inactive,,,,,,
1093688977,I17,Homo sapiens,NCBITaxon,9606,HeLa,EFO,EFO_0001185,DMSO,679,IAZDPXIOMUYVGZ-UHFFFAOYSA-N,CS(=O)C,,,,,Neutral Control,,Pass,Hoechst:DNA; Alexa Fluor 488 phalloidin:actin; mScarlet:fascin; iRFP:nuclear actin chromobody (nAC),4.853608608,22.21084213,,,,,,,,,,,
1093688977,I18,Homo sapiens,NCBITaxon,9606,HeLa,EFO,EFO_0001185,,,,,,,,,Stimulator Control,Leptomycin b blocks nuclear export of fascin,Pass,Hoechst:DNA; Alexa Fluor 488 phalloidin:actin; mScarlet:fascin; iRFP:nuclear actin chromobody (nAC),99.11283112,-12.6027355,,,,,,,,,,,
1093688977,I19,Homo sapiens,NCBITaxon,9606,HeLa,EFO,EFO_0001185,DMSO,679,IAZDPXIOMUYVGZ-UHFFFAOYSA-N,CS(=O)C,,,,,Neutral Control,,Pass,Hoechst:DNA; Alexa Fluor 488 phalloidin:actin; mScarlet:fascin; iRFP:nuclear actin chromobody (nAC),-3.447160006,-2.8294878,,,,,,,,,,,
1093688977,I20,Homo sapiens,NCBITaxon,9606,HeLa,EFO,EFO_0001185,,,,,SN0024072822,3.125,5139,PDE3A,,,Pass,Hoechst:DNA; Alexa Fluor 488 phalloidin:actin; mScarlet:fascin; iRFP:nuclear actin chromobody (nAC),15.95176888,-26.5159245,,,compound response across 12 wells,inactive,inactive,,,,,,
1093688977,I21,Homo sapiens,NCBITaxon,9606,HeLa,EFO,EFO_0001185,,,,,SN0024072822,1.25,5139,PDE3A,,,Pass,Hoechst:DNA; Alexa Fluor 488 phalloidin:actin; mScarlet:fascin; iRFP:nuclear actin chromobody (nAC),4.364973068,43.05356216,,,compound response across 12 wells,inactive,inactive,,,,,,
1093688977,I22,Homo sapiens,NCBITaxon,9606,HeLa,EFO,EFO_0001185,,,,,SN0024072822,0.3,5139,PDE3A,,,Pass,Hoechst:DNA; Alexa Fluor 488 phalloidin:actin; mScarlet:fascin; iRFP:nuclear actin chromobody (nAC),10.43807697,-29.6970501,,,compound response across 12 wells,inactive,inactive,,,,,,
1093688977,I23,Homo sapiens,NCBITaxon,9606,HeLa,EFO,EFO_0001185,,,,,SN0024072822,0.1,5139,PDE3A,,,Pass,Hoechst:DNA; Alexa Fluor 488 phalloidin:actin; mScarlet:fascin; iRFP:nuclear actin chromobody (nAC),-0.7956025,-11.7783813,,,compound response across 12 wells,inactive,inactive,,,,,,
1093688977,I24,Homo sapiens,NCBITaxon,9606,HeLa,EFO,EFO_0001185,,,,,SN0024072822,0.03,5139,PDE3A,,,Pass,Hoechst:DNA; Alexa Fluor 488 phalloidin:actin; mScarlet:fascin; iRFP:nuclear actin chromobody (nAC),16.69566536,-12.2595425,,,compound response across 12 wells,inactive,inactive,,,,,,
1093688977,J1,Homo sapiens,NCBITaxon,9606,HeLa,EFO,EFO_0001185,,,,,SN0024072822,0.0125,5139,PDE3A,,,Pass,Hoechst:DNA; Alexa Fluor 488 phalloidin:actin; mScarlet:fascin; iRFP:nuclear actin chromobody (nAC),10.834095,-21.9732704,,,compound response across 12 wells,inactive,inactive,,,,,,
1093688977,J2,Homo sapiens,NCBITaxon,9606,HeLa,EFO,EFO_0001185,,,,,SN0024072822,0.003,5139,PDE3A,,,Pass,Hoechst:DNA; Alexa Fluor 488 phalloidin:actin; mScarlet:fascin; iRFP:nuclear actin chromobody (nAC),20.07728767,-33.6724892,,,compound response across 12 wells,inactive,inactive,,,,,,
1093688977,J3,Homo sapiens,NCBITaxon,9606,HeLa,EFO,EFO_0001185,,,,,SN0024072822,0.001,5139,PDE3A,,,Pass,Hoechst:DNA; Alexa Fluor 488 phalloidin:actin; mScarlet:fascin; iRFP:nuclear actin chromobody (nAC),10.01123905,-15.5710993,,,compound response across 12 wells,inactive,inactive,,,,,,
1093688977,J4,Homo sapiens,NCBITaxon,9606,HeLa,EFO,EFO_0001185,,,,,SN0024072822,0.0003,5139,PDE3A,,,Pass,Hoechst:DNA; Alexa Fluor 488 phalloidin:actin; mScarlet:fascin; iRFP:nuclear actin chromobody (nAC),23.52290344,-9.0344553,,,compound response across 12 wells,inactive,inactive,,,,,,
1093688977,J5,Homo sapiens,NCBITaxon,9606,HeLa,EFO,EFO_0001185,,,,,SN0024072822,0.00003,5139,PDE3A,,,Pass,Hoechst:DNA; Alexa Fluor 488 phalloidin:actin; mScarlet:fascin; iRFP:nuclear actin chromobody (nAC),5.249610901,-30.4621334,,,compound response across 12 wells,inactive,inactive,,,,,,
1093688977,J6,Homo sapiens,NCBITaxon,9606,HeLa,EFO,EFO_0001185,DMSO,679,IAZDPXIOMUYVGZ-UHFFFAOYSA-N,CS(=O)C,,,,,Neutral Control,,Pass,Hoechst:DNA; Alexa Fluor 488 phalloidin:actin; mScarlet:fascin; iRFP:nuclear actin chromobody (nAC),9.56166935,38.63557053,,,,,,,,,,,
1093688977,J7,Homo sapiens,NCBITaxon,9606,HeLa,EFO,EFO_0001185,,,,,,,,,Stimulator Control,Leptomycin b blocks nuclear export of fascin,Pass,Hoechst:DNA; Alexa Fluor 488 phalloidin:actin; mScarlet:fascin; iRFP:nuclear actin chromobody (nAC),89.94387054,11.04581928,,,,,,,,,,,
1093688977,J8,Homo sapiens,NCBITaxon,9606,HeLa,EFO,EFO_0001185,DMSO,679,IAZDPXIOMUYVGZ-UHFFFAOYSA-N,CS(=O)C,,,,,Neutral Control,,Pass,Hoechst:DNA; Alexa Fluor 488 phalloidin:actin; mScarlet:fascin; iRFP:nuclear actin chromobody (nAC),-1.408900023,12.68395519,,,,,,,,,,,
1093688977,J9,Homo sapiens,NCBITaxon,9606,HeLa,EFO,EFO_0001185,,,,,SN1019106211,30,94,ACVRL1,,,Pass,Hoechst:DNA; Alexa Fluor 488 phalloidin:actin; mScarlet:fascin; iRFP:nuclear actin chromobody (nAC),110.9245834,-118.689606,,Yes,compound response across 12 wells,inactive,active,,,,Nuclear actin,actin filament phenotype,CMPO_0000104
1093688977,J10,Homo sapiens,NCBITaxon,9606,HeLa,EFO,EFO_0001185,,,,,SN1019106211,10,94,ACVRL1,,,Pass,Hoechst:DNA; Alexa Fluor 488 phalloidin:actin; mScarlet:fascin; iRFP:nuclear actin chromobody (nAC),137.2998047,28.41346359,,Yes,compound response across 12 wells,inactive,active,,,,Nuclear actin,actin filament phenotype,CMPO_0000104
1093688977,J11,Homo sapiens,NCBITaxon,9606,HeLa,EFO,EFO_0001185,,,,,SN1019106211,3.125,94,ACVRL1,,,Pass,Hoechst:DNA; Alexa Fluor 488 phalloidin:actin; mScarlet:fascin; iRFP:nuclear actin chromobody (nAC),83.25735474,-231.945282,,Yes,compound response across 12 wells,inactive,active,,,,Nuclear actin,actin filament phenotype,CMPO_0000104
1093688977,J12,Homo sapiens,NCBITaxon,9606,HeLa,EFO,EFO_0001185,,,,,SN1019106211,1.25,94,ACVRL1,,,Pass,Hoechst:DNA; Alexa Fluor 488 phalloidin:actin; mScarlet:fascin; iRFP:nuclear actin chromobody (nAC),44.83824539,-236.084,,Yes,compound response across 12 wells,inactive,active,,,,Nuclear actin,actin filament phenotype,CMPO_0000104
1093688977,J13,Homo sapiens,NCBITaxon,9606,HeLa,EFO,EFO_0001185,,,,,SN1019106211,0.3,94,ACVRL1,,,Pass,Hoechst:DNA; Alexa Fluor 488 phalloidin:actin; mScarlet:fascin; iRFP:nuclear actin chromobody (nAC),109.1007996,-49.0993233,,Yes,compound response across 12 wells,inactive,active,,,,Nuclear actin,actin filament phenotype,CMPO_0000104
1093688977,J14,Homo sapiens,NCBITaxon,9606,HeLa,EFO,EFO_0001185,,,,,SN1019106211,0.1,94,ACVRL1,,,Pass,Hoechst:DNA; Alexa Fluor 488 phalloidin:actin; mScarlet:fascin; iRFP:nuclear actin chromobody (nAC),22.99481964,14.323699,,Yes,compound response across 12 wells,inactive,active,,,,Nuclear actin,actin filament phenotype,CMPO_0000104
1093688977,J15,Homo sapiens,NCBITaxon,9606,HeLa,EFO,EFO_0001185,,,,,SN1019106211,0.03,94,ACVRL1,,,Pass,Hoechst:DNA; Alexa Fluor 488 phalloidin:actin; mScarlet:fascin; iRFP:nuclear actin chromobody (nAC),16.20699883,-13.8803825,,Yes,compound response across 12 wells,inactive,active,,,,Nuclear actin,actin filament phenotype,CMPO_0000104
1093688977,J16,Homo sapiens,NCBITaxon,9606,HeLa,EFO,EFO_0001185,,,,,SN1019106211,0.0125,94,ACVRL1,,,Pass,Hoechst:DNA; Alexa Fluor 488 phalloidin:actin; mScarlet:fascin; iRFP:nuclear actin chromobody (nAC),14.65804291,5.913188457,,Yes,compound response across 12 wells,inactive,active,,,,Nuclear actin,actin filament phenotype,CMPO_0000104
1093688977,J17,Homo sapiens,NCBITaxon,9606,HeLa,EFO,EFO_0001185,,,,,SN1019106211,0.003,94,ACVRL1,,,Pass,Hoechst:DNA; Alexa Fluor 488 phalloidin:actin; mScarlet:fascin; iRFP:nuclear actin chromobody (nAC),6.281229496,-46.405899,,Yes,compound response across 12 wells,inactive,active,,,,Nuclear actin,actin filament phenotype,CMPO_0000104
1093688977,J18,Homo sapiens,NCBITaxon,9606,HeLa,EFO,EFO_0001185,,,,,SN1019106211,0.001,94,ACVRL1,,,Pass,Hoechst:DNA; Alexa Fluor 488 phalloidin:actin; mScarlet:fascin; iRFP:nuclear actin chromobody (nAC),5.919914246,-12.5046453,,Yes,compound response across 12 wells,inactive,active,,,,Nuclear actin,actin filament phenotype,CMPO_0000104
1093688977,J19,Homo sapiens,NCBITaxon,9606,HeLa,EFO,EFO_0001185,,,,,SN1019106211,0.0003,94,ACVRL1,,,Pass,Hoechst:DNA; Alexa Fluor 488 phalloidin:actin; mScarlet:fascin; iRFP:nuclear actin chromobody (nAC),6.680972576,8.086512566,,Yes,compound response across 12 wells,inactive,active,,,,Nuclear actin,actin filament phenotype,CMPO_0000104
1093688977,J20,Homo sapiens,NCBITaxon,9606,HeLa,EFO,EFO_0001185,,,,,SN1019106211,0.00003,94,ACVRL1,,,Pass,Hoechst:DNA; Alexa Fluor 488 phalloidin:actin; mScarlet:fascin; iRFP:nuclear actin chromobody (nAC),10.58220768,-15.9238749,,Yes,compound response across 12 wells,inactive,active,,,,Nuclear actin,actin filament phenotype,CMPO_0000104
1093688977,J21,Homo sapiens,NCBITaxon,9606,HeLa,EFO,EFO_0001185,,,,,SN1080096182,30,5290,PIK3CA,,,Pass,Hoechst:DNA; Alexa Fluor 488 phalloidin:actin; mScarlet:fascin; iRFP:nuclear actin chromobody (nAC),-17.72499275,-63.3441505,,,compound response across 12 wells,inactive,inactive,,,,,,
1093688977,J22,Homo sapiens,NCBITaxon,9606,HeLa,EFO,EFO_0001185,,,,,SN1080096182,10,5290,PIK3CA,,,Pass,Hoechst:DNA; Alexa Fluor 488 phalloidin:actin; mScarlet:fascin; iRFP:nuclear actin chromobody (nAC),45.75865555,41.5128212,,,compound response across 12 wells,inactive,inactive,,,,,,
1093688977,J23,Homo sapiens,NCBITaxon,9606,HeLa,EFO,EFO_0001185,,,,,SN1080096182,3.125,5290,PIK3CA,,,Pass,Hoechst:DNA; Alexa Fluor 488 phalloidin:actin; mScarlet:fascin; iRFP:nuclear actin chromobody (nAC),-8.577329636,-61.7513962,,,compound response across 12 wells,inactive,inactive,,,,,,
1093688977,J24,Homo sapiens,NCBITaxon,9606,HeLa,EFO,EFO_0001185,,,,,SN1080096182,1.25,5290,PIK3CA,,,Pass,Hoechst:DNA; Alexa Fluor 488 phalloidin:actin; mScarlet:fascin; iRFP:nuclear actin chromobody (nAC),15.26038837,-1.51750457,,,compound response across 12 wells,inactive,inactive,,,,,,
1093688977,K1,Homo sapiens,NCBITaxon,9606,HeLa,EFO,EFO_0001185,,,,,SN1080096182,0.3,5290,PIK3CA,,,Pass,Hoechst:DNA; Alexa Fluor 488 phalloidin:actin; mScarlet:fascin; iRFP:nuclear actin chromobody (nAC),9.025308609,-53.4245148,,,compound response across 12 wells,inactive,inactive,,,,,,
1093688977,K2,Homo sapiens,NCBITaxon,9606,HeLa,EFO,EFO_0001185,,,,,SN1080096182,0.1,5290,PIK3CA,,,Pass,Hoechst:DNA; Alexa Fluor 488 phalloidin:actin; mScarlet:fascin; iRFP:nuclear actin chromobody (nAC),18.19477844,-27.0711784,,,compound response across 12 wells,inactive,inactive,,,,,,
1093688977,K3,Homo sapiens,NCBITaxon,9606,HeLa,EFO,EFO_0001185,,,,,SN1080096182,0.03,5290,PIK3CA,,,Pass,Hoechst:DNA; Alexa Fluor 488 phalloidin:actin; mScarlet:fascin; iRFP:nuclear actin chromobody (nAC),8.153692245,-35.4141159,,,compound response across 12 wells,inactive,inactive,,,,,,
1093688977,K4,Homo sapiens,NCBITaxon,9606,HeLa,EFO,EFO_0001185,,,,,SN1080096182,0.0125,5290,PIK3CA,,,Pass,Hoechst:DNA; Alexa Fluor 488 phalloidin:actin; mScarlet:fascin; iRFP:nuclear actin chromobody (nAC),9.877168655,0.83293283,,,compound response across 12 wells,inactive,inactive,,,,,,
1093688977,K5,Homo sapiens,NCBITaxon,9606,HeLa,EFO,EFO_0001185,,,,,SN1080096182,0.003,5290,PIK3CA,,,Pass,Hoechst:DNA; Alexa Fluor 488 phalloidin:actin; mScarlet:fascin; iRFP:nuclear actin chromobody (nAC),5.987681866,-3.74717236,,,compound response across 12 wells,inactive,inactive,,,,,,
1093688977,K6,Homo sapiens,NCBITaxon,9606,HeLa,EFO,EFO_0001185,,,,,SN1080096182,0.001,5290,PIK3CA,,,Pass,Hoechst:DNA; Alexa Fluor 488 phalloidin:actin; mScarlet:fascin; iRFP:nuclear actin chromobody (nAC),2.916896105,5.290344238,,,compound response across 12 wells,inactive,inactive,,,,,,
1093688977,K7,Homo sapiens,NCBITaxon,9606,HeLa,EFO,EFO_0001185,,,,,SN1080096182,0.0003,5290,PIK3CA,,,Pass,Hoechst:DNA; Alexa Fluor 488 phalloidin:actin; mScarlet:fascin; iRFP:nuclear actin chromobody (nAC),21.5585556,-57.9315414,,,compound response across 12 wells,inactive,inactive,,,,,,
1093688977,K8,Homo sapiens,NCBITaxon,9606,HeLa,EFO,EFO_0001185,,,,,SN1080096182,0.00003,5290,PIK3CA,,,Pass,Hoechst:DNA; Alexa Fluor 488 phalloidin:actin; mScarlet:fascin; iRFP:nuclear actin chromobody (nAC),11.08959579,-27.1071606,,,compound response across 12 wells,inactive,inactive,,,,,,
1093688977,K9,Homo sapiens,NCBITaxon,9606,HeLa,EFO,EFO_0001185,,,,,SN1076287848,30,3932,LCK,,,Pass,Hoechst:DNA; Alexa Fluor 488 phalloidin:actin; mScarlet:fascin; iRFP:nuclear actin chromobody (nAC),107.0244141,-329.858795,,Yes,compound response across 12 wells,inactive,active,,,,Nuclear actin,actin filament phenotype,CMPO_0000104
1093688977,K10,Homo sapiens,NCBITaxon,9606,HeLa,EFO,EFO_0001185,,,,,SN1076287848,10,3932,LCK,,,Pass,Hoechst:DNA; Alexa Fluor 488 phalloidin:actin; mScarlet:fascin; iRFP:nuclear actin chromobody (nAC),150.5182343,-100.08493,,Yes,compound response across 12 wells,inactive,active,,,,Nuclear actin,actin filament phenotype,CMPO_0000104
1093688977,K11,Homo sapiens,NCBITaxon,9606,HeLa,EFO,EFO_0001185,,,,,SN1076287848,3.125,3932,LCK,,,Pass,Hoechst:DNA; Alexa Fluor 488 phalloidin:actin; mScarlet:fascin; iRFP:nuclear actin chromobody (nAC),85.52075958,-106.685249,,Yes,compound response across 12 wells,inactive,active,,,,Nuclear actin,actin filament phenotype,CMPO_0000104
1093688977,K12,Homo sapiens,NCBITaxon,9606,HeLa,EFO,EFO_0001185,,,,,SN1076287848,1.25,3932,LCK,,,Pass,Hoechst:DNA; Alexa Fluor 488 phalloidin:actin; mScarlet:fascin; iRFP:nuclear actin chromobody (nAC),54.95292664,-17.6047916,,Yes,compound response across 12 wells,inactive,active,,,,Nuclear actin,actin filament phenotype,CMPO_0000104
1093688977,K13,Homo sapiens,NCBITaxon,9606,HeLa,EFO,EFO_0001185,,,,,SN1076287848,0.3,3932,LCK,,,Pass,Hoechst:DNA; Alexa Fluor 488 phalloidin:actin; mScarlet:fascin; iRFP:nuclear actin chromobody (nAC),19.67518806,-0.97021133,,Yes,compound response across 12 wells,inactive,active,,,,Nuclear actin,actin filament phenotype,CMPO_0000104
1093688977,K14,Homo sapiens,NCBITaxon,9606,HeLa,EFO,EFO_0001185,,,,,SN1076287848,0.1,3932,LCK,,,Pass,Hoechst:DNA; Alexa Fluor 488 phalloidin:actin; mScarlet:fascin; iRFP:nuclear actin chromobody (nAC),17.67268181,10.21736908,,Yes,compound response across 12 wells,inactive,active,,,,Nuclear actin,actin filament phenotype,CMPO_0000104
1093688977,K15,Homo sapiens,NCBITaxon,9606,HeLa,EFO,EFO_0001185,,,,,SN1076287848,0.03,3932,LCK,,,Pass,Hoechst:DNA; Alexa Fluor 488 phalloidin:actin; mScarlet:fascin; iRFP:nuclear actin chromobody (nAC),17.9935627,14.90351963,,Yes,compound response across 12 wells,inactive,active,,,,Nuclear actin,actin filament phenotype,CMPO_0000104
1093688977,K16,Homo sapiens,NCBITaxon,9606,HeLa,EFO,EFO_0001185,,,,,SN1076287848,0.0125,3932,LCK,,,Pass,Hoechst:DNA; Alexa Fluor 488 phalloidin:actin; mScarlet:fascin; iRFP:nuclear actin chromobody (nAC),24.65060806,-16.251461,,Yes,compound response across 12 wells,inactive,active,,,,Nuclear actin,actin filament phenotype,CMPO_0000104
1093688977,K17,Homo sapiens,NCBITaxon,9606,HeLa,EFO,EFO_0001185,,,,,SN1076287848,0.003,3932,LCK,,,Pass,Hoechst:DNA; Alexa Fluor 488 phalloidin:actin; mScarlet:fascin; iRFP:nuclear actin chromobody (nAC),9.0448246,18.0840416,,Yes,compound response across 12 wells,inactive,active,,,,Nuclear actin,actin filament phenotype,CMPO_0000104
1093688977,K18,Homo sapiens,NCBITaxon,9606,HeLa,EFO,EFO_0001185,,,,,SN1076287848,0.001,3932,LCK,,,Pass,Hoechst:DNA; Alexa Fluor 488 phalloidin:actin; mScarlet:fascin; iRFP:nuclear actin chromobody (nAC),7.577804565,-1.52889562,,Yes,compound response across 12 wells,inactive,active,,,,Nuclear actin,actin filament phenotype,CMPO_0000104
1093688977,K19,Homo sapiens,NCBITaxon,9606,HeLa,EFO,EFO_0001185,,,,,SN1076287848,0.0003,3932,LCK,,,Pass,Hoechst:DNA; Alexa Fluor 488 phalloidin:actin; mScarlet:fascin; iRFP:nuclear actin chromobody (nAC),8.773628235,31.10797691,,Yes,compound response across 12 wells,inactive,active,,,,Nuclear actin,actin filament phenotype,CMPO_0000104
1093688977,K20,Homo sapiens,NCBITaxon,9606,HeLa,EFO,EFO_0001185,,,,,SN1076287848,0.00003,3932,LCK,,,Pass,Hoechst:DNA; Alexa Fluor 488 phalloidin:actin; mScarlet:fascin; iRFP:nuclear actin chromobody (nAC),23.99950409,8.823532104,,Yes,compound response across 12 wells,inactive,active,,,,Nuclear actin,actin filament phenotype,CMPO_0000104
1093688977,K21,Homo sapiens,NCBITaxon,9606,HeLa,EFO,EFO_0001185,DMSO,679,IAZDPXIOMUYVGZ-UHFFFAOYSA-N,CS(=O)C,,,,,Neutral Control,,Pass,Hoechst:DNA; Alexa Fluor 488 phalloidin:actin; mScarlet:fascin; iRFP:nuclear actin chromobody (nAC),1.736737013,-22.1832085,,,,,,,,,,,
1093688977,K22,Homo sapiens,NCBITaxon,9606,HeLa,EFO,EFO_0001185,,,,,,,,,Stimulator Control,Leptomycin b blocks nuclear export of fascin,Pass,Hoechst:DNA; Alexa Fluor 488 phalloidin:actin; mScarlet:fascin; iRFP:nuclear actin chromobody (nAC),97.42314911,-11.0131712,,,,,,,,,,,
1093688977,K23,Homo sapiens,NCBITaxon,9606,HeLa,EFO,EFO_0001185,DMSO,679,IAZDPXIOMUYVGZ-UHFFFAOYSA-N,CS(=O)C,,,,,Neutral Control,,Pass,Hoechst:DNA; Alexa Fluor 488 phalloidin:actin; mScarlet:fascin; iRFP:nuclear actin chromobody (nAC),-3.380077124,-27.1439285,,,,,,,,,,,
1093688977,K24,Homo sapiens,NCBITaxon,9606,HeLa,EFO,EFO_0001185,,,,,SN1123523797,30,367,AR,,,Pass,Hoechst:DNA; Alexa Fluor 488 phalloidin:actin; mScarlet:fascin; iRFP:nuclear actin chromobody (nAC),41.20674515,-8.82947254,,Yes,compound response across 12 wells,active,inactive,Nuclear fascin,regulation of protein localization to nucleus,GO_1900180,,,
1093688977,L1,Homo sapiens,NCBITaxon,9606,HeLa,EFO,EFO_0001185,,,,,SN1123523797,10,367,AR,,,Pass,Hoechst:DNA; Alexa Fluor 488 phalloidin:actin; mScarlet:fascin; iRFP:nuclear actin chromobody (nAC),19.40760422,-25.8402882,,Yes,compound response across 12 wells,active,inactive,Nuclear fascin,regulation of protein localization to nucleus,GO_1900180,,,
1093688977,L2,Homo sapiens,NCBITaxon,9606,HeLa,EFO,EFO_0001185,,,,,SN1123523797,3.125,367,AR,,,Pass,Hoechst:DNA; Alexa Fluor 488 phalloidin:actin; mScarlet:fascin; iRFP:nuclear actin chromobody (nAC),13.52503586,-4.24725628,,Yes,compound response across 12 wells,active,inactive,Nuclear fascin,regulation of protein localization to nucleus,GO_1900180,,,
1093688977,L3,Homo sapiens,NCBITaxon,9606,HeLa,EFO,EFO_0001185,,,,,SN1123523797,1.25,367,AR,,,Pass,Hoechst:DNA; Alexa Fluor 488 phalloidin:actin; mScarlet:fascin; iRFP:nuclear actin chromobody (nAC),1.872844934,-43.3254776,,Yes,compound response across 12 wells,active,inactive,Nuclear fascin,regulation of protein localization to nucleus,GO_1900180,,,
1093688977,L4,Homo sapiens,NCBITaxon,9606,HeLa,EFO,EFO_0001185,,,,,SN1123523797,0.3,367,AR,,,Pass,Hoechst:DNA; Alexa Fluor 488 phalloidin:actin; mScarlet:fascin; iRFP:nuclear actin chromobody (nAC),6.365807056,-22.4671841,,Yes,compound response across 12 wells,active,inactive,Nuclear fascin,regulation of protein localization to nucleus,GO_1900180,,,
1093688977,L5,Homo sapiens,NCBITaxon,9606,HeLa,EFO,EFO_0001185,,,,,SN1123523797,0.1,367,AR,,,Pass,Hoechst:DNA; Alexa Fluor 488 phalloidin:actin; mScarlet:fascin; iRFP:nuclear actin chromobody (nAC),10.56210232,-29.9863853,,Yes,compound response across 12 wells,active,inactive,Nuclear fascin,regulation of protein localization to nucleus,GO_1900180,,,
1093688977,L6,Homo sapiens,NCBITaxon,9606,HeLa,EFO,EFO_0001185,,,,,SN1123523797,0.03,367,AR,,,Pass,Hoechst:DNA; Alexa Fluor 488 phalloidin:actin; mScarlet:fascin; iRFP:nuclear actin chromobody (nAC),10.26615047,-29.5415268,,Yes,compound response across 12 wells,active,inactive,Nuclear fascin,regulation of protein localization to nucleus,GO_1900180,,,
1093688977,L7,Homo sapiens,NCBITaxon,9606,HeLa,EFO,EFO_0001185,,,,,SN1123523797,0.0125,367,AR,,,Pass,Hoechst:DNA; Alexa Fluor 488 phalloidin:actin; mScarlet:fascin; iRFP:nuclear actin chromobody (nAC),14.28693771,-42.4626732,,Yes,compound response across 12 wells,active,inactive,Nuclear fascin,regulation of protein localization to nucleus,GO_1900180,,,
1093688977,L8,Homo sapiens,NCBITaxon,9606,HeLa,EFO,EFO_0001185,,,,,SN1123523797,0.003,367,AR,,,Pass,Hoechst:DNA; Alexa Fluor 488 phalloidin:actin; mScarlet:fascin; iRFP:nuclear actin chromobody (nAC),15.91041088,-20.2113838,,Yes,compound response across 12 wells,active,inactive,Nuclear fascin,regulation of protein localization to nucleus,GO_1900180,,,
1093688977,L9,Homo sapiens,NCBITaxon,9606,HeLa,EFO,EFO_0001185,,,,,SN1123523797,0.001,367,AR,,,Pass,Hoechst:DNA; Alexa Fluor 488 phalloidin:actin; mScarlet:fascin; iRFP:nuclear actin chromobody (nAC),10.93427372,12.01986599,,Yes,compound response across 12 wells,active,inactive,Nuclear fascin,regulation of protein localization to nucleus,GO_1900180,,,
1093688977,L10,Homo sapiens,NCBITaxon,9606,HeLa,EFO,EFO_0001185,,,,,SN1123523797,0.0003,367,AR,,,Pass,Hoechst:DNA; Alexa Fluor 488 phalloidin:actin; mScarlet:fascin; iRFP:nuclear actin chromobody (nAC),9.577381134,4.748755932,,Yes,compound response across 12 wells,active,inactive,Nuclear fascin,regulation of protein localization to nucleus,GO_1900180,,,
1093688977,L11,Homo sapiens,NCBITaxon,9606,HeLa,EFO,EFO_0001185,,,,,SN1123523797,0.00003,367,AR,,,Pass,Hoechst:DNA; Alexa Fluor 488 phalloidin:actin; mScarlet:fascin; iRFP:nuclear actin chromobody (nAC),13.40390778,-28.2324829,,Yes,compound response across 12 wells,active,inactive,Nuclear fascin,regulation of protein localization to nucleus,GO_1900180,,,
1093688977,L12,Homo sapiens,NCBITaxon,9606,HeLa,EFO,EFO_0001185,,,,,SN1045820098,30,904,CCNT1,,,Pass,Hoechst:DNA; Alexa Fluor 488 phalloidin:actin; mScarlet:fascin; iRFP:nuclear actin chromobody (nAC),67.55976868,-41.8700142,,Yes,compound response across 12 wells,active,active,Nuclear fascin,regulation of protein localization to nucleus,GO_1900180,Nuclear actin,actin filament phenotype,CMPO_0000104
1093688977,L13,Homo sapiens,NCBITaxon,9606,HeLa,EFO,EFO_0001185,,,,,SN1045820098,10,904,CCNT1,,,Pass,Hoechst:DNA; Alexa Fluor 488 phalloidin:actin; mScarlet:fascin; iRFP:nuclear actin chromobody (nAC),75.29993439,-7.52973366,,Yes,compound response across 12 wells,active,active,Nuclear fascin,regulation of protein localization to nucleus,GO_1900180,Nuclear actin,actin filament phenotype,CMPO_0000104
1093688977,L14,Homo sapiens,NCBITaxon,9606,HeLa,EFO,EFO_0001185,,,,,SN1045820098,3.125,904,CCNT1,,,Pass,Hoechst:DNA; Alexa Fluor 488 phalloidin:actin; mScarlet:fascin; iRFP:nuclear actin chromobody (nAC),57.3021965,-462.633728,,Yes,compound response across 12 wells,active,active,Nuclear fascin,regulation of protein localization to nucleus,GO_1900180,Nuclear actin,actin filament phenotype,CMPO_0000104
1093688977,L15,Homo sapiens,NCBITaxon,9606,HeLa,EFO,EFO_0001185,,,,,SN1045820098,1.25,904,CCNT1,,,Pass,Hoechst:DNA; Alexa Fluor 488 phalloidin:actin; mScarlet:fascin; iRFP:nuclear actin chromobody (nAC),70.25827026,-87.234993,,Yes,compound response across 12 wells,active,active,Nuclear fascin,regulation of protein localization to nucleus,GO_1900180,Nuclear actin,actin filament phenotype,CMPO_0000104
1093688977,L16,Homo sapiens,NCBITaxon,9606,HeLa,EFO,EFO_0001185,,,,,SN1045820098,0.3,904,CCNT1,,,Pass,Hoechst:DNA; Alexa Fluor 488 phalloidin:actin; mScarlet:fascin; iRFP:nuclear actin chromobody (nAC),25.65890503,-75.0903168,,Yes,compound response across 12 wells,active,active,Nuclear fascin,regulation of protein localization to nucleus,GO_1900180,Nuclear actin,actin filament phenotype,CMPO_0000104
1093688977,L17,Homo sapiens,NCBITaxon,9606,HeLa,EFO,EFO_0001185,,,,,SN1045820098,0.1,904,CCNT1,,,Pass,Hoechst:DNA; Alexa Fluor 488 phalloidin:actin; mScarlet:fascin; iRFP:nuclear actin chromobody (nAC),15.1842947,-48.3724174,,Yes,compound response across 12 wells,active,active,Nuclear fascin,regulation of protein localization to nucleus,GO_1900180,Nuclear actin,actin filament phenotype,CMPO_0000104
1093688977,L18,Homo sapiens,NCBITaxon,9606,HeLa,EFO,EFO_0001185,,,,,SN1045820098,0.03,904,CCNT1,,,Pass,Hoechst:DNA; Alexa Fluor 488 phalloidin:actin; mScarlet:fascin; iRFP:nuclear actin chromobody (nAC),21.78048325,-19.6559963,,Yes,compound response across 12 wells,active,active,Nuclear fascin,regulation of protein localization to nucleus,GO_1900180,Nuclear actin,actin filament phenotype,CMPO_0000104
1093688977,L19,Homo sapiens,NCBITaxon,9606,HeLa,EFO,EFO_0001185,,,,,SN1045820098,0.0125,904,CCNT1,,,Pass,Hoechst:DNA; Alexa Fluor 488 phalloidin:actin; mScarlet:fascin; iRFP:nuclear actin chromobody (nAC),16.28711891,-10.3568859,,Yes,compound response across 12 wells,active,active,Nuclear fascin,regulation of protein localization to nucleus,GO_1900180,Nuclear actin,actin filament phenotype,CMPO_0000104
1093688977,L20,Homo sapiens,NCBITaxon,9606,HeLa,EFO,EFO_0001185,,,,,SN1045820098,0.003,904,CCNT1,,,Pass,Hoechst:DNA; Alexa Fluor 488 phalloidin:actin; mScarlet:fascin; iRFP:nuclear actin chromobody (nAC),24.52386093,6.862517357,,Yes,compound response across 12 wells,active,active,Nuclear fascin,regulation of protein localization to nucleus,GO_1900180,Nuclear actin,actin filament phenotype,CMPO_0000104
1093688977,L21,Homo sapiens,NCBITaxon,9606,HeLa,EFO,EFO_0001185,,,,,SN1045820098,0.001,904,CCNT1,,,Pass,Hoechst:DNA; Alexa Fluor 488 phalloidin:actin; mScarlet:fascin; iRFP:nuclear actin chromobody (nAC),5.317314625,-19.9102459,,Yes,compound response across 12 wells,active,active,Nuclear fascin,regulation of protein localization to nucleus,GO_1900180,Nuclear actin,actin filament phenotype,CMPO_0000104
1093688977,L22,Homo sapiens,NCBITaxon,9606,HeLa,EFO,EFO_0001185,,,,,SN1045820098,0.0003,904,CCNT1,,,Pass,Hoechst:DNA; Alexa Fluor 488 phalloidin:actin; mScarlet:fascin; iRFP:nuclear actin chromobody (nAC),6.45582962,-28.0827007,,Yes,compound response across 12 wells,active,active,Nuclear fascin,regulation of protein localization to nucleus,GO_1900180,Nuclear actin,actin filament phenotype,CMPO_0000104
1093688977,L23,Homo sapiens,NCBITaxon,9606,HeLa,EFO,EFO_0001185,,,,,SN1045820098,0.00003,904,CCNT1,,,Pass,Hoechst:DNA; Alexa Fluor 488 phalloidin:actin; mScarlet:fascin; iRFP:nuclear actin chromobody (nAC),17.32411766,-8.02678013,,Yes,compound response across 12 wells,active,active,Nuclear fascin,regulation of protein localization to nucleus,GO_1900180,Nuclear actin,actin filament phenotype,CMPO_0000104
1093688977,L24,Homo sapiens,NCBITaxon,9606,HeLa,EFO,EFO_0001185,,,,,SN1057798306,30,2932,GSK3B,,,Fail,Hoechst:DNA; Alexa Fluor 488 phalloidin:actin; mScarlet:fascin; iRFP:nuclear actin chromobody (nAC),72.54705048,-30.3747921,,Yes,compound response across 12 wells,active,active,Nuclear fascin,regulation of protein localization to nucleus,GO_1900180,Nuclear actin,actin filament phenotype,CMPO_0000104
1093688977,M1,Homo sapiens,NCBITaxon,9606,HeLa,EFO,EFO_0001185,,,,,SN1057798306,10,2932,GSK3B,,,Pass,Hoechst:DNA; Alexa Fluor 488 phalloidin:actin; mScarlet:fascin; iRFP:nuclear actin chromobody (nAC),56.70262146,,,Yes,compound response across 12 wells,active,active,Nuclear fascin,regulation of protein localization to nucleus,GO_1900180,Nuclear actin,actin filament phenotype,CMPO_0000104
1093688977,M2,Homo sapiens,NCBITaxon,9606,HeLa,EFO,EFO_0001185,,,,,SN1057798306,3.125,2932,GSK3B,,,Pass,Hoechst:DNA; Alexa Fluor 488 phalloidin:actin; mScarlet:fascin; iRFP:nuclear actin chromobody (nAC),110.3710403,-269.204315,,Yes,compound response across 12 wells,active,active,Nuclear fascin,regulation of protein localization to nucleus,GO_1900180,Nuclear actin,actin filament phenotype,CMPO_0000104
1093688977,M3,Homo sapiens,NCBITaxon,9606,HeLa,EFO,EFO_0001185,,,,,SN1057798306,1.25,2932,GSK3B,,,Pass,Hoechst:DNA; Alexa Fluor 488 phalloidin:actin; mScarlet:fascin; iRFP:nuclear actin chromobody (nAC),53.86820221,-193.332977,,Yes,compound response across 12 wells,active,active,Nuclear fascin,regulation of protein localization to nucleus,GO_1900180,Nuclear actin,actin filament phenotype,CMPO_0000104
1093688977,M4,Homo sapiens,NCBITaxon,9606,HeLa,EFO,EFO_0001185,,,,,SN1057798306,0.3,2932,GSK3B,,,Pass,Hoechst:DNA; Alexa Fluor 488 phalloidin:actin; mScarlet:fascin; iRFP:nuclear actin chromobody (nAC),56.55885696,-85.9257202,,Yes,compound response across 12 wells,active,active,Nuclear fascin,regulation of protein localization to nucleus,GO_1900180,Nuclear actin,actin filament phenotype,CMPO_0000104
1093688977,M5,Homo sapiens,NCBITaxon,9606,HeLa,EFO,EFO_0001185,,,,,SN1057798306,0.1,2932,GSK3B,,,Pass,Hoechst:DNA; Alexa Fluor 488 phalloidin:actin; mScarlet:fascin; iRFP:nuclear actin chromobody (nAC),42.67503738,-89.3208847,,Yes,compound response across 12 wells,active,active,Nuclear fascin,regulation of protein localization to nucleus,GO_1900180,Nuclear actin,actin filament phenotype,CMPO_0000104
1093688977,M6,Homo sapiens,NCBITaxon,9606,HeLa,EFO,EFO_0001185,,,,,SN1057798306,0.03,2932,GSK3B,,,Pass,Hoechst:DNA; Alexa Fluor 488 phalloidin:actin; mScarlet:fascin; iRFP:nuclear actin chromobody (nAC),34.69612122,-50.049408,,Yes,compound response across 12 wells,active,active,Nuclear fascin,regulation of protein localization to nucleus,GO_1900180,Nuclear actin,actin filament phenotype,CMPO_0000104
1093688977,M7,Homo sapiens,NCBITaxon,9606,HeLa,EFO,EFO_0001185,,,,,SN1057798306,0.0125,2932,GSK3B,,,Pass,Hoechst:DNA; Alexa Fluor 488 phalloidin:actin; mScarlet:fascin; iRFP:nuclear actin chromobody (nAC),21.89514732,-12.183774,,Yes,compound response across 12 wells,active,active,Nuclear fascin,regulation of protein localization to nucleus,GO_1900180,Nuclear actin,actin filament phenotype,CMPO_0000104
1093688977,M8,Homo sapiens,NCBITaxon,9606,HeLa,EFO,EFO_0001185,,,,,SN1057798306,0.003,2932,GSK3B,,,Pass,Hoechst:DNA; Alexa Fluor 488 phalloidin:actin; mScarlet:fascin; iRFP:nuclear actin chromobody (nAC),36.60933685,-8.30781651,,Yes,compound response across 12 wells,active,active,Nuclear fascin,regulation of protein localization to nucleus,GO_1900180,Nuclear actin,actin filament phenotype,CMPO_0000104
1093688977,M9,Homo sapiens,NCBITaxon,9606,HeLa,EFO,EFO_0001185,,,,,SN1057798306,0.001,2932,GSK3B,,,Pass,Hoechst:DNA; Alexa Fluor 488 phalloidin:actin; mScarlet:fascin; iRFP:nuclear actin chromobody (nAC),5.486581802,23.50492477,,Yes,compound response across 12 wells,active,active,Nuclear fascin,regulation of protein localization to nucleus,GO_1900180,Nuclear actin,actin filament phenotype,CMPO_0000104
1093688977,M10,Homo sapiens,NCBITaxon,9606,HeLa,EFO,EFO_0001185,,,,,SN1057798306,0.0003,2932,GSK3B,,,Pass,Hoechst:DNA; Alexa Fluor 488 phalloidin:actin; mScarlet:fascin; iRFP:nuclear actin chromobody (nAC),7.624876976,10.80632496,,Yes,compound response across 12 wells,active,active,Nuclear fascin,regulation of protein localization to nucleus,GO_1900180,Nuclear actin,actin filament phenotype,CMPO_0000104
1093688977,M11,Homo sapiens,NCBITaxon,9606,HeLa,EFO,EFO_0001185,,,,,SN1057798306,0.00003,2932,GSK3B,,,Pass,Hoechst:DNA; Alexa Fluor 488 phalloidin:actin; mScarlet:fascin; iRFP:nuclear actin chromobody (nAC),5.630744934,-14.5269585,,Yes,compound response across 12 wells,active,active,Nuclear fascin,regulation of protein localization to nucleus,GO_1900180,Nuclear actin,actin filament phenotype,CMPO_0000104
1093688977,M12,Homo sapiens,NCBITaxon,9606,HeLa,EFO,EFO_0001185,,,,,SN1065185152,30,2932,GSK3B,,,Pass,Hoechst:DNA; Alexa Fluor 488 phalloidin:actin; mScarlet:fascin; iRFP:nuclear actin chromobody (nAC),53.28680801,-75.3974991,,,compound response across 12 wells,inactive,inactive,,,,,,
1093688977,M13,Homo sapiens,NCBITaxon,9606,HeLa,EFO,EFO_0001185,,,,,SN1065185152,10,2932,GSK3B,,,Pass,Hoechst:DNA; Alexa Fluor 488 phalloidin:actin; mScarlet:fascin; iRFP:nuclear actin chromobody (nAC),-2.489389896,-33.9630852,,,compound response across 12 wells,inactive,inactive,,,,,,
1093688977,M14,Homo sapiens,NCBITaxon,9606,HeLa,EFO,EFO_0001185,,,,,SN1065185152,3.125,2932,GSK3B,,,Pass,Hoechst:DNA; Alexa Fluor 488 phalloidin:actin; mScarlet:fascin; iRFP:nuclear actin chromobody (nAC),23.19124603,11.91294956,,,compound response across 12 wells,inactive,inactive,,,,,,
1093688977,M15,Homo sapiens,NCBITaxon,9606,HeLa,EFO,EFO_0001185,,,,,SN1065185152,1.25,2932,GSK3B,,,Pass,Hoechst:DNA; Alexa Fluor 488 phalloidin:actin; mScarlet:fascin; iRFP:nuclear actin chromobody (nAC),6.563362598,-8.6993866,,,compound response across 12 wells,inactive,inactive,,,,,,
1093688977,M16,Homo sapiens,NCBITaxon,9606,HeLa,EFO,EFO_0001185,,,,,SN1065185152,0.3,2932,GSK3B,,,Pass,Hoechst:DNA; Alexa Fluor 488 phalloidin:actin; mScarlet:fascin; iRFP:nuclear actin chromobody (nAC),19.03016281,17.0572567,,,compound response across 12 wells,inactive,inactive,,,,,,
1093688977,M17,Homo sapiens,NCBITaxon,9606,HeLa,EFO,EFO_0001185,,,,,SN1065185152,0.1,2932,GSK3B,,,Pass,Hoechst:DNA; Alexa Fluor 488 phalloidin:actin; mScarlet:fascin; iRFP:nuclear actin chromobody (nAC),12.08595371,-13.963253,,,compound response across 12 wells,inactive,inactive,,,,,,
1093688977,M18,Homo sapiens,NCBITaxon,9606,HeLa,EFO,EFO_0001185,,,,,SN1065185152,0.03,2932,GSK3B,,,Pass,Hoechst:DNA; Alexa Fluor 488 phalloidin:actin; mScarlet:fascin; iRFP:nuclear actin chromobody (nAC),2.303280354,-14.9181051,,,compound response across 12 wells,inactive,inactive,,,,,,
1093688977,M19,Homo sapiens,NCBITaxon,9606,HeLa,EFO,EFO_0001185,,,,,SN1065185152,0.0125,2932,GSK3B,,,Pass,Hoechst:DNA; Alexa Fluor 488 phalloidin:actin; mScarlet:fascin; iRFP:nuclear actin chromobody (nAC),14.83848572,-36.6795883,,,compound response across 12 wells,inactive,inactive,,,,,,
1093688977,M20,Homo sapiens,NCBITaxon,9606,HeLa,EFO,EFO_0001185,,,,,SN1065185152,0.003,2932,GSK3B,,,Pass,Hoechst:DNA; Alexa Fluor 488 phalloidin:actin; mScarlet:fascin; iRFP:nuclear actin chromobody (nAC),12.65688992,-56.0110703,,,compound response across 12 wells,inactive,inactive,,,,,,
1093688977,M21,Homo sapiens,NCBITaxon,9606,HeLa,EFO,EFO_0001185,,,,,SN1065185152,0.001,2932,GSK3B,,,Pass,Hoechst:DNA; Alexa Fluor 488 phalloidin:actin; mScarlet:fascin; iRFP:nuclear actin chromobody (nAC),13.01986027,-7.64940834,,,compound response across 12 wells,inactive,inactive,,,,,,
1093688977,M22,Homo sapiens,NCBITaxon,9606,HeLa,EFO,EFO_0001185,,,,,SN1065185152,0.0003,2932,GSK3B,,,Pass,Hoechst:DNA; Alexa Fluor 488 phalloidin:actin; mScarlet:fascin; iRFP:nuclear actin chromobody (nAC),15.68424892,-30.8658562,,,compound response across 12 wells,inactive,inactive,,,,,,
1093688977,M23,Homo sapiens,NCBITaxon,9606,HeLa,EFO,EFO_0001185,,,,,SN1065185152,0.00003,2932,GSK3B,,,Pass,Hoechst:DNA; Alexa Fluor 488 phalloidin:actin; mScarlet:fascin; iRFP:nuclear actin chromobody (nAC),31.04784012,2.638091326,,,compound response across 12 wells,inactive,inactive,,,,,,
1093688977,M24,Homo sapiens,NCBITaxon,9606,HeLa,EFO,EFO_0001185,,,,,SN0202861890,30,898,CCNE1,,,Pass,Hoechst:DNA; Alexa Fluor 488 phalloidin:actin; mScarlet:fascin; iRFP:nuclear actin chromobody (nAC),59.77094269,-199.980576,Yes,Yes,compound response across 12 wells,active,active,Nuclear fascin,regulation of protein localization to nucleus,GO_1900180,Nuclear actin,actin filament phenotype,CMPO_0000104
1093688977,N1,Homo sapiens,NCBITaxon,9606,HeLa,EFO,EFO_0001185,,,,,SN0202861890,10,898,CCNE1,,,Pass,Hoechst:DNA; Alexa Fluor 488 phalloidin:actin; mScarlet:fascin; iRFP:nuclear actin chromobody (nAC),19.34739876,-131.931656,Yes,Yes,compound response across 12 wells,active,active,Nuclear fascin,regulation of protein localization to nucleus,GO_1900180,Nuclear actin,actin filament phenotype,CMPO_0000104
1093688977,N2,Homo sapiens,NCBITaxon,9606,HeLa,EFO,EFO_0001185,,,,,SN0202861890,3.125,898,CCNE1,,,Pass,Hoechst:DNA; Alexa Fluor 488 phalloidin:actin; mScarlet:fascin; iRFP:nuclear actin chromobody (nAC),18.73507118,-34.8914032,Yes,Yes,compound response across 12 wells,active,active,Nuclear fascin,regulation of protein localization to nucleus,GO_1900180,Nuclear actin,actin filament phenotype,CMPO_0000104
1093688977,N3,Homo sapiens,NCBITaxon,9606,HeLa,EFO,EFO_0001185,,,,,SN0202861890,1.25,898,CCNE1,,,Pass,Hoechst:DNA; Alexa Fluor 488 phalloidin:actin; mScarlet:fascin; iRFP:nuclear actin chromobody (nAC),22.24377441,-6.27961731,Yes,Yes,compound response across 12 wells,active,active,Nuclear fascin,regulation of protein localization to nucleus,GO_1900180,Nuclear actin,actin filament phenotype,CMPO_0000104
1093688977,N4,Homo sapiens,NCBITaxon,9606,HeLa,EFO,EFO_0001185,,,,,SN0202861890,0.3,898,CCNE1,,,Pass,Hoechst:DNA; Alexa Fluor 488 phalloidin:actin; mScarlet:fascin; iRFP:nuclear actin chromobody (nAC),17.66180992,-37.7710953,Yes,Yes,compound response across 12 wells,active,active,Nuclear fascin,regulation of protein localization to nucleus,GO_1900180,Nuclear actin,actin filament phenotype,CMPO_0000104
1093688977,N5,Homo sapiens,NCBITaxon,9606,HeLa,EFO,EFO_0001185,,,,,SN0202861890,0.1,898,CCNE1,,,Pass,Hoechst:DNA; Alexa Fluor 488 phalloidin:actin; mScarlet:fascin; iRFP:nuclear actin chromobody (nAC),9.785570145,-4.96738005,Yes,Yes,compound response across 12 wells,active,active,Nuclear fascin,regulation of protein localization to nucleus,GO_1900180,Nuclear actin,actin filament phenotype,CMPO_0000104
1093688977,N6,Homo sapiens,NCBITaxon,9606,HeLa,EFO,EFO_0001185,,,,,SN0202861890,0.03,898,CCNE1,,,Pass,Hoechst:DNA; Alexa Fluor 488 phalloidin:actin; mScarlet:fascin; iRFP:nuclear actin chromobody (nAC),17.39072418,-13.9864702,Yes,Yes,compound response across 12 wells,active,active,Nuclear fascin,regulation of protein localization to nucleus,GO_1900180,Nuclear actin,actin filament phenotype,CMPO_0000104
1093688977,N7,Homo sapiens,NCBITaxon,9606,HeLa,EFO,EFO_0001185,,,,,SN0202861890,0.0125,898,CCNE1,,,Pass,Hoechst:DNA; Alexa Fluor 488 phalloidin:actin; mScarlet:fascin; iRFP:nuclear actin chromobody (nAC),14.97306538,-42.7428436,Yes,Yes,compound response across 12 wells,active,active,Nuclear fascin,regulation of protein localization to nucleus,GO_1900180,Nuclear actin,actin filament phenotype,CMPO_0000104
1093688977,N8,Homo sapiens,NCBITaxon,9606,HeLa,EFO,EFO_0001185,,,,,SN0202861890,0.003,898,CCNE1,,,Pass,Hoechst:DNA; Alexa Fluor 488 phalloidin:actin; mScarlet:fascin; iRFP:nuclear actin chromobody (nAC),8.102592468,-16.5481529,Yes,Yes,compound response across 12 wells,active,active,Nuclear fascin,regulation of protein localization to nucleus,GO_1900180,Nuclear actin,actin filament phenotype,CMPO_0000104
1093688977,N9,Homo sapiens,NCBITaxon,9606,HeLa,EFO,EFO_0001185,,,,,SN0202861890,0.001,898,CCNE1,,,Pass,Hoechst:DNA; Alexa Fluor 488 phalloidin:actin; mScarlet:fascin; iRFP:nuclear actin chromobody (nAC),17.06925392,-10.870738,Yes,Yes,compound response across 12 wells,active,active,Nuclear fascin,regulation of protein localization to nucleus,GO_1900180,Nuclear actin,actin filament phenotype,CMPO_0000104
1093688977,N10,Homo sapiens,NCBITaxon,9606,HeLa,EFO,EFO_0001185,,,,,SN0202861890,0.0003,898,CCNE1,,,Pass,Hoechst:DNA; Alexa Fluor 488 phalloidin:actin; mScarlet:fascin; iRFP:nuclear actin chromobody (nAC),12.19681358,10.14983368,Yes,Yes,compound response across 12 wells,active,active,Nuclear fascin,regulation of protein localization to nucleus,GO_1900180,Nuclear actin,actin filament phenotype,CMPO_0000104
1093688977,N11,Homo sapiens,NCBITaxon,9606,HeLa,EFO,EFO_0001185,,,,,SN0202861890,0.00003,898,CCNE1,,,Pass,Hoechst:DNA; Alexa Fluor 488 phalloidin:actin; mScarlet:fascin; iRFP:nuclear actin chromobody (nAC),27.52084541,-4.79052687,Yes,Yes,compound response across 12 wells,active,active,Nuclear fascin,regulation of protein localization to nucleus,GO_1900180,Nuclear actin,actin filament phenotype,CMPO_0000104
1093688977,N12,Homo sapiens,NCBITaxon,9606,HeLa,EFO,EFO_0001185,,,,,SN0185717327,30,6792,CDKL5,,,Fail,Hoechst:DNA; Alexa Fluor 488 phalloidin:actin; mScarlet:fascin; iRFP:nuclear actin chromobody (nAC),101.9373169,,Yes,Yes,compound response across 12 wells,active,active,Nuclear fascin,regulation of protein localization to nucleus,GO_1900180,Nuclear actin,actin filament phenotype,CMPO_0000104
1093688977,N13,Homo sapiens,NCBITaxon,9606,HeLa,EFO,EFO_0001185,,,,,SN0185717327,10,6792,CDKL5,,,Pass,Hoechst:DNA; Alexa Fluor 488 phalloidin:actin; mScarlet:fascin; iRFP:nuclear actin chromobody (nAC),83.24583435,-176.250076,Yes,Yes,compound response across 12 wells,active,active,Nuclear fascin,regulation of protein localization to nucleus,GO_1900180,Nuclear actin,actin filament phenotype,CMPO_0000104
1093688977,N14,Homo sapiens,NCBITaxon,9606,HeLa,EFO,EFO_0001185,DMSO,679,IAZDPXIOMUYVGZ-UHFFFAOYSA-N,CS(=O)C,,,,,Neutral Control,,Pass,Hoechst:DNA; Alexa Fluor 488 phalloidin:actin; mScarlet:fascin; iRFP:nuclear actin chromobody (nAC),-15.16637039,-6.87443447,,,,,,,,,,,
1093688977,N15,Homo sapiens,NCBITaxon,9606,HeLa,EFO,EFO_0001185,,,,,,,,,Stimulator Control,Leptomycin b blocks nuclear export of fascin,Pass,Hoechst:DNA; Alexa Fluor 488 phalloidin:actin; mScarlet:fascin; iRFP:nuclear actin chromobody (nAC),100.8871689,26.33292389,,,,,,,,,,,
1093688977,N16,Homo sapiens,NCBITaxon,9606,HeLa,EFO,EFO_0001185,DMSO,679,IAZDPXIOMUYVGZ-UHFFFAOYSA-N,CS(=O)C,,,,,Neutral Control,,Pass,Hoechst:DNA; Alexa Fluor 488 phalloidin:actin; mScarlet:fascin; iRFP:nuclear actin chromobody (nAC),-0.407257169,31.66493034,,,,,,,,,,,
1093688977,N17,Homo sapiens,NCBITaxon,9606,HeLa,EFO,EFO_0001185,,,,,SN0185717327,3.125,6792,CDKL5,,,Pass,Hoechst:DNA; Alexa Fluor 488 phalloidin:actin; mScarlet:fascin; iRFP:nuclear actin chromobody (nAC),55.03834915,,Yes,Yes,compound response across 12 wells,active,active,Nuclear fascin,regulation of protein localization to nucleus,GO_1900180,Nuclear actin,actin filament phenotype,CMPO_0000104
1093688977,N18,Homo sapiens,NCBITaxon,9606,HeLa,EFO,EFO_0001185,,,,,SN0185717327,1.25,6792,CDKL5,,,Pass,Hoechst:DNA; Alexa Fluor 488 phalloidin:actin; mScarlet:fascin; iRFP:nuclear actin chromobody (nAC),112.2997665,-105.576866,Yes,Yes,compound response across 12 wells,active,active,Nuclear fascin,regulation of protein localization to nucleus,GO_1900180,Nuclear actin,actin filament phenotype,CMPO_0000104
1093688977,N19,Homo sapiens,NCBITaxon,9606,HeLa,EFO,EFO_0001185,,,,,SN0185717327,0.3,6792,CDKL5,,,Pass,Hoechst:DNA; Alexa Fluor 488 phalloidin:actin; mScarlet:fascin; iRFP:nuclear actin chromobody (nAC),55.42671204,-67.7671204,Yes,Yes,compound response across 12 wells,active,active,Nuclear fascin,regulation of protein localization to nucleus,GO_1900180,Nuclear actin,actin filament phenotype,CMPO_0000104
1093688977,N20,Homo sapiens,NCBITaxon,9606,HeLa,EFO,EFO_0001185,,,,,SN0185717327,0.1,6792,CDKL5,,,Pass,Hoechst:DNA; Alexa Fluor 488 phalloidin:actin; mScarlet:fascin; iRFP:nuclear actin chromobody (nAC),21.27346039,-55.4291191,Yes,Yes,compound response across 12 wells,active,active,Nuclear fascin,regulation of protein localization to nucleus,GO_1900180,Nuclear actin,actin filament phenotype,CMPO_0000104
1093688977,N21,Homo sapiens,NCBITaxon,9606,HeLa,EFO,EFO_0001185,,,,,SN0185717327,0.03,6792,CDKL5,,,Pass,Hoechst:DNA; Alexa Fluor 488 phalloidin:actin; mScarlet:fascin; iRFP:nuclear actin chromobody (nAC),12.6553936,-5.07640219,Yes,Yes,compound response across 12 wells,active,active,Nuclear fascin,regulation of protein localization to nucleus,GO_1900180,Nuclear actin,actin filament phenotype,CMPO_0000104
1093688977,N22,Homo sapiens,NCBITaxon,9606,HeLa,EFO,EFO_0001185,,,,,SN0185717327,0.0125,6792,CDKL5,,,Pass,Hoechst:DNA; Alexa Fluor 488 phalloidin:actin; mScarlet:fascin; iRFP:nuclear actin chromobody (nAC),18.03767395,-27.7977581,Yes,Yes,compound response across 12 wells,active,active,Nuclear fascin,regulation of protein localization to nucleus,GO_1900180,Nuclear actin,actin filament phenotype,CMPO_0000104
1093688977,N23,Homo sapiens,NCBITaxon,9606,HeLa,EFO,EFO_0001185,,,,,SN0185717327,0.003,6792,CDKL5,,,Pass,Hoechst:DNA; Alexa Fluor 488 phalloidin:actin; mScarlet:fascin; iRFP:nuclear actin chromobody (nAC),11.16923904,0.206465274,Yes,Yes,compound response across 12 wells,active,active,Nuclear fascin,regulation of protein localization to nucleus,GO_1900180,Nuclear actin,actin filament phenotype,CMPO_0000104
1093688977,N24,Homo sapiens,NCBITaxon,9606,HeLa,EFO,EFO_0001185,,,,,SN0185717327,0.001,6792,CDKL5,,,Pass,Hoechst:DNA; Alexa Fluor 488 phalloidin:actin; mScarlet:fascin; iRFP:nuclear actin chromobody (nAC),22.15475655,-0.57985103,Yes,Yes,compound response across 12 wells,active,active,Nuclear fascin,regulation of protein localization to nucleus,GO_1900180,Nuclear actin,actin filament phenotype,CMPO_0000104
1093688977,O1,Homo sapiens,NCBITaxon,9606,HeLa,EFO,EFO_0001185,,,,,SN0185717327,0.0003,6792,CDKL5,,,Pass,Hoechst:DNA; Alexa Fluor 488 phalloidin:actin; mScarlet:fascin; iRFP:nuclear actin chromobody (nAC),9.726813316,-6.25977564,Yes,Yes,compound response across 12 wells,active,active,Nuclear fascin,regulation of protein localization to nucleus,GO_1900180,Nuclear actin,actin filament phenotype,CMPO_0000104
1093688977,O2,Homo sapiens,NCBITaxon,9606,HeLa,EFO,EFO_0001185,,,,,SN0185717327,0.00003,6792,CDKL5,,,Pass,Hoechst:DNA; Alexa Fluor 488 phalloidin:actin; mScarlet:fascin; iRFP:nuclear actin chromobody (nAC),14.38121033,4.764217854,Yes,Yes,compound response across 12 wells,active,active,Nuclear fascin,regulation of protein localization to nucleus,GO_1900180,Nuclear actin,actin filament phenotype,CMPO_0000104
1093688977,O3,Homo sapiens,NCBITaxon,9606,HeLa,EFO,EFO_0001185,,,,,SN1090604501,30,5584,PRKCI,,,Pass,Hoechst:DNA; Alexa Fluor 488 phalloidin:actin; mScarlet:fascin; iRFP:nuclear actin chromobody (nAC),126.3033752,-84.7569809,,Yes,compound response across 12 wells,inactive,active,,,,Nuclear actin,actin filament phenotype,CMPO_0000104
1093688977,O4,Homo sapiens,NCBITaxon,9606,HeLa,EFO,EFO_0001185,,,,,SN1090604501,10,5584,PRKCI,,,Pass,Hoechst:DNA; Alexa Fluor 488 phalloidin:actin; mScarlet:fascin; iRFP:nuclear actin chromobody (nAC),83.96221924,-195.952927,,Yes,compound response across 12 wells,inactive,active,,,,Nuclear actin,actin filament phenotype,CMPO_0000104
1093688977,O5,Homo sapiens,NCBITaxon,9606,HeLa,EFO,EFO_0001185,,,,,SN1090604501,3.125,5584,PRKCI,,,Pass,Hoechst:DNA; Alexa Fluor 488 phalloidin:actin; mScarlet:fascin; iRFP:nuclear actin chromobody (nAC),35.20632553,-87.1566162,,Yes,compound response across 12 wells,inactive,active,,,,Nuclear actin,actin filament phenotype,CMPO_0000104
1093688977,O6,Homo sapiens,NCBITaxon,9606,HeLa,EFO,EFO_0001185,,,,,SN1090604501,1.25,5584,PRKCI,,,Pass,Hoechst:DNA; Alexa Fluor 488 phalloidin:actin; mScarlet:fascin; iRFP:nuclear actin chromobody (nAC),8.522170067,0.414267451,,Yes,compound response across 12 wells,inactive,active,,,,Nuclear actin,actin filament phenotype,CMPO_0000104
1093688977,O7,Homo sapiens,NCBITaxon,9606,HeLa,EFO,EFO_0001185,DMSO,679,IAZDPXIOMUYVGZ-UHFFFAOYSA-N,CS(=O)C,,,,,Neutral Control,,Pass,Hoechst:DNA; Alexa Fluor 488 phalloidin:actin; mScarlet:fascin; iRFP:nuclear actin chromobody (nAC),-10.48745728,-35.3230629,,,,,,,,,,,
1093688977,O8,Homo sapiens,NCBITaxon,9606,HeLa,EFO,EFO_0001185,,,,,,,,,Stimulator Control,Leptomycin b blocks nuclear export of fascin,Pass,Hoechst:DNA; Alexa Fluor 488 phalloidin:actin; mScarlet:fascin; iRFP:nuclear actin chromobody (nAC),101.6194458,34.21178055,,,,,,,,,,,
1093688977,O9,Homo sapiens,NCBITaxon,9606,HeLa,EFO,EFO_0001185,DMSO,679,IAZDPXIOMUYVGZ-UHFFFAOYSA-N,CS(=O)C,,,,,Neutral Control,,Pass,Hoechst:DNA; Alexa Fluor 488 phalloidin:actin; mScarlet:fascin; iRFP:nuclear actin chromobody (nAC),-5.666626453,4.701703548,,,,,,,,,,,
1093688977,O10,Homo sapiens,NCBITaxon,9606,HeLa,EFO,EFO_0001185,,,,,SN1090604501,0.3,5584,PRKCI,,,Pass,Hoechst:DNA; Alexa Fluor 488 phalloidin:actin; mScarlet:fascin; iRFP:nuclear actin chromobody (nAC),12.61878014,19.79854393,,Yes,compound response across 12 wells,inactive,active,,,,Nuclear actin,actin filament phenotype,CMPO_0000104
1093688977,O11,Homo sapiens,NCBITaxon,9606,HeLa,EFO,EFO_0001185,,,,,SN1090604501,0.1,5584,PRKCI,,,Pass,Hoechst:DNA; Alexa Fluor 488 phalloidin:actin; mScarlet:fascin; iRFP:nuclear actin chromobody (nAC),9.072253227,2.321987152,,Yes,compound response across 12 wells,inactive,active,,,,Nuclear actin,actin filament phenotype,CMPO_0000104
1093688977,O12,Homo sapiens,NCBITaxon,9606,HeLa,EFO,EFO_0001185,,,,,SN1090604501,0.03,5584,PRKCI,,,Pass,Hoechst:DNA; Alexa Fluor 488 phalloidin:actin; mScarlet:fascin; iRFP:nuclear actin chromobody (nAC),8.929188728,-1.90848196,,Yes,compound response across 12 wells,inactive,active,,,,Nuclear actin,actin filament phenotype,CMPO_0000104
1093688977,O13,Homo sapiens,NCBITaxon,9606,HeLa,EFO,EFO_0001185,,,,,SN1090604501,0.0125,5584,PRKCI,,,Pass,Hoechst:DNA; Alexa Fluor 488 phalloidin:actin; mScarlet:fascin; iRFP:nuclear actin chromobody (nAC),15.13836861,27.97162819,,Yes,compound response across 12 wells,inactive,active,,,,Nuclear actin,actin filament phenotype,CMPO_0000104
1093688977,O14,Homo sapiens,NCBITaxon,9606,HeLa,EFO,EFO_0001185,,,,,SN1090604501,0.003,5584,PRKCI,,,Pass,Hoechst:DNA; Alexa Fluor 488 phalloidin:actin; mScarlet:fascin; iRFP:nuclear actin chromobody (nAC),14.81002235,6.589412212,,Yes,compound response across 12 wells,inactive,active,,,,Nuclear actin,actin filament phenotype,CMPO_0000104
1093688977,O15,Homo sapiens,NCBITaxon,9606,HeLa,EFO,EFO_0001185,,,,,SN1090604501,0.001,5584,PRKCI,,,Pass,Hoechst:DNA; Alexa Fluor 488 phalloidin:actin; mScarlet:fascin; iRFP:nuclear actin chromobody (nAC),5.193893909,-3.61714101,,Yes,compound response across 12 wells,inactive,active,,,,Nuclear actin,actin filament phenotype,CMPO_0000104
1093688977,O16,Homo sapiens,NCBITaxon,9606,HeLa,EFO,EFO_0001185,,,,,SN1090604501,0.0003,5584,PRKCI,,,Pass,Hoechst:DNA; Alexa Fluor 488 phalloidin:actin; mScarlet:fascin; iRFP:nuclear actin chromobody (nAC),20.33485794,-9.44902611,,Yes,compound response across 12 wells,inactive,active,,,,Nuclear actin,actin filament phenotype,CMPO_0000104
1093688977,O17,Homo sapiens,NCBITaxon,9606,HeLa,EFO,EFO_0001185,,,,,SN1090604501,0.00003,5584,PRKCI,,,Pass,Hoechst:DNA; Alexa Fluor 488 phalloidin:actin; mScarlet:fascin; iRFP:nuclear actin chromobody (nAC),14.33587265,-3.68183303,,Yes,compound response across 12 wells,inactive,active,,,,Nuclear actin,actin filament phenotype,CMPO_0000104
1093688977,O18,Homo sapiens,NCBITaxon,9606,HeLa,EFO,EFO_0001185,,,,,SN0028495382,30,5608,MAP2K6,,,Pass,Hoechst:DNA; Alexa Fluor 488 phalloidin:actin; mScarlet:fascin; iRFP:nuclear actin chromobody (nAC),4.314716339,13.64266014,,,compound response across 12 wells,inactive,inactive,,,,,,
1093688977,O19,Homo sapiens,NCBITaxon,9606,HeLa,EFO,EFO_0001185,,,,,SN0028495382,10,5608,MAP2K6,,,Pass,Hoechst:DNA; Alexa Fluor 488 phalloidin:actin; mScarlet:fascin; iRFP:nuclear actin chromobody (nAC),23.11518478,6.219032764,,,compound response across 12 wells,inactive,inactive,,,,,,
1093688977,O20,Homo sapiens,NCBITaxon,9606,HeLa,EFO,EFO_0001185,,,,,SN0028495382,3.125,5608,MAP2K6,,,Pass,Hoechst:DNA; Alexa Fluor 488 phalloidin:actin; mScarlet:fascin; iRFP:nuclear actin chromobody (nAC),21.38045311,-13.9616261,,,compound response across 12 wells,inactive,inactive,,,,,,
1093688977,O21,Homo sapiens,NCBITaxon,9606,HeLa,EFO,EFO_0001185,,,,,SN0028495382,1.25,5608,MAP2K6,,,Pass,Hoechst:DNA; Alexa Fluor 488 phalloidin:actin; mScarlet:fascin; iRFP:nuclear actin chromobody (nAC),39.52223587,-37.8902435,,,compound response across 12 wells,inactive,inactive,,,,,,
1093688977,O22,Homo sapiens,NCBITaxon,9606,HeLa,EFO,EFO_0001185,,,,,SN0028495382,0.3,5608,MAP2K6,,,Pass,Hoechst:DNA; Alexa Fluor 488 phalloidin:actin; mScarlet:fascin; iRFP:nuclear actin chromobody (nAC),13.65866089,2.71318841,,,compound response across 12 wells,inactive,inactive,,,,,,
1093688977,O23,Homo sapiens,NCBITaxon,9606,HeLa,EFO,EFO_0001185,,,,,SN0028495382,0.1,5608,MAP2K6,,,Pass,Hoechst:DNA; Alexa Fluor 488 phalloidin:actin; mScarlet:fascin; iRFP:nuclear actin chromobody (nAC),-0.465791553,-25.3584843,,,compound response across 12 wells,inactive,inactive,,,,,,
1093688977,O24,Homo sapiens,NCBITaxon,9606,HeLa,EFO,EFO_0001185,DMSO,679,IAZDPXIOMUYVGZ-UHFFFAOYSA-N,CS(=O)C,,,,,Neutral Control,,Pass,Hoechst:DNA; Alexa Fluor 488 phalloidin:actin; mScarlet:fascin; iRFP:nuclear actin chromobody (nAC),6.963153839,2.623234034,,,,,,,,,,,
1093688977,P1,Homo sapiens,NCBITaxon,9606,HeLa,EFO,EFO_0001185,DMSO,679,IAZDPXIOMUYVGZ-UHFFFAOYSA-N,CS(=O)C,,,,,Neutral Control,,Pass,Hoechst:DNA; Alexa Fluor 488 phalloidin:actin; mScarlet:fascin; iRFP:nuclear actin chromobody (nAC),-11.91823006,-13.392561,,,,,,,,,,,
1093688977,P2,Homo sapiens,NCBITaxon,9606,HeLa,EFO,EFO_0001185,,,,,,,,,Stimulator Control,Leptomycin b blocks nuclear export of fascin,Pass,Hoechst:DNA; Alexa Fluor 488 phalloidin:actin; mScarlet:fascin; iRFP:nuclear actin chromobody (nAC),95.72366333,27.42308235,,,,,,,,,,,
1093688977,P3,Homo sapiens,NCBITaxon,9606,HeLa,EFO,EFO_0001185,DMSO,679,IAZDPXIOMUYVGZ-UHFFFAOYSA-N,CS(=O)C,,,,,Neutral Control,,Pass,Hoechst:DNA; Alexa Fluor 488 phalloidin:actin; mScarlet:fascin; iRFP:nuclear actin chromobody (nAC),0.407241255,-13.1011562,,,,,,,,,,,
1093688977,P4,Homo sapiens,NCBITaxon,9606,HeLa,EFO,EFO_0001185,,,,,SN0028495382,0.03,5608,MAP2K6,,,Pass,Hoechst:DNA; Alexa Fluor 488 phalloidin:actin; mScarlet:fascin; iRFP:nuclear actin chromobody (nAC),13.67884636,-5.05365658,,,compound response across 12 wells,inactive,inactive,,,,,,
1093688977,P5,Homo sapiens,NCBITaxon,9606,HeLa,EFO,EFO_0001185,,,,,SN0028495382,0.0125,5608,MAP2K6,,,Pass,Hoechst:DNA; Alexa Fluor 488 phalloidin:actin; mScarlet:fascin; iRFP:nuclear actin chromobody (nAC),9.780954361,26.75969505,,,compound response across 12 wells,inactive,inactive,,,,,,
1093688977,P6,Homo sapiens,NCBITaxon,9606,HeLa,EFO,EFO_0001185,,,,,SN0028495382,0.003,5608,MAP2K6,,,Pass,Hoechst:DNA; Alexa Fluor 488 phalloidin:actin; mScarlet:fascin; iRFP:nuclear actin chromobody (nAC),2.516038418,15.4594698,,,compound response across 12 wells,inactive,inactive,,,,,,
1093688977,P7,Homo sapiens,NCBITaxon,9606,HeLa,EFO,EFO_0001185,,,,,SN0028495382,0.001,5608,MAP2K6,,,Pass,Hoechst:DNA; Alexa Fluor 488 phalloidin:actin; mScarlet:fascin; iRFP:nuclear actin chromobody (nAC),6.183629513,-1.47470534,,,compound response across 12 wells,inactive,inactive,,,,,,
1093688977,P8,Homo sapiens,NCBITaxon,9606,HeLa,EFO,EFO_0001185,,,,,SN0028495382,0.0003,5608,MAP2K6,,,Pass,Hoechst:DNA; Alexa Fluor 488 phalloidin:actin; mScarlet:fascin; iRFP:nuclear actin chromobody (nAC),20.60860062,-15.0013084,,,compound response across 12 wells,inactive,inactive,,,,,,
1093688977,P9,Homo sapiens,NCBITaxon,9606,HeLa,EFO,EFO_0001185,,,,,SN0028495382,0.00003,5608,MAP2K6,,,Pass,Hoechst:DNA; Alexa Fluor 488 phalloidin:actin; mScarlet:fascin; iRFP:nuclear actin chromobody (nAC),6.809423447,-0.38739008,,,compound response across 12 wells,inactive,inactive,,,,,,
1093688977,P10,Homo sapiens,NCBITaxon,9606,HeLa,EFO,EFO_0001185,,,,,SN0154359961,30,204851,HIPK1,,,Pass,Hoechst:DNA; Alexa Fluor 488 phalloidin:actin; mScarlet:fascin; iRFP:nuclear actin chromobody (nAC),155.6768036,,Yes,Yes,compound response across 12 wells,active,inactive,Nuclear fascin,regulation of protein localization to nucleus,GO_1900180,,,
1093688977,P11,Homo sapiens,NCBITaxon,9606,HeLa,EFO,EFO_0001185,,,,,SN0154359961,10,204851,HIPK1,,,Pass,Hoechst:DNA; Alexa Fluor 488 phalloidin:actin; mScarlet:fascin; iRFP:nuclear actin chromobody (nAC),116.1926422,-100.620667,Yes,Yes,compound response across 12 wells,active,inactive,Nuclear fascin,regulation of protein localization to nucleus,GO_1900180,,,
1093688977,P12,Homo sapiens,NCBITaxon,9606,HeLa,EFO,EFO_0001185,,,,,SN0154359961,3.125,204851,HIPK1,,,Pass,Hoechst:DNA; Alexa Fluor 488 phalloidin:actin; mScarlet:fascin; iRFP:nuclear actin chromobody (nAC),62.11679077,13.16784477,Yes,Yes,compound response across 12 wells,active,inactive,Nuclear fascin,regulation of protein localization to nucleus,GO_1900180,,,
1093688977,P13,Homo sapiens,NCBITaxon,9606,HeLa,EFO,EFO_0001185,,,,,SN0154359961,1.25,204851,HIPK1,,,Pass,Hoechst:DNA; Alexa Fluor 488 phalloidin:actin; mScarlet:fascin; iRFP:nuclear actin chromobody (nAC),40.18908691,-33.2703209,Yes,Yes,compound response across 12 wells,active,inactive,Nuclear fascin,regulation of protein localization to nucleus,GO_1900180,,,
1093688977,P14,Homo sapiens,NCBITaxon,9606,HeLa,EFO,EFO_0001185,,,,,SN0154359961,0.3,204851,HIPK1,,,Pass,Hoechst:DNA; Alexa Fluor 488 phalloidin:actin; mScarlet:fascin; iRFP:nuclear actin chromobody (nAC),16.9103508,3.741110802,Yes,Yes,compound response across 12 wells,active,inactive,Nuclear fascin,regulation of protein localization to nucleus,GO_1900180,,,
1093688977,P15,Homo sapiens,NCBITaxon,9606,HeLa,EFO,EFO_0001185,,,,,SN0154359961,0.1,204851,HIPK1,,,Pass,Hoechst:DNA; Alexa Fluor 488 phalloidin:actin; mScarlet:fascin; iRFP:nuclear actin chromobody (nAC),9.415118217,-2.08632159,Yes,Yes,compound response across 12 wells,active,inactive,Nuclear fascin,regulation of protein localization to nucleus,GO_1900180,,,
1093688977,P16,Homo sapiens,NCBITaxon,9606,HeLa,EFO,EFO_0001185,,,,,SN0154359961,0.03,204851,HIPK1,,,Pass,Hoechst:DNA; Alexa Fluor 488 phalloidin:actin; mScarlet:fascin; iRFP:nuclear actin chromobody (nAC),15.64886093,-18.9223328,Yes,Yes,compound response across 12 wells,active,inactive,Nuclear fascin,regulation of protein localization to nucleus,GO_1900180,,,
1093688977,P17,Homo sapiens,NCBITaxon,9606,HeLa,EFO,EFO_0001185,,,,,SN0154359961,0.0125,204851,HIPK1,,,Pass,Hoechst:DNA; Alexa Fluor 488 phalloidin:actin; mScarlet:fascin; iRFP:nuclear actin chromobody (nAC),7.717223644,-3.5162251,Yes,Yes,compound response across 12 wells,active,inactive,Nuclear fascin,regulation of protein localization to nucleus,GO_1900180,,,
1093688977,P18,Homo sapiens,NCBITaxon,9606,HeLa,EFO,EFO_0001185,DMSO,679,IAZDPXIOMUYVGZ-UHFFFAOYSA-N,CS(=O)C,,,,,Neutral Control,,Pass,Hoechst:DNA; Alexa Fluor 488 phalloidin:actin; mScarlet:fascin; iRFP:nuclear actin chromobody (nAC),2.10914731,-4.65546846,,,,,,,,,,,
1093688977,P19,Homo sapiens,NCBITaxon,9606,HeLa,EFO,EFO_0001185,,,,,,,,,Stimulator Control,Leptomycin b blocks nuclear export of fascin,Pass,Hoechst:DNA; Alexa Fluor 488 phalloidin:actin; mScarlet:fascin; iRFP:nuclear actin chromobody (nAC),107.6223297,-3.80816221,,,,,,,,,,,
1093688977,P20,Homo sapiens,NCBITaxon,9606,HeLa,EFO,EFO_0001185,DMSO,679,IAZDPXIOMUYVGZ-UHFFFAOYSA-N,CS(=O)C,,,,,Neutral Control,,Pass,Hoechst:DNA; Alexa Fluor 488 phalloidin:actin; mScarlet:fascin; iRFP:nuclear actin chromobody (nAC),7.139855385,-3.02917171,,,,,,,,,,,
1093688977,P21,Homo sapiens,NCBITaxon,9606,HeLa,EFO,EFO_0001185,,,,,SN0154359961,0.003,204851,HIPK1,,,Pass,Hoechst:DNA; Alexa Fluor 488 phalloidin:actin; mScarlet:fascin; iRFP:nuclear actin chromobody (nAC),12.34232998,-26.0113583,Yes,Yes,compound response across 12 wells,active,inactive,Nuclear fascin,regulation of protein localization to nucleus,GO_1900180,,,
1093688977,P22,Homo sapiens,NCBITaxon,9606,HeLa,EFO,EFO_0001185,,,,,SN0154359961,0.001,204851,HIPK1,,,Pass,Hoechst:DNA; Alexa Fluor 488 phalloidin:actin; mScarlet:fascin; iRFP:nuclear actin chromobody (nAC),10.72111702,-41.6541061,Yes,Yes,compound response across 12 wells,active,inactive,Nuclear fascin,regulation of protein localization to nucleus,GO_1900180,,,
1093688977,P23,Homo sapiens,NCBITaxon,9606,HeLa,EFO,EFO_0001185,,,,,SN0154359961,0.0003,204851,HIPK1,,,Pass,Hoechst:DNA; Alexa Fluor 488 phalloidin:actin; mScarlet:fascin; iRFP:nuclear actin chromobody (nAC),13.52498817,-34.0284271,Yes,Yes,compound response across 12 wells,active,inactive,Nuclear fascin,regulation of protein localization to nucleus,GO_1900180,,,
1093688977,P24,Homo sapiens,NCBITaxon,9606,HeLa,EFO,EFO_0001185,,,,,SN0154359961,0.00003,204851,HIPK1,,,Pass,Hoechst:DNA; Alexa Fluor 488 phalloidin:actin; mScarlet:fascin; iRFP:nuclear actin chromobody (nAC),14.61623955,-13.8137064,Yes,Yes,compound response across 12 wells,active,inactive,Nuclear fascin,regulation of protein localization to nucleus,GO_1900180,,,
1093688984,A1,Homo sapiens,NCBITaxon,9606,HeLa,EFO,EFO_0001185,DMSO,679,IAZDPXIOMUYVGZ-UHFFFAOYSA-N,CS(=O)C,,,,,Neutral Control,,Pass,Hoechst:DNA; Alexa Fluor 488 phalloidin:actin; mScarlet:fascin; iRFP:nuclear actin chromobody (nAC),58.17772675,16.89221954,,,,,,,,,,,
1093688984,A2,Homo sapiens,NCBITaxon,9606,HeLa,EFO,EFO_0001185,,,,,,,,,Stimulator Control,Leptomycin b blocks nuclear export of fascin,Pass,Hoechst:DNA; Alexa Fluor 488 phalloidin:actin; mScarlet:fascin; iRFP:nuclear actin chromobody (nAC),96.49752045,-33.5407562,,,,,,,,,,,
1093688984,A3,Homo sapiens,NCBITaxon,9606,HeLa,EFO,EFO_0001185,DMSO,679,IAZDPXIOMUYVGZ-UHFFFAOYSA-N,CS(=O)C,,,,,Neutral Control,,Pass,Hoechst:DNA; Alexa Fluor 488 phalloidin:actin; mScarlet:fascin; iRFP:nuclear actin chromobody (nAC),-0.56450367,3.377787113,,,,,,,,,,,
1093688984,A4,Homo sapiens,NCBITaxon,9606,HeLa,EFO,EFO_0001185,,,,,SN0153942577,30,328,APEX1,,,Pass,Hoechst:DNA; Alexa Fluor 488 phalloidin:actin; mScarlet:fascin; iRFP:nuclear actin chromobody (nAC),8.999019623,-39.7950134,,,compound response across 12 wells,inactive,inactive,,,,,,
1093688984,A5,Homo sapiens,NCBITaxon,9606,HeLa,EFO,EFO_0001185,,,,,SN0153942577,10,328,APEX1,,,Pass,Hoechst:DNA; Alexa Fluor 488 phalloidin:actin; mScarlet:fascin; iRFP:nuclear actin chromobody (nAC),10.80044365,-80.8660126,,,compound response across 12 wells,inactive,inactive,,,,,,
1093688984,A6,Homo sapiens,NCBITaxon,9606,HeLa,EFO,EFO_0001185,,,,,SN0153942577,3.125,328,APEX1,,,Pass,Hoechst:DNA; Alexa Fluor 488 phalloidin:actin; mScarlet:fascin; iRFP:nuclear actin chromobody (nAC),15.15763092,-7.63580179,,,compound response across 12 wells,inactive,inactive,,,,,,
1093688984,A7,Homo sapiens,NCBITaxon,9606,HeLa,EFO,EFO_0001185,,,,,SN0153942577,1.25,328,APEX1,,,Pass,Hoechst:DNA; Alexa Fluor 488 phalloidin:actin; mScarlet:fascin; iRFP:nuclear actin chromobody (nAC),9.44642067,-20.458353,,,compound response across 12 wells,inactive,inactive,,,,,,
1093688984,A8,Homo sapiens,NCBITaxon,9606,HeLa,EFO,EFO_0001185,,,,,SN0153942577,0.3,328,APEX1,,,Pass,Hoechst:DNA; Alexa Fluor 488 phalloidin:actin; mScarlet:fascin; iRFP:nuclear actin chromobody (nAC),17.11022758,-36.8100052,,,compound response across 12 wells,inactive,inactive,,,,,,
1093688984,A9,Homo sapiens,NCBITaxon,9606,HeLa,EFO,EFO_0001185,,,,,SN0153942577,0.1,328,APEX1,,,Pass,Hoechst:DNA; Alexa Fluor 488 phalloidin:actin; mScarlet:fascin; iRFP:nuclear actin chromobody (nAC),11.6972723,-15.9726553,,,compound response across 12 wells,inactive,inactive,,,,,,
1093688984,A10,Homo sapiens,NCBITaxon,9606,HeLa,EFO,EFO_0001185,,,,,SN0153942577,0.03,328,APEX1,,,Pass,Hoechst:DNA; Alexa Fluor 488 phalloidin:actin; mScarlet:fascin; iRFP:nuclear actin chromobody (nAC),8.430649757,-43.1842461,,,compound response across 12 wells,inactive,inactive,,,,,,
1093688984,A11,Homo sapiens,NCBITaxon,9606,HeLa,EFO,EFO_0001185,,,,,SN0153942577,0.0125,328,APEX1,,,Pass,Hoechst:DNA; Alexa Fluor 488 phalloidin:actin; mScarlet:fascin; iRFP:nuclear actin chromobody (nAC),4.597985744,-22.9367466,,,compound response across 12 wells,inactive,inactive,,,,,,
1093688984,A12,Homo sapiens,NCBITaxon,9606,HeLa,EFO,EFO_0001185,DMSO,679,IAZDPXIOMUYVGZ-UHFFFAOYSA-N,CS(=O)C,,,,,Neutral Control,,Pass,Hoechst:DNA; Alexa Fluor 488 phalloidin:actin; mScarlet:fascin; iRFP:nuclear actin chromobody (nAC),-10.93859005,24.08888626,,,,,,,,,,,
1093688984,A13,Homo sapiens,NCBITaxon,9606,HeLa,EFO,EFO_0001185,,,,,,,,,Stimulator Control,Leptomycin b blocks nuclear export of fascin,Pass,Hoechst:DNA; Alexa Fluor 488 phalloidin:actin; mScarlet:fascin; iRFP:nuclear actin chromobody (nAC),84.72797394,22.28679276,,,,,,,,,,,
1093688984,A14,Homo sapiens,NCBITaxon,9606,HeLa,EFO,EFO_0001185,DMSO,679,IAZDPXIOMUYVGZ-UHFFFAOYSA-N,CS(=O)C,,,,,Neutral Control,,Pass,Hoechst:DNA; Alexa Fluor 488 phalloidin:actin; mScarlet:fascin; iRFP:nuclear actin chromobody (nAC),1.252528191,44.91424179,,,,,,,,,,,
1093688984,A15,Homo sapiens,NCBITaxon,9606,HeLa,EFO,EFO_0001185,,,,,SN0153942577,0.003,328,APEX1,,,Pass,Hoechst:DNA; Alexa Fluor 488 phalloidin:actin; mScarlet:fascin; iRFP:nuclear actin chromobody (nAC),15.43677711,-3.50173473,,,compound response across 12 wells,inactive,inactive,,,,,,
1093688984,A16,Homo sapiens,NCBITaxon,9606,HeLa,EFO,EFO_0001185,,,,,SN0153942577,0.001,328,APEX1,,,Pass,Hoechst:DNA; Alexa Fluor 488 phalloidin:actin; mScarlet:fascin; iRFP:nuclear actin chromobody (nAC),11.48178101,-25.5203075,,,compound response across 12 wells,inactive,inactive,,,,,,
1093688984,A17,Homo sapiens,NCBITaxon,9606,HeLa,EFO,EFO_0001185,,,,,SN0153942577,0.0003,328,APEX1,,,Pass,Hoechst:DNA; Alexa Fluor 488 phalloidin:actin; mScarlet:fascin; iRFP:nuclear actin chromobody (nAC),7.638912201,9.742400169,,,compound response across 12 wells,inactive,inactive,,,,,,
1093688984,A18,Homo sapiens,NCBITaxon,9606,HeLa,EFO,EFO_0001185,,,,,SN0153942577,0.00003,328,APEX1,,,Pass,Hoechst:DNA; Alexa Fluor 488 phalloidin:actin; mScarlet:fascin; iRFP:nuclear actin chromobody (nAC),22.87534523,13.64312267,,,compound response across 12 wells,inactive,inactive,,,,,,
1093688984,A19,Homo sapiens,NCBITaxon,9606,HeLa,EFO,EFO_0001185,,,,,SN1073730590,30,2050,EPHB4,,,Fail,Hoechst:DNA; Alexa Fluor 488 phalloidin:actin; mScarlet:fascin; iRFP:nuclear actin chromobody (nAC),153.2556152,-156.123245,,,compound response across 12 wells,inactive,inactive,,,,,,
1093688984,A20,Homo sapiens,NCBITaxon,9606,HeLa,EFO,EFO_0001185,,,,,SN1073730590,10,2050,EPHB4,,,Pass,Hoechst:DNA; Alexa Fluor 488 phalloidin:actin; mScarlet:fascin; iRFP:nuclear actin chromobody (nAC),139.5202637,-19.3224525,,,compound response across 12 wells,inactive,inactive,,,,,,
1093688984,A21,Homo sapiens,NCBITaxon,9606,HeLa,EFO,EFO_0001185,,,,,SN1073730590,3.125,2050,EPHB4,,,Pass,Hoechst:DNA; Alexa Fluor 488 phalloidin:actin; mScarlet:fascin; iRFP:nuclear actin chromobody (nAC),43.59054184,-46.7564011,,,compound response across 12 wells,inactive,inactive,,,,,,
1093688984,A22,Homo sapiens,NCBITaxon,9606,HeLa,EFO,EFO_0001185,,,,,SN1073730590,1.25,2050,EPHB4,,,Pass,Hoechst:DNA; Alexa Fluor 488 phalloidin:actin; mScarlet:fascin; iRFP:nuclear actin chromobody (nAC),39.75203323,-54.392086,,,compound response across 12 wells,inactive,inactive,,,,,,
1093688984,A23,Homo sapiens,NCBITaxon,9606,HeLa,EFO,EFO_0001185,DMSO,679,IAZDPXIOMUYVGZ-UHFFFAOYSA-N,CS(=O)C,,,,,Neutral Control,,Pass,Hoechst:DNA; Alexa Fluor 488 phalloidin:actin; mScarlet:fascin; iRFP:nuclear actin chromobody (nAC),6.512693405,-19.7673187,,,,,,,,,,,
1093688984,A24,Homo sapiens,NCBITaxon,9606,HeLa,EFO,EFO_0001185,,,,,,,,,Stimulator Control,Leptomycin b blocks nuclear export of fascin,Pass,Hoechst:DNA; Alexa Fluor 488 phalloidin:actin; mScarlet:fascin; iRFP:nuclear actin chromobody (nAC),119.8180008,19.48365784,,,,,,,,,,,
1093688984,B1,Homo sapiens,NCBITaxon,9606,HeLa,EFO,EFO_0001185,,,,,SN1073730590,0.3,2050,EPHB4,,,Pass,Hoechst:DNA; Alexa Fluor 488 phalloidin:actin; mScarlet:fascin; iRFP:nuclear actin chromobody (nAC),16.84748077,-11.4633837,,,compound response across 12 wells,inactive,inactive,,,,,,
1093688984,B2,Homo sapiens,NCBITaxon,9606,HeLa,EFO,EFO_0001185,,,,,SN1073730590,0.1,2050,EPHB4,,,Pass,Hoechst:DNA; Alexa Fluor 488 phalloidin:actin; mScarlet:fascin; iRFP:nuclear actin chromobody (nAC),11.96512032,-34.0920601,,,compound response across 12 wells,inactive,inactive,,,,,,
1093688984,B3,Homo sapiens,NCBITaxon,9606,HeLa,EFO,EFO_0001185,,,,,SN1073730590,0.03,2050,EPHB4,,,Pass,Hoechst:DNA; Alexa Fluor 488 phalloidin:actin; mScarlet:fascin; iRFP:nuclear actin chromobody (nAC),15.75135517,-11.3697214,,,compound response across 12 wells,inactive,inactive,,,,,,
1093688984,B4,Homo sapiens,NCBITaxon,9606,HeLa,EFO,EFO_0001185,,,,,SN1073730590,0.0125,2050,EPHB4,,,Pass,Hoechst:DNA; Alexa Fluor 488 phalloidin:actin; mScarlet:fascin; iRFP:nuclear actin chromobody (nAC),16.19425583,2.243768692,,,compound response across 12 wells,inactive,inactive,,,,,,
1093688984,B5,Homo sapiens,NCBITaxon,9606,HeLa,EFO,EFO_0001185,,,,,SN1073730590,0.003,2050,EPHB4,,,Pass,Hoechst:DNA; Alexa Fluor 488 phalloidin:actin; mScarlet:fascin; iRFP:nuclear actin chromobody (nAC),6.464743137,-11.8498888,,,compound response across 12 wells,inactive,inactive,,,,,,
1093688984,B6,Homo sapiens,NCBITaxon,9606,HeLa,EFO,EFO_0001185,,,,,SN1073730590,0.001,2050,EPHB4,,,Pass,Hoechst:DNA; Alexa Fluor 488 phalloidin:actin; mScarlet:fascin; iRFP:nuclear actin chromobody (nAC),4.70455122,-50.9425087,,,compound response across 12 wells,inactive,inactive,,,,,,
1093688984,B7,Homo sapiens,NCBITaxon,9606,HeLa,EFO,EFO_0001185,,,,,SN1073730590,0.0003,2050,EPHB4,,,Pass,Hoechst:DNA; Alexa Fluor 488 phalloidin:actin; mScarlet:fascin; iRFP:nuclear actin chromobody (nAC),11.37939835,12.12189484,,,compound response across 12 wells,inactive,inactive,,,,,,
1093688984,B8,Homo sapiens,NCBITaxon,9606,HeLa,EFO,EFO_0001185,,,,,SN1073730590,0.00003,2050,EPHB4,,,Pass,Hoechst:DNA; Alexa Fluor 488 phalloidin:actin; mScarlet:fascin; iRFP:nuclear actin chromobody (nAC),2.635422945,-49.7821198,,,compound response across 12 wells,inactive,inactive,,,,,,
1093688984,B9,Homo sapiens,NCBITaxon,9606,HeLa,EFO,EFO_0001185,,,,,SN1060843667,30,3678,ITGA5,,,Pass,Hoechst:DNA; Alexa Fluor 488 phalloidin:actin; mScarlet:fascin; iRFP:nuclear actin chromobody (nAC),113.9088745,-142.731735,Yes,Yes,compound response across 12 wells,active,inactive,Nuclear fascin,regulation of protein localization to nucleus,GO_1900180,,,
1093688984,B10,Homo sapiens,NCBITaxon,9606,HeLa,EFO,EFO_0001185,,,,,SN1060843667,10,3678,ITGA5,,,Pass,Hoechst:DNA; Alexa Fluor 488 phalloidin:actin; mScarlet:fascin; iRFP:nuclear actin chromobody (nAC),82.7638092,-80.255249,Yes,Yes,compound response across 12 wells,active,inactive,Nuclear fascin,regulation of protein localization to nucleus,GO_1900180,,,
1093688984,B11,Homo sapiens,NCBITaxon,9606,HeLa,EFO,EFO_0001185,,,,,SN1060843667,3.125,3678,ITGA5,,,Pass,Hoechst:DNA; Alexa Fluor 488 phalloidin:actin; mScarlet:fascin; iRFP:nuclear actin chromobody (nAC),51.66558838,-91.5376511,Yes,Yes,compound response across 12 wells,active,inactive,Nuclear fascin,regulation of protein localization to nucleus,GO_1900180,,,
1093688984,B12,Homo sapiens,NCBITaxon,9606,HeLa,EFO,EFO_0001185,,,,,SN1060843667,1.25,3678,ITGA5,,,Pass,Hoechst:DNA; Alexa Fluor 488 phalloidin:actin; mScarlet:fascin; iRFP:nuclear actin chromobody (nAC),83.01544952,-358.795532,Yes,Yes,compound response across 12 wells,active,inactive,Nuclear fascin,regulation of protein localization to nucleus,GO_1900180,,,
1093688984,B13,Homo sapiens,NCBITaxon,9606,HeLa,EFO,EFO_0001185,,,,,SN1060843667,0.3,3678,ITGA5,,,Pass,Hoechst:DNA; Alexa Fluor 488 phalloidin:actin; mScarlet:fascin; iRFP:nuclear actin chromobody (nAC),52.28888321,-20.1870975,Yes,Yes,compound response across 12 wells,active,inactive,Nuclear fascin,regulation of protein localization to nucleus,GO_1900180,,,
1093688984,B14,Homo sapiens,NCBITaxon,9606,HeLa,EFO,EFO_0001185,,,,,SN1060843667,0.1,3678,ITGA5,,,Pass,Hoechst:DNA; Alexa Fluor 488 phalloidin:actin; mScarlet:fascin; iRFP:nuclear actin chromobody (nAC),22.14963913,-45.7829361,Yes,Yes,compound response across 12 wells,active,inactive,Nuclear fascin,regulation of protein localization to nucleus,GO_1900180,,,
1093688984,B15,Homo sapiens,NCBITaxon,9606,HeLa,EFO,EFO_0001185,,,,,SN1060843667,0.03,3678,ITGA5,,,Pass,Hoechst:DNA; Alexa Fluor 488 phalloidin:actin; mScarlet:fascin; iRFP:nuclear actin chromobody (nAC),7.569109917,-24.1247997,Yes,Yes,compound response across 12 wells,active,inactive,Nuclear fascin,regulation of protein localization to nucleus,GO_1900180,,,
1093688984,B16,Homo sapiens,NCBITaxon,9606,HeLa,EFO,EFO_0001185,,,,,SN1060843667,0.0125,3678,ITGA5,,,Pass,Hoechst:DNA; Alexa Fluor 488 phalloidin:actin; mScarlet:fascin; iRFP:nuclear actin chromobody (nAC),18.08969307,-27.8238029,Yes,Yes,compound response across 12 wells,active,inactive,Nuclear fascin,regulation of protein localization to nucleus,GO_1900180,,,
1093688984,B17,Homo sapiens,NCBITaxon,9606,HeLa,EFO,EFO_0001185,,,,,SN1060843667,0.003,3678,ITGA5,,,Pass,Hoechst:DNA; Alexa Fluor 488 phalloidin:actin; mScarlet:fascin; iRFP:nuclear actin chromobody (nAC),17.66469955,-35.6604614,Yes,Yes,compound response across 12 wells,active,inactive,Nuclear fascin,regulation of protein localization to nucleus,GO_1900180,,,
1093688984,B18,Homo sapiens,NCBITaxon,9606,HeLa,EFO,EFO_0001185,,,,,SN1060843667,0.001,3678,ITGA5,,,Pass,Hoechst:DNA; Alexa Fluor 488 phalloidin:actin; mScarlet:fascin; iRFP:nuclear actin chromobody (nAC),11.12557507,-9.65420151,Yes,Yes,compound response across 12 wells,active,inactive,Nuclear fascin,regulation of protein localization to nucleus,GO_1900180,,,
1093688984,B19,Homo sapiens,NCBITaxon,9606,HeLa,EFO,EFO_0001185,,,,,SN1060843667,0.0003,3678,ITGA5,,,Pass,Hoechst:DNA; Alexa Fluor 488 phalloidin:actin; mScarlet:fascin; iRFP:nuclear actin chromobody (nAC),18.42125893,-27.206522,Yes,Yes,compound response across 12 wells,active,inactive,Nuclear fascin,regulation of protein localization to nucleus,GO_1900180,,,
1093688984,B20,Homo sapiens,NCBITaxon,9606,HeLa,EFO,EFO_0001185,,,,,SN1060843667,0.00003,3678,ITGA5,,,Pass,Hoechst:DNA; Alexa Fluor 488 phalloidin:actin; mScarlet:fascin; iRFP:nuclear actin chromobody (nAC),-0.985662997,-34.5205612,Yes,Yes,compound response across 12 wells,active,inactive,Nuclear fascin,regulation of protein localization to nucleus,GO_1900180,,,
1093688984,B21,Homo sapiens,NCBITaxon,9606,HeLa,EFO,EFO_0001185,,,,,SN0032100754,30,1066,CES1,,,Pass,Hoechst:DNA; Alexa Fluor 488 phalloidin:actin; mScarlet:fascin; iRFP:nuclear actin chromobody (nAC),162.093689,,,Yes,compound response across 12 wells,inactive,active,,,,Nuclear actin,actin filament phenotype,CMPO_0000104
1093688984,B22,Homo sapiens,NCBITaxon,9606,HeLa,EFO,EFO_0001185,,,,,SN0032100754,10,1066,CES1,,,Pass,Hoechst:DNA; Alexa Fluor 488 phalloidin:actin; mScarlet:fascin; iRFP:nuclear actin chromobody (nAC),106.7113876,158.2889404,,Yes,compound response across 12 wells,inactive,active,,,,Nuclear actin,actin filament phenotype,CMPO_0000104
1093688984,B23,Homo sapiens,NCBITaxon,9606,HeLa,EFO,EFO_0001185,,,,,SN0032100754,3.125,1066,CES1,,,Pass,Hoechst:DNA; Alexa Fluor 488 phalloidin:actin; mScarlet:fascin; iRFP:nuclear actin chromobody (nAC),-28.01663399,-188.316208,,Yes,compound response across 12 wells,inactive,active,,,,Nuclear actin,actin filament phenotype,CMPO_0000104
1093688984,B24,Homo sapiens,NCBITaxon,9606,HeLa,EFO,EFO_0001185,,,,,SN0032100754,1.25,1066,CES1,,,Pass,Hoechst:DNA; Alexa Fluor 488 phalloidin:actin; mScarlet:fascin; iRFP:nuclear actin chromobody (nAC),11.90788364,-36.9727516,,Yes,compound response across 12 wells,inactive,active,,,,Nuclear actin,actin filament phenotype,CMPO_0000104
1093688984,C1,Homo sapiens,NCBITaxon,9606,HeLa,EFO,EFO_0001185,,,,,SN0032100754,0.3,1066,CES1,,,Pass,Hoechst:DNA; Alexa Fluor 488 phalloidin:actin; mScarlet:fascin; iRFP:nuclear actin chromobody (nAC),16.93927765,12.22379971,,Yes,compound response across 12 wells,inactive,active,,,,Nuclear actin,actin filament phenotype,CMPO_0000104
1093688984,C2,Homo sapiens,NCBITaxon,9606,HeLa,EFO,EFO_0001185,,,,,SN0032100754,0.1,1066,CES1,,,Pass,Hoechst:DNA; Alexa Fluor 488 phalloidin:actin; mScarlet:fascin; iRFP:nuclear actin chromobody (nAC),8.662985802,-56.1518021,,Yes,compound response across 12 wells,inactive,active,,,,Nuclear actin,actin filament phenotype,CMPO_0000104
1093688984,C3,Homo sapiens,NCBITaxon,9606,HeLa,EFO,EFO_0001185,,,,,SN0032100754,0.03,1066,CES1,,,Pass,Hoechst:DNA; Alexa Fluor 488 phalloidin:actin; mScarlet:fascin; iRFP:nuclear actin chromobody (nAC),19.67798615,-8.58017063,,Yes,compound response across 12 wells,inactive,active,,,,Nuclear actin,actin filament phenotype,CMPO_0000104
1093688984,C4,Homo sapiens,NCBITaxon,9606,HeLa,EFO,EFO_0001185,,,,,SN0032100754,0.0125,1066,CES1,,,Pass,Hoechst:DNA; Alexa Fluor 488 phalloidin:actin; mScarlet:fascin; iRFP:nuclear actin chromobody (nAC),14.74040127,-47.1458588,,Yes,compound response across 12 wells,inactive,active,,,,Nuclear actin,actin filament phenotype,CMPO_0000104
1093688984,C5,Homo sapiens,NCBITaxon,9606,HeLa,EFO,EFO_0001185,DMSO,679,IAZDPXIOMUYVGZ-UHFFFAOYSA-N,CS(=O)C,,,,,Neutral Control,,Pass,Hoechst:DNA; Alexa Fluor 488 phalloidin:actin; mScarlet:fascin; iRFP:nuclear actin chromobody (nAC),6.828349113,-14.54809,,,,,,,,,,,
1093688984,C6,Homo sapiens,NCBITaxon,9606,HeLa,EFO,EFO_0001185,,,,,,,,,Stimulator Control,Leptomycin b blocks nuclear export of fascin,Pass,Hoechst:DNA; Alexa Fluor 488 phalloidin:actin; mScarlet:fascin; iRFP:nuclear actin chromobody (nAC),98.18320465,-46.3918495,,,,,,,,,,,
1093688984,C7,Homo sapiens,NCBITaxon,9606,HeLa,EFO,EFO_0001185,DMSO,679,IAZDPXIOMUYVGZ-UHFFFAOYSA-N,CS(=O)C,,,,,Neutral Control,,Pass,Hoechst:DNA; Alexa Fluor 488 phalloidin:actin; mScarlet:fascin; iRFP:nuclear actin chromobody (nAC),-5.828678131,-15.7299795,,,,,,,,,,,
1093688984,C8,Homo sapiens,NCBITaxon,9606,HeLa,EFO,EFO_0001185,,,,,SN0032100754,0.003,1066,CES1,,,Pass,Hoechst:DNA; Alexa Fluor 488 phalloidin:actin; mScarlet:fascin; iRFP:nuclear actin chromobody (nAC),4.405755997,-1.43097305,,Yes,compound response across 12 wells,inactive,active,,,,Nuclear actin,actin filament phenotype,CMPO_0000104
1093688984,C9,Homo sapiens,NCBITaxon,9606,HeLa,EFO,EFO_0001185,,,,,SN0032100754,0.001,1066,CES1,,,Pass,Hoechst:DNA; Alexa Fluor 488 phalloidin:actin; mScarlet:fascin; iRFP:nuclear actin chromobody (nAC),13.47766876,-38.5888901,,Yes,compound response across 12 wells,inactive,active,,,,Nuclear actin,actin filament phenotype,CMPO_0000104
1093688984,C10,Homo sapiens,NCBITaxon,9606,HeLa,EFO,EFO_0001185,,,,,SN0032100754,0.0003,1066,CES1,,,Pass,Hoechst:DNA; Alexa Fluor 488 phalloidin:actin; mScarlet:fascin; iRFP:nuclear actin chromobody (nAC),7.932161331,11.27468395,,Yes,compound response across 12 wells,inactive,active,,,,Nuclear actin,actin filament phenotype,CMPO_0000104
1093688984,C11,Homo sapiens,NCBITaxon,9606,HeLa,EFO,EFO_0001185,,,,,SN0032100754,0.00003,1066,CES1,,,Pass,Hoechst:DNA; Alexa Fluor 488 phalloidin:actin; mScarlet:fascin; iRFP:nuclear actin chromobody (nAC),6.58370018,16.08317566,,Yes,compound response across 12 wells,inactive,active,,,,Nuclear actin,actin filament phenotype,CMPO_0000104
1093688984,C12,Homo sapiens,NCBITaxon,9606,HeLa,EFO,EFO_0001185,,,,,SN1123528166,30,2100,ESR2,,,Pass,Hoechst:DNA; Alexa Fluor 488 phalloidin:actin; mScarlet:fascin; iRFP:nuclear actin chromobody (nAC),26.99699593,21.96953201,,,compound response across 12 wells,inactive,inactive,,,,,,
1093688984,C13,Homo sapiens,NCBITaxon,9606,HeLa,EFO,EFO_0001185,,,,,SN1123528166,10,2100,ESR2,,,Pass,Hoechst:DNA; Alexa Fluor 488 phalloidin:actin; mScarlet:fascin; iRFP:nuclear actin chromobody (nAC),26.5261116,21.84374428,,,compound response across 12 wells,inactive,inactive,,,,,,
1093688984,C14,Homo sapiens,NCBITaxon,9606,HeLa,EFO,EFO_0001185,,,,,SN1123528166,3.125,2100,ESR2,,,Pass,Hoechst:DNA; Alexa Fluor 488 phalloidin:actin; mScarlet:fascin; iRFP:nuclear actin chromobody (nAC),22.2123909,-28.7474403,,,compound response across 12 wells,inactive,inactive,,,,,,
1093688984,C15,Homo sapiens,NCBITaxon,9606,HeLa,EFO,EFO_0001185,,,,,SN1123528166,1.25,2100,ESR2,,,Pass,Hoechst:DNA; Alexa Fluor 488 phalloidin:actin; mScarlet:fascin; iRFP:nuclear actin chromobody (nAC),3.209719419,41.53715515,,,compound response across 12 wells,inactive,inactive,,,,,,
1093688984,C16,Homo sapiens,NCBITaxon,9606,HeLa,EFO,EFO_0001185,DMSO,679,IAZDPXIOMUYVGZ-UHFFFAOYSA-N,CS(=O)C,,,,,Neutral Control,,Pass,Hoechst:DNA; Alexa Fluor 488 phalloidin:actin; mScarlet:fascin; iRFP:nuclear actin chromobody (nAC),-15.53839874,-2.03863001,,,,,,,,,,,
1093688984,C17,Homo sapiens,NCBITaxon,9606,HeLa,EFO,EFO_0001185,,,,,,,,,Stimulator Control,Leptomycin b blocks nuclear export of fascin,Pass,Hoechst:DNA; Alexa Fluor 488 phalloidin:actin; mScarlet:fascin; iRFP:nuclear actin chromobody (nAC),98.98368835,-12.6489725,,,,,,,,,,,
1093688984,C18,Homo sapiens,NCBITaxon,9606,HeLa,EFO,EFO_0001185,DMSO,679,IAZDPXIOMUYVGZ-UHFFFAOYSA-N,CS(=O)C,,,,,Neutral Control,,Pass,Hoechst:DNA; Alexa Fluor 488 phalloidin:actin; mScarlet:fascin; iRFP:nuclear actin chromobody (nAC),-8.363446236,27.30289459,,,,,,,,,,,
1093688984,C19,Homo sapiens,NCBITaxon,9606,HeLa,EFO,EFO_0001185,,,,,SN1123528166,0.3,2100,ESR2,,,Pass,Hoechst:DNA; Alexa Fluor 488 phalloidin:actin; mScarlet:fascin; iRFP:nuclear actin chromobody (nAC),-1.935006618,34.88644409,,,compound response across 12 wells,inactive,inactive,,,,,,
1093688984,C20,Homo sapiens,NCBITaxon,9606,HeLa,EFO,EFO_0001185,,,,,SN1123528166,0.1,2100,ESR2,,,Pass,Hoechst:DNA; Alexa Fluor 488 phalloidin:actin; mScarlet:fascin; iRFP:nuclear actin chromobody (nAC),9.22878933,-18.328558,,,compound response across 12 wells,inactive,inactive,,,,,,
1093688984,C21,Homo sapiens,NCBITaxon,9606,HeLa,EFO,EFO_0001185,,,,,SN1123528166,0.03,2100,ESR2,,,Pass,Hoechst:DNA; Alexa Fluor 488 phalloidin:actin; mScarlet:fascin; iRFP:nuclear actin chromobody (nAC),3.193160295,-56.3227882,,,compound response across 12 wells,inactive,inactive,,,,,,
1093688984,C22,Homo sapiens,NCBITaxon,9606,HeLa,EFO,EFO_0001185,,,,,SN1123528166,0.0125,2100,ESR2,,,Pass,Hoechst:DNA; Alexa Fluor 488 phalloidin:actin; mScarlet:fascin; iRFP:nuclear actin chromobody (nAC),7.722500324,-22.1783695,,,compound response across 12 wells,inactive,inactive,,,,,,
1093688984,C23,Homo sapiens,NCBITaxon,9606,HeLa,EFO,EFO_0001185,,,,,SN1123528166,0.003,2100,ESR2,,,Pass,Hoechst:DNA; Alexa Fluor 488 phalloidin:actin; mScarlet:fascin; iRFP:nuclear actin chromobody (nAC),23.05241013,-28.277832,,,compound response across 12 wells,inactive,inactive,,,,,,
1093688984,C24,Homo sapiens,NCBITaxon,9606,HeLa,EFO,EFO_0001185,,,,,SN1123528166,0.001,2100,ESR2,,,Pass,Hoechst:DNA; Alexa Fluor 488 phalloidin:actin; mScarlet:fascin; iRFP:nuclear actin chromobody (nAC),6.07619524,-50.2693939,,,compound response across 12 wells,inactive,inactive,,,,,,
1093688984,D1,Homo sapiens,NCBITaxon,9606,HeLa,EFO,EFO_0001185,,,,,SN1123528166,0.0003,2100,ESR2,,,Pass,Hoechst:DNA; Alexa Fluor 488 phalloidin:actin; mScarlet:fascin; iRFP:nuclear actin chromobody (nAC),12.62710953,-47.2339401,,,compound response across 12 wells,inactive,inactive,,,,,,
1093688984,D2,Homo sapiens,NCBITaxon,9606,HeLa,EFO,EFO_0001185,,,,,SN1123528166,0.00003,2100,ESR2,,,Pass,Hoechst:DNA; Alexa Fluor 488 phalloidin:actin; mScarlet:fascin; iRFP:nuclear actin chromobody (nAC),1.194483757,-34.2384529,,,compound response across 12 wells,inactive,inactive,,,,,,
1093688984,D3,Homo sapiens,NCBITaxon,9606,HeLa,EFO,EFO_0001185,,,,,SN1074217334,30,5979,RET,,,Pass,Hoechst:DNA; Alexa Fluor 488 phalloidin:actin; mScarlet:fascin; iRFP:nuclear actin chromobody (nAC),96.62149811,-12.5491238,,,compound response across 12 wells,inactive,inactive,,,,,,
1093688984,D4,Homo sapiens,NCBITaxon,9606,HeLa,EFO,EFO_0001185,,,,,SN1074217334,10,5979,RET,,,Pass,Hoechst:DNA; Alexa Fluor 488 phalloidin:actin; mScarlet:fascin; iRFP:nuclear actin chromobody (nAC),64.05518341,-118.576927,,,compound response across 12 wells,inactive,inactive,,,,,,
1093688984,D5,Homo sapiens,NCBITaxon,9606,HeLa,EFO,EFO_0001185,,,,,SN1074217334,3.125,5979,RET,,,Pass,Hoechst:DNA; Alexa Fluor 488 phalloidin:actin; mScarlet:fascin; iRFP:nuclear actin chromobody (nAC),195.022995,6.683819771,,,compound response across 12 wells,inactive,inactive,,,,,,
1093688984,D6,Homo sapiens,NCBITaxon,9606,HeLa,EFO,EFO_0001185,,,,,SN1074217334,1.25,5979,RET,,,Pass,Hoechst:DNA; Alexa Fluor 488 phalloidin:actin; mScarlet:fascin; iRFP:nuclear actin chromobody (nAC),32.39128494,-65.9986115,,,compound response across 12 wells,inactive,inactive,,,,,,
1093688984,D7,Homo sapiens,NCBITaxon,9606,HeLa,EFO,EFO_0001185,,,,,SN1074217334,0.3,5979,RET,,,Pass,Hoechst:DNA; Alexa Fluor 488 phalloidin:actin; mScarlet:fascin; iRFP:nuclear actin chromobody (nAC),7.356200695,-14.0887766,,,compound response across 12 wells,inactive,inactive,,,,,,
1093688984,D8,Homo sapiens,NCBITaxon,9606,HeLa,EFO,EFO_0001185,,,,,SN1074217334,0.1,5979,RET,,,Pass,Hoechst:DNA; Alexa Fluor 488 phalloidin:actin; mScarlet:fascin; iRFP:nuclear actin chromobody (nAC),4.99116087,-11.4873199,,,compound response across 12 wells,inactive,inactive,,,,,,
1093688984,D9,Homo sapiens,NCBITaxon,9606,HeLa,EFO,EFO_0001185,,,,,SN1074217334,0.03,5979,RET,,,Pass,Hoechst:DNA; Alexa Fluor 488 phalloidin:actin; mScarlet:fascin; iRFP:nuclear actin chromobody (nAC),8.856451988,-26.3149471,,,compound response across 12 wells,inactive,inactive,,,,,,
1093688984,D10,Homo sapiens,NCBITaxon,9606,HeLa,EFO,EFO_0001185,,,,,SN1074217334,0.0125,5979,RET,,,Pass,Hoechst:DNA; Alexa Fluor 488 phalloidin:actin; mScarlet:fascin; iRFP:nuclear actin chromobody (nAC),0.623102784,17.40456581,,,compound response across 12 wells,inactive,inactive,,,,,,
1093688984,D11,Homo sapiens,NCBITaxon,9606,HeLa,EFO,EFO_0001185,,,,,SN1074217334,0.003,5979,RET,,,Pass,Hoechst:DNA; Alexa Fluor 488 phalloidin:actin; mScarlet:fascin; iRFP:nuclear actin chromobody (nAC),17.9247036,-2.91716862,,,compound response across 12 wells,inactive,inactive,,,,,,
1093688984,D12,Homo sapiens,NCBITaxon,9606,HeLa,EFO,EFO_0001185,,,,,SN1074217334,0.001,5979,RET,,,Pass,Hoechst:DNA; Alexa Fluor 488 phalloidin:actin; mScarlet:fascin; iRFP:nuclear actin chromobody (nAC),15.95041466,-4.28815413,,,compound response across 12 wells,inactive,inactive,,,,,,
1093688984,D13,Homo sapiens,NCBITaxon,9606,HeLa,EFO,EFO_0001185,,,,,SN1074217334,0.0003,5979,RET,,,Pass,Hoechst:DNA; Alexa Fluor 488 phalloidin:actin; mScarlet:fascin; iRFP:nuclear actin chromobody (nAC),17.76324654,-19.7302837,,,compound response across 12 wells,inactive,inactive,,,,,,
1093688984,D14,Homo sapiens,NCBITaxon,9606,HeLa,EFO,EFO_0001185,,,,,SN1074217334,0.00003,5979,RET,,,Pass,Hoechst:DNA; Alexa Fluor 488 phalloidin:actin; mScarlet:fascin; iRFP:nuclear actin chromobody (nAC),12.69637299,-20.6651516,,,compound response across 12 wells,inactive,inactive,,,,,,
1093688984,D15,Homo sapiens,NCBITaxon,9606,HeLa,EFO,EFO_0001185,,,,,SN0199179571,30,476,ATP1A1,,,Pass,Hoechst:DNA; Alexa Fluor 488 phalloidin:actin; mScarlet:fascin; iRFP:nuclear actin chromobody (nAC),72.48443604,,Yes,Yes,compound response across 12 wells,active,inactive,Nuclear fascin,regulation of protein localization to nucleus,GO_1900180,,,
1093688984,D16,Homo sapiens,NCBITaxon,9606,HeLa,EFO,EFO_0001185,,,,,SN0199179571,10,476,ATP1A1,,,Pass,Hoechst:DNA; Alexa Fluor 488 phalloidin:actin; mScarlet:fascin; iRFP:nuclear actin chromobody (nAC),150.0001526,,Yes,Yes,compound response across 12 wells,active,inactive,Nuclear fascin,regulation of protein localization to nucleus,GO_1900180,,,
1093688984,D17,Homo sapiens,NCBITaxon,9606,HeLa,EFO,EFO_0001185,,,,,SN0199179571,3.125,476,ATP1A1,,,Pass,Hoechst:DNA; Alexa Fluor 488 phalloidin:actin; mScarlet:fascin; iRFP:nuclear actin chromobody (nAC),117.5743103,81.37050629,Yes,Yes,compound response across 12 wells,active,inactive,Nuclear fascin,regulation of protein localization to nucleus,GO_1900180,,,
1093688984,D18,Homo sapiens,NCBITaxon,9606,HeLa,EFO,EFO_0001185,,,,,SN0199179571,1.25,476,ATP1A1,,,Pass,Hoechst:DNA; Alexa Fluor 488 phalloidin:actin; mScarlet:fascin; iRFP:nuclear actin chromobody (nAC),32.05022812,84.07809448,Yes,Yes,compound response across 12 wells,active,inactive,Nuclear fascin,regulation of protein localization to nucleus,GO_1900180,,,
1093688984,D19,Homo sapiens,NCBITaxon,9606,HeLa,EFO,EFO_0001185,,,,,SN0199179571,0.3,476,ATP1A1,,,Pass,Hoechst:DNA; Alexa Fluor 488 phalloidin:actin; mScarlet:fascin; iRFP:nuclear actin chromobody (nAC),-22.42868996,20.8574276,Yes,Yes,compound response across 12 wells,active,inactive,Nuclear fascin,regulation of protein localization to nucleus,GO_1900180,,,
1093688984,D20,Homo sapiens,NCBITaxon,9606,HeLa,EFO,EFO_0001185,,,,,SN0199179571,0.1,476,ATP1A1,,,Pass,Hoechst:DNA; Alexa Fluor 488 phalloidin:actin; mScarlet:fascin; iRFP:nuclear actin chromobody (nAC),2.794565916,-8.74003601,Yes,Yes,compound response across 12 wells,active,inactive,Nuclear fascin,regulation of protein localization to nucleus,GO_1900180,,,
1093688984,D21,Homo sapiens,NCBITaxon,9606,HeLa,EFO,EFO_0001185,,,,,SN0199179571,0.03,476,ATP1A1,,,Pass,Hoechst:DNA; Alexa Fluor 488 phalloidin:actin; mScarlet:fascin; iRFP:nuclear actin chromobody (nAC),-2.433748722,-18.2071438,Yes,Yes,compound response across 12 wells,active,inactive,Nuclear fascin,regulation of protein localization to nucleus,GO_1900180,,,
1093688984,D22,Homo sapiens,NCBITaxon,9606,HeLa,EFO,EFO_0001185,,,,,SN0199179571,0.0125,476,ATP1A1,,,Pass,Hoechst:DNA; Alexa Fluor 488 phalloidin:actin; mScarlet:fascin; iRFP:nuclear actin chromobody (nAC),13.94105721,-35.5936241,Yes,Yes,compound response across 12 wells,active,inactive,Nuclear fascin,regulation of protein localization to nucleus,GO_1900180,,,
1093688984,D23,Homo sapiens,NCBITaxon,9606,HeLa,EFO,EFO_0001185,,,,,SN0199179571,0.003,476,ATP1A1,,,Pass,Hoechst:DNA; Alexa Fluor 488 phalloidin:actin; mScarlet:fascin; iRFP:nuclear actin chromobody (nAC),13.28543854,-29.8097725,Yes,Yes,compound response across 12 wells,active,inactive,Nuclear fascin,regulation of protein localization to nucleus,GO_1900180,,,
1093688984,D24,Homo sapiens,NCBITaxon,9606,HeLa,EFO,EFO_0001185,,,,,SN0199179571,0.001,476,ATP1A1,,,Pass,Hoechst:DNA; Alexa Fluor 488 phalloidin:actin; mScarlet:fascin; iRFP:nuclear actin chromobody (nAC),-0.266564161,4.175262451,Yes,Yes,compound response across 12 wells,active,inactive,Nuclear fascin,regulation of protein localization to nucleus,GO_1900180,,,
1093688984,E1,Homo sapiens,NCBITaxon,9606,HeLa,EFO,EFO_0001185,,,,,SN0199179571,0.0003,476,ATP1A1,,,Pass,Hoechst:DNA; Alexa Fluor 488 phalloidin:actin; mScarlet:fascin; iRFP:nuclear actin chromobody (nAC),10.27501583,5.381570816,Yes,Yes,compound response across 12 wells,active,inactive,Nuclear fascin,regulation of protein localization to nucleus,GO_1900180,,,
1093688984,E2,Homo sapiens,NCBITaxon,9606,HeLa,EFO,EFO_0001185,,,,,SN0199179571,0.00003,476,ATP1A1,,,Pass,Hoechst:DNA; Alexa Fluor 488 phalloidin:actin; mScarlet:fascin; iRFP:nuclear actin chromobody (nAC),12.00372124,-29.4853172,Yes,Yes,compound response across 12 wells,active,inactive,Nuclear fascin,regulation of protein localization to nucleus,GO_1900180,,,
1093688984,E3,Homo sapiens,NCBITaxon,9606,HeLa,EFO,EFO_0001185,,,,,SN1140242427,30,5693,PSMB5,,,Pass,Hoechst:DNA; Alexa Fluor 488 phalloidin:actin; mScarlet:fascin; iRFP:nuclear actin chromobody (nAC),137.5383148,-197.498489,,Yes,compound response across 12 wells,active,active,Nuclear fascin,regulation of protein localization to nucleus,GO_1900180,Nuclear actin,actin filament phenotype,CMPO_0000104
1093688984,E4,Homo sapiens,NCBITaxon,9606,HeLa,EFO,EFO_0001185,,,,,SN1140242427,10,5693,PSMB5,,,Pass,Hoechst:DNA; Alexa Fluor 488 phalloidin:actin; mScarlet:fascin; iRFP:nuclear actin chromobody (nAC),101.4426041,11.26495552,,Yes,compound response across 12 wells,active,active,Nuclear fascin,regulation of protein localization to nucleus,GO_1900180,Nuclear actin,actin filament phenotype,CMPO_0000104
1093688984,E5,Homo sapiens,NCBITaxon,9606,HeLa,EFO,EFO_0001185,,,,,SN1140242427,3.125,5693,PSMB5,,,Pass,Hoechst:DNA; Alexa Fluor 488 phalloidin:actin; mScarlet:fascin; iRFP:nuclear actin chromobody (nAC),39.22216797,-184.924103,,Yes,compound response across 12 wells,active,active,Nuclear fascin,regulation of protein localization to nucleus,GO_1900180,Nuclear actin,actin filament phenotype,CMPO_0000104
1093688984,E6,Homo sapiens,NCBITaxon,9606,HeLa,EFO,EFO_0001185,,,,,SN1140242427,1.25,5693,PSMB5,,,Pass,Hoechst:DNA; Alexa Fluor 488 phalloidin:actin; mScarlet:fascin; iRFP:nuclear actin chromobody (nAC),0.991240859,3.347612619,,Yes,compound response across 12 wells,active,active,Nuclear fascin,regulation of protein localization to nucleus,GO_1900180,Nuclear actin,actin filament phenotype,CMPO_0000104
1093688984,E7,Homo sapiens,NCBITaxon,9606,HeLa,EFO,EFO_0001185,,,,,SN1140242427,0.3,5693,PSMB5,,,Pass,Hoechst:DNA; Alexa Fluor 488 phalloidin:actin; mScarlet:fascin; iRFP:nuclear actin chromobody (nAC),-23.04583549,42.53267288,,Yes,compound response across 12 wells,active,active,Nuclear fascin,regulation of protein localization to nucleus,GO_1900180,Nuclear actin,actin filament phenotype,CMPO_0000104
1093688984,E8,Homo sapiens,NCBITaxon,9606,HeLa,EFO,EFO_0001185,,,,,SN1140242427,0.1,5693,PSMB5,,,Pass,Hoechst:DNA; Alexa Fluor 488 phalloidin:actin; mScarlet:fascin; iRFP:nuclear actin chromobody (nAC),-34.92701721,30.05921745,,Yes,compound response across 12 wells,active,active,Nuclear fascin,regulation of protein localization to nucleus,GO_1900180,Nuclear actin,actin filament phenotype,CMPO_0000104
1093688984,E9,Homo sapiens,NCBITaxon,9606,HeLa,EFO,EFO_0001185,DMSO,679,IAZDPXIOMUYVGZ-UHFFFAOYSA-N,CS(=O)C,,,,,Neutral Control,,Pass,Hoechst:DNA; Alexa Fluor 488 phalloidin:actin; mScarlet:fascin; iRFP:nuclear actin chromobody (nAC),1.577881694,24.36515045,,,,,,,,,,,
1093688984,E10,Homo sapiens,NCBITaxon,9606,HeLa,EFO,EFO_0001185,,,,,,,,,Stimulator Control,Leptomycin b blocks nuclear export of fascin,Pass,Hoechst:DNA; Alexa Fluor 488 phalloidin:actin; mScarlet:fascin; iRFP:nuclear actin chromobody (nAC),110.5582047,4.038965702,,,,,,,,,,,
1093688984,E11,Homo sapiens,NCBITaxon,9606,HeLa,EFO,EFO_0001185,DMSO,679,IAZDPXIOMUYVGZ-UHFFFAOYSA-N,CS(=O)C,,,,,Neutral Control,,Pass,Hoechst:DNA; Alexa Fluor 488 phalloidin:actin; mScarlet:fascin; iRFP:nuclear actin chromobody (nAC),-4.714407444,-29.5408897,,,,,,,,,,,
1093688984,E12,Homo sapiens,NCBITaxon,9606,HeLa,EFO,EFO_0001185,,,,,SN1140242427,0.03,5693,PSMB5,,,Pass,Hoechst:DNA; Alexa Fluor 488 phalloidin:actin; mScarlet:fascin; iRFP:nuclear actin chromobody (nAC),-11.09759045,17.28461456,,Yes,compound response across 12 wells,active,active,Nuclear fascin,regulation of protein localization to nucleus,GO_1900180,Nuclear actin,actin filament phenotype,CMPO_0000104
1093688984,E13,Homo sapiens,NCBITaxon,9606,HeLa,EFO,EFO_0001185,,,,,SN1140242427,0.0125,5693,PSMB5,,,Pass,Hoechst:DNA; Alexa Fluor 488 phalloidin:actin; mScarlet:fascin; iRFP:nuclear actin chromobody (nAC),2.509002209,-18.4350071,,Yes,compound response across 12 wells,active,active,Nuclear fascin,regulation of protein localization to nucleus,GO_1900180,Nuclear actin,actin filament phenotype,CMPO_0000104
1093688984,E14,Homo sapiens,NCBITaxon,9606,HeLa,EFO,EFO_0001185,,,,,SN1140242427,0.003,5693,PSMB5,,,Pass,Hoechst:DNA; Alexa Fluor 488 phalloidin:actin; mScarlet:fascin; iRFP:nuclear actin chromobody (nAC),1.271290064,14.50039959,,Yes,compound response across 12 wells,active,active,Nuclear fascin,regulation of protein localization to nucleus,GO_1900180,Nuclear actin,actin filament phenotype,CMPO_0000104
1093688984,E15,Homo sapiens,NCBITaxon,9606,HeLa,EFO,EFO_0001185,,,,,SN1140242427,0.001,5693,PSMB5,,,Pass,Hoechst:DNA; Alexa Fluor 488 phalloidin:actin; mScarlet:fascin; iRFP:nuclear actin chromobody (nAC),8.62766552,10.10906982,,Yes,compound response across 12 wells,active,active,Nuclear fascin,regulation of protein localization to nucleus,GO_1900180,Nuclear actin,actin filament phenotype,CMPO_0000104
1093688984,E16,Homo sapiens,NCBITaxon,9606,HeLa,EFO,EFO_0001185,,,,,SN1140242427,0.0003,5693,PSMB5,,,Pass,Hoechst:DNA; Alexa Fluor 488 phalloidin:actin; mScarlet:fascin; iRFP:nuclear actin chromobody (nAC),19.35781479,-13.7400064,,Yes,compound response across 12 wells,active,active,Nuclear fascin,regulation of protein localization to nucleus,GO_1900180,Nuclear actin,actin filament phenotype,CMPO_0000104
1093688984,E17,Homo sapiens,NCBITaxon,9606,HeLa,EFO,EFO_0001185,,,,,SN1140242427,0.00003,5693,PSMB5,,,Pass,Hoechst:DNA; Alexa Fluor 488 phalloidin:actin; mScarlet:fascin; iRFP:nuclear actin chromobody (nAC),6.304982185,0.16047141,,Yes,compound response across 12 wells,active,active,Nuclear fascin,regulation of protein localization to nucleus,GO_1900180,Nuclear actin,actin filament phenotype,CMPO_0000104
1093688984,E18,Homo sapiens,NCBITaxon,9606,HeLa,EFO,EFO_0001185,,,,,SN1061381036,30,898,CCNE1,,,Pass,Hoechst:DNA; Alexa Fluor 488 phalloidin:actin; mScarlet:fascin; iRFP:nuclear actin chromobody (nAC),95.25147247,-327.446991,,Yes,compound response across 12 wells,active,active,Nuclear fascin,regulation of protein localization to nucleus,GO_1900180,Nuclear actin,actin filament phenotype,CMPO_0000104
1093688984,E19,Homo sapiens,NCBITaxon,9606,HeLa,EFO,EFO_0001185,,,,,SN1061381036,10,898,CCNE1,,,Pass,Hoechst:DNA; Alexa Fluor 488 phalloidin:actin; mScarlet:fascin; iRFP:nuclear actin chromobody (nAC),116.0327682,,,Yes,compound response across 12 wells,active,active,Nuclear fascin,regulation of protein localization to nucleus,GO_1900180,Nuclear actin,actin filament phenotype,CMPO_0000104
1093688984,E20,Homo sapiens,NCBITaxon,9606,HeLa,EFO,EFO_0001185,DMSO,679,IAZDPXIOMUYVGZ-UHFFFAOYSA-N,CS(=O)C,,,,,Neutral Control,,Pass,Hoechst:DNA; Alexa Fluor 488 phalloidin:actin; mScarlet:fascin; iRFP:nuclear actin chromobody (nAC),-1.484183311,-8.08992481,,,,,,,,,,,
1093688984,E21,Homo sapiens,NCBITaxon,9606,HeLa,EFO,EFO_0001185,,,,,,,,,Stimulator Control,Leptomycin b blocks nuclear export of fascin,Pass,Hoechst:DNA; Alexa Fluor 488 phalloidin:actin; mScarlet:fascin; iRFP:nuclear actin chromobody (nAC),88.92086792,-23.0931931,,,,,,,,,,,
1093688984,E22,Homo sapiens,NCBITaxon,9606,HeLa,EFO,EFO_0001185,DMSO,679,IAZDPXIOMUYVGZ-UHFFFAOYSA-N,CS(=O)C,,,,,Neutral Control,,Pass,Hoechst:DNA; Alexa Fluor 488 phalloidin:actin; mScarlet:fascin; iRFP:nuclear actin chromobody (nAC),0.554314613,-7.69913292,,,,,,,,,,,
1093688984,E23,Homo sapiens,NCBITaxon,9606,HeLa,EFO,EFO_0001185,,,,,SN1061381036,3.125,898,CCNE1,,,Pass,Hoechst:DNA; Alexa Fluor 488 phalloidin:actin; mScarlet:fascin; iRFP:nuclear actin chromobody (nAC),23.69519424,-136.656265,,Yes,compound response across 12 wells,active,active,Nuclear fascin,regulation of protein localization to nucleus,GO_1900180,Nuclear actin,actin filament phenotype,CMPO_0000104
1093688984,E24,Homo sapiens,NCBITaxon,9606,HeLa,EFO,EFO_0001185,,,,,SN1061381036,1.25,898,CCNE1,,,Pass,Hoechst:DNA; Alexa Fluor 488 phalloidin:actin; mScarlet:fascin; iRFP:nuclear actin chromobody (nAC),-0.760520697,-32.1149025,,Yes,compound response across 12 wells,active,active,Nuclear fascin,regulation of protein localization to nucleus,GO_1900180,Nuclear actin,actin filament phenotype,CMPO_0000104
1093688984,F1,Homo sapiens,NCBITaxon,9606,HeLa,EFO,EFO_0001185,,,,,SN1061381036,0.3,898,CCNE1,,,Pass,Hoechst:DNA; Alexa Fluor 488 phalloidin:actin; mScarlet:fascin; iRFP:nuclear actin chromobody (nAC),17.76776314,-59.7548256,,Yes,compound response across 12 wells,active,active,Nuclear fascin,regulation of protein localization to nucleus,GO_1900180,Nuclear actin,actin filament phenotype,CMPO_0000104
1093688984,F2,Homo sapiens,NCBITaxon,9606,HeLa,EFO,EFO_0001185,,,,,SN1061381036,0.1,898,CCNE1,,,Pass,Hoechst:DNA; Alexa Fluor 488 phalloidin:actin; mScarlet:fascin; iRFP:nuclear actin chromobody (nAC),12.89261246,-18.9616947,,Yes,compound response across 12 wells,active,active,Nuclear fascin,regulation of protein localization to nucleus,GO_1900180,Nuclear actin,actin filament phenotype,CMPO_0000104
1093688984,F3,Homo sapiens,NCBITaxon,9606,HeLa,EFO,EFO_0001185,,,,,SN1061381036,0.03,898,CCNE1,,,Pass,Hoechst:DNA; Alexa Fluor 488 phalloidin:actin; mScarlet:fascin; iRFP:nuclear actin chromobody (nAC),4.286973476,-36.394001,,Yes,compound response across 12 wells,active,active,Nuclear fascin,regulation of protein localization to nucleus,GO_1900180,Nuclear actin,actin filament phenotype,CMPO_0000104
1093688984,F4,Homo sapiens,NCBITaxon,9606,HeLa,EFO,EFO_0001185,,,,,SN1061381036,0.0125,898,CCNE1,,,Pass,Hoechst:DNA; Alexa Fluor 488 phalloidin:actin; mScarlet:fascin; iRFP:nuclear actin chromobody (nAC),8.503446579,-23.5471821,,Yes,compound response across 12 wells,active,active,Nuclear fascin,regulation of protein localization to nucleus,GO_1900180,Nuclear actin,actin filament phenotype,CMPO_0000104
1093688984,F5,Homo sapiens,NCBITaxon,9606,HeLa,EFO,EFO_0001185,,,,,SN1061381036,0.003,898,CCNE1,,,Pass,Hoechst:DNA; Alexa Fluor 488 phalloidin:actin; mScarlet:fascin; iRFP:nuclear actin chromobody (nAC),9.311458588,-11.5878267,,Yes,compound response across 12 wells,active,active,Nuclear fascin,regulation of protein localization to nucleus,GO_1900180,Nuclear actin,actin filament phenotype,CMPO_0000104
1093688984,F6,Homo sapiens,NCBITaxon,9606,HeLa,EFO,EFO_0001185,,,,,SN1061381036,0.001,898,CCNE1,,,Pass,Hoechst:DNA; Alexa Fluor 488 phalloidin:actin; mScarlet:fascin; iRFP:nuclear actin chromobody (nAC),-4.151741982,-52.3366051,,Yes,compound response across 12 wells,active,active,Nuclear fascin,regulation of protein localization to nucleus,GO_1900180,Nuclear actin,actin filament phenotype,CMPO_0000104
1093688984,F7,Homo sapiens,NCBITaxon,9606,HeLa,EFO,EFO_0001185,,,,,SN1061381036,0.0003,898,CCNE1,,,Pass,Hoechst:DNA; Alexa Fluor 488 phalloidin:actin; mScarlet:fascin; iRFP:nuclear actin chromobody (nAC),-0.426055759,-42.587265,,Yes,compound response across 12 wells,active,active,Nuclear fascin,regulation of protein localization to nucleus,GO_1900180,Nuclear actin,actin filament phenotype,CMPO_0000104
1093688984,F8,Homo sapiens,NCBITaxon,9606,HeLa,EFO,EFO_0001185,,,,,SN1061381036,0.00003,898,CCNE1,,,Pass,Hoechst:DNA; Alexa Fluor 488 phalloidin:actin; mScarlet:fascin; iRFP:nuclear actin chromobody (nAC),0.256073982,-15.1104212,,Yes,compound response across 12 wells,active,active,Nuclear fascin,regulation of protein localization to nucleus,GO_1900180,Nuclear actin,actin filament phenotype,CMPO_0000104
1093688984,F9,Homo sapiens,NCBITaxon,9606,HeLa,EFO,EFO_0001185,,,,,SN1044109326,30,3832,KIF11,,,Pass,Hoechst:DNA; Alexa Fluor 488 phalloidin:actin; mScarlet:fascin; iRFP:nuclear actin chromobody (nAC),106.4193115,-3.94560575,,,compound response across 12 wells,inactive,inactive,,,,,,
1093688984,F10,Homo sapiens,NCBITaxon,9606,HeLa,EFO,EFO_0001185,,,,,SN1044109326,10,3832,KIF11,,,Pass,Hoechst:DNA; Alexa Fluor 488 phalloidin:actin; mScarlet:fascin; iRFP:nuclear actin chromobody (nAC),76.07128143,-95.1663208,,,compound response across 12 wells,inactive,inactive,,,,,,
1093688984,F11,Homo sapiens,NCBITaxon,9606,HeLa,EFO,EFO_0001185,,,,,SN1044109326,3.125,3832,KIF11,,,Pass,Hoechst:DNA; Alexa Fluor 488 phalloidin:actin; mScarlet:fascin; iRFP:nuclear actin chromobody (nAC),49.28464127,-37.2644234,,,compound response across 12 wells,inactive,inactive,,,,,,
1093688984,F12,Homo sapiens,NCBITaxon,9606,HeLa,EFO,EFO_0001185,,,,,SN1044109326,1.25,3832,KIF11,,,Pass,Hoechst:DNA; Alexa Fluor 488 phalloidin:actin; mScarlet:fascin; iRFP:nuclear actin chromobody (nAC),2.327151537,17.62642288,,,compound response across 12 wells,inactive,inactive,,,,,,
1093688984,F13,Homo sapiens,NCBITaxon,9606,HeLa,EFO,EFO_0001185,,,,,SN1044109326,0.3,3832,KIF11,,,Pass,Hoechst:DNA; Alexa Fluor 488 phalloidin:actin; mScarlet:fascin; iRFP:nuclear actin chromobody (nAC),25.88671875,-21.0808105,,,compound response across 12 wells,inactive,inactive,,,,,,
1093688984,F14,Homo sapiens,NCBITaxon,9606,HeLa,EFO,EFO_0001185,,,,,SN1044109326,0.1,3832,KIF11,,,Pass,Hoechst:DNA; Alexa Fluor 488 phalloidin:actin; mScarlet:fascin; iRFP:nuclear actin chromobody (nAC),13.59055614,23.05120468,,,compound response across 12 wells,inactive,inactive,,,,,,
1093688984,F15,Homo sapiens,NCBITaxon,9606,HeLa,EFO,EFO_0001185,,,,,SN1044109326,0.03,3832,KIF11,,,Pass,Hoechst:DNA; Alexa Fluor 488 phalloidin:actin; mScarlet:fascin; iRFP:nuclear actin chromobody (nAC),1.417470932,-25.7097359,,,compound response across 12 wells,inactive,inactive,,,,,,
1093688984,F16,Homo sapiens,NCBITaxon,9606,HeLa,EFO,EFO_0001185,,,,,SN1044109326,0.0125,3832,KIF11,,,Pass,Hoechst:DNA; Alexa Fluor 488 phalloidin:actin; mScarlet:fascin; iRFP:nuclear actin chromobody (nAC),0.219627813,-25.3937283,,,compound response across 12 wells,inactive,inactive,,,,,,
1093688984,F17,Homo sapiens,NCBITaxon,9606,HeLa,EFO,EFO_0001185,,,,,SN1044109326,0.003,3832,KIF11,,,Pass,Hoechst:DNA; Alexa Fluor 488 phalloidin:actin; mScarlet:fascin; iRFP:nuclear actin chromobody (nAC),12.40572262,-17.86092,,,compound response across 12 wells,inactive,inactive,,,,,,
1093688984,F18,Homo sapiens,NCBITaxon,9606,HeLa,EFO,EFO_0001185,,,,,SN1044109326,0.001,3832,KIF11,,,Pass,Hoechst:DNA; Alexa Fluor 488 phalloidin:actin; mScarlet:fascin; iRFP:nuclear actin chromobody (nAC),4.495952606,-9.82659054,,,compound response across 12 wells,inactive,inactive,,,,,,
1093688984,F19,Homo sapiens,NCBITaxon,9606,HeLa,EFO,EFO_0001185,,,,,SN1044109326,0.0003,3832,KIF11,,,Pass,Hoechst:DNA; Alexa Fluor 488 phalloidin:actin; mScarlet:fascin; iRFP:nuclear actin chromobody (nAC),-6.372043133,-25.5786476,,,compound response across 12 wells,inactive,inactive,,,,,,
1093688984,F20,Homo sapiens,NCBITaxon,9606,HeLa,EFO,EFO_0001185,,,,,SN1044109326,0.00003,3832,KIF11,,,Pass,Hoechst:DNA; Alexa Fluor 488 phalloidin:actin; mScarlet:fascin; iRFP:nuclear actin chromobody (nAC),0.205287039,-16.9194641,,,compound response across 12 wells,inactive,inactive,,,,,,
1093688984,F21,Homo sapiens,NCBITaxon,9606,HeLa,EFO,EFO_0001185,,,,,SN1151681677,30,3065,HDAC1,,,Pass,Hoechst:DNA; Alexa Fluor 488 phalloidin:actin; mScarlet:fascin; iRFP:nuclear actin chromobody (nAC),-25.04737854,30.85184669,,,compound response across 12 wells,inactive,inactive,,,,,,
1093688984,F22,Homo sapiens,NCBITaxon,9606,HeLa,EFO,EFO_0001185,,,,,SN1151681677,10,3065,HDAC1,,,Pass,Hoechst:DNA; Alexa Fluor 488 phalloidin:actin; mScarlet:fascin; iRFP:nuclear actin chromobody (nAC),-24.76029396,75.32826996,,,compound response across 12 wells,inactive,inactive,,,,,,
1093688984,F23,Homo sapiens,NCBITaxon,9606,HeLa,EFO,EFO_0001185,,,,,SN1151681677,3.125,3065,HDAC1,,,Pass,Hoechst:DNA; Alexa Fluor 488 phalloidin:actin; mScarlet:fascin; iRFP:nuclear actin chromobody (nAC),13.32299423,-26.7719898,,,compound response across 12 wells,inactive,inactive,,,,,,
1093688984,F24,Homo sapiens,NCBITaxon,9606,HeLa,EFO,EFO_0001185,,,,,SN1151681677,1.25,3065,HDAC1,,,Pass,Hoechst:DNA; Alexa Fluor 488 phalloidin:actin; mScarlet:fascin; iRFP:nuclear actin chromobody (nAC),16.33010483,-35.1990929,,,compound response across 12 wells,inactive,inactive,,,,,,
1093688984,G1,Homo sapiens,NCBITaxon,9606,HeLa,EFO,EFO_0001185,,,,,SN1151681677,0.3,3065,HDAC1,,,Pass,Hoechst:DNA; Alexa Fluor 488 phalloidin:actin; mScarlet:fascin; iRFP:nuclear actin chromobody (nAC),25.48037529,-35.6910019,,,compound response across 12 wells,inactive,inactive,,,,,,
1093688984,G2,Homo sapiens,NCBITaxon,9606,HeLa,EFO,EFO_0001185,,,,,SN1151681677,0.1,3065,HDAC1,,,Pass,Hoechst:DNA; Alexa Fluor 488 phalloidin:actin; mScarlet:fascin; iRFP:nuclear actin chromobody (nAC),9.217189789,-38.8318062,,,compound response across 12 wells,inactive,inactive,,,,,,
1093688984,G3,Homo sapiens,NCBITaxon,9606,HeLa,EFO,EFO_0001185,,,,,SN1151681677,0.03,3065,HDAC1,,,Pass,Hoechst:DNA; Alexa Fluor 488 phalloidin:actin; mScarlet:fascin; iRFP:nuclear actin chromobody (nAC),10.86660099,-14.5441637,,,compound response across 12 wells,inactive,inactive,,,,,,
1093688984,G4,Homo sapiens,NCBITaxon,9606,HeLa,EFO,EFO_0001185,,,,,SN1151681677,0.0125,3065,HDAC1,,,Pass,Hoechst:DNA; Alexa Fluor 488 phalloidin:actin; mScarlet:fascin; iRFP:nuclear actin chromobody (nAC),13.09407997,-21.5409698,,,compound response across 12 wells,inactive,inactive,,,,,,
1093688984,G5,Homo sapiens,NCBITaxon,9606,HeLa,EFO,EFO_0001185,,,,,SN1151681677,0.003,3065,HDAC1,,,Pass,Hoechst:DNA; Alexa Fluor 488 phalloidin:actin; mScarlet:fascin; iRFP:nuclear actin chromobody (nAC),-4.929345131,-2.61232638,,,compound response across 12 wells,inactive,inactive,,,,,,
1093688984,G6,Homo sapiens,NCBITaxon,9606,HeLa,EFO,EFO_0001185,,,,,SN1151681677,0.001,3065,HDAC1,,,Pass,Hoechst:DNA; Alexa Fluor 488 phalloidin:actin; mScarlet:fascin; iRFP:nuclear actin chromobody (nAC),-0.08079958,-21.2809868,,,compound response across 12 wells,inactive,inactive,,,,,,
1093688984,G7,Homo sapiens,NCBITaxon,9606,HeLa,EFO,EFO_0001185,,,,,SN1151681677,0.0003,3065,HDAC1,,,Pass,Hoechst:DNA; Alexa Fluor 488 phalloidin:actin; mScarlet:fascin; iRFP:nuclear actin chromobody (nAC),19.49345779,-22.2313499,,,compound response across 12 wells,inactive,inactive,,,,,,
1093688984,G8,Homo sapiens,NCBITaxon,9606,HeLa,EFO,EFO_0001185,,,,,SN1151681677,0.00003,3065,HDAC1,,,Pass,Hoechst:DNA; Alexa Fluor 488 phalloidin:actin; mScarlet:fascin; iRFP:nuclear actin chromobody (nAC),6.409757137,-44.9058723,,,compound response across 12 wells,inactive,inactive,,,,,,
1093688984,G9,Homo sapiens,NCBITaxon,9606,HeLa,EFO,EFO_0001185,,,,,SN1140249037,30,5979,RET,,,Pass,Hoechst:DNA; Alexa Fluor 488 phalloidin:actin; mScarlet:fascin; iRFP:nuclear actin chromobody (nAC),140.4718018,,,Yes,compound response across 12 wells,active,active,Nuclear fascin,regulation of protein localization to nucleus,GO_1900180,Nuclear actin,actin filament phenotype,CMPO_0000104
1093688984,G10,Homo sapiens,NCBITaxon,9606,HeLa,EFO,EFO_0001185,,,,,SN1140249037,10,5979,RET,,,Pass,Hoechst:DNA; Alexa Fluor 488 phalloidin:actin; mScarlet:fascin; iRFP:nuclear actin chromobody (nAC),85.02939606,-101.947258,,Yes,compound response across 12 wells,active,active,Nuclear fascin,regulation of protein localization to nucleus,GO_1900180,Nuclear actin,actin filament phenotype,CMPO_0000104
1093688984,G11,Homo sapiens,NCBITaxon,9606,HeLa,EFO,EFO_0001185,,,,,SN1140249037,3.125,5979,RET,,,Pass,Hoechst:DNA; Alexa Fluor 488 phalloidin:actin; mScarlet:fascin; iRFP:nuclear actin chromobody (nAC),62.41225052,-84.4137726,,Yes,compound response across 12 wells,active,active,Nuclear fascin,regulation of protein localization to nucleus,GO_1900180,Nuclear actin,actin filament phenotype,CMPO_0000104
1093688984,G12,Homo sapiens,NCBITaxon,9606,HeLa,EFO,EFO_0001185,,,,,SN1140249037,1.25,5979,RET,,,Pass,Hoechst:DNA; Alexa Fluor 488 phalloidin:actin; mScarlet:fascin; iRFP:nuclear actin chromobody (nAC),45.06973648,-17.9349346,,Yes,compound response across 12 wells,active,active,Nuclear fascin,regulation of protein localization to nucleus,GO_1900180,Nuclear actin,actin filament phenotype,CMPO_0000104
1093688984,G13,Homo sapiens,NCBITaxon,9606,HeLa,EFO,EFO_0001185,DMSO,679,IAZDPXIOMUYVGZ-UHFFFAOYSA-N,CS(=O)C,,,,,Neutral Control,,Pass,Hoechst:DNA; Alexa Fluor 488 phalloidin:actin; mScarlet:fascin; iRFP:nuclear actin chromobody (nAC),-7.151420593,0.893567383,,,,,,,,,,,
1093688984,G14,Homo sapiens,NCBITaxon,9606,HeLa,EFO,EFO_0001185,,,,,,,,,Stimulator Control,Leptomycin b blocks nuclear export of fascin,Pass,Hoechst:DNA; Alexa Fluor 488 phalloidin:actin; mScarlet:fascin; iRFP:nuclear actin chromobody (nAC),87.82463074,23.95756531,,,,,,,,,,,
1093688984,G15,Homo sapiens,NCBITaxon,9606,HeLa,EFO,EFO_0001185,DMSO,679,IAZDPXIOMUYVGZ-UHFFFAOYSA-N,CS(=O)C,,,,,Neutral Control,,Pass,Hoechst:DNA; Alexa Fluor 488 phalloidin:actin; mScarlet:fascin; iRFP:nuclear actin chromobody (nAC),4.78866291,1.788789153,,,,,,,,,,,
1093688984,G16,Homo sapiens,NCBITaxon,9606,HeLa,EFO,EFO_0001185,,,,,SN1140249037,0.3,5979,RET,,,Pass,Hoechst:DNA; Alexa Fluor 488 phalloidin:actin; mScarlet:fascin; iRFP:nuclear actin chromobody (nAC),31.83925056,-33.6881866,,Yes,compound response across 12 wells,active,active,Nuclear fascin,regulation of protein localization to nucleus,GO_1900180,Nuclear actin,actin filament phenotype,CMPO_0000104
1093688984,G17,Homo sapiens,NCBITaxon,9606,HeLa,EFO,EFO_0001185,,,,,SN1140249037,0.1,5979,RET,,,Pass,Hoechst:DNA; Alexa Fluor 488 phalloidin:actin; mScarlet:fascin; iRFP:nuclear actin chromobody (nAC),16.37111473,-25.0641937,,Yes,compound response across 12 wells,active,active,Nuclear fascin,regulation of protein localization to nucleus,GO_1900180,Nuclear actin,actin filament phenotype,CMPO_0000104
1093688984,G18,Homo sapiens,NCBITaxon,9606,HeLa,EFO,EFO_0001185,,,,,SN1140249037,0.03,5979,RET,,,Pass,Hoechst:DNA; Alexa Fluor 488 phalloidin:actin; mScarlet:fascin; iRFP:nuclear actin chromobody (nAC),4.487585545,-6.75014496,,Yes,compound response across 12 wells,active,active,Nuclear fascin,regulation of protein localization to nucleus,GO_1900180,Nuclear actin,actin filament phenotype,CMPO_0000104
1093688984,G19,Homo sapiens,NCBITaxon,9606,HeLa,EFO,EFO_0001185,,,,,SN1140249037,0.0125,5979,RET,,,Pass,Hoechst:DNA; Alexa Fluor 488 phalloidin:actin; mScarlet:fascin; iRFP:nuclear actin chromobody (nAC),3.486456871,-11.2164268,,Yes,compound response across 12 wells,active,active,Nuclear fascin,regulation of protein localization to nucleus,GO_1900180,Nuclear actin,actin filament phenotype,CMPO_0000104
1093688984,G20,Homo sapiens,NCBITaxon,9606,HeLa,EFO,EFO_0001185,,,,,SN1140249037,0.003,5979,RET,,,Pass,Hoechst:DNA; Alexa Fluor 488 phalloidin:actin; mScarlet:fascin; iRFP:nuclear actin chromobody (nAC),3.781337976,-14.1568489,,Yes,compound response across 12 wells,active,active,Nuclear fascin,regulation of protein localization to nucleus,GO_1900180,Nuclear actin,actin filament phenotype,CMPO_0000104
1093688984,G21,Homo sapiens,NCBITaxon,9606,HeLa,EFO,EFO_0001185,,,,,SN1140249037,0.001,5979,RET,,,Pass,Hoechst:DNA; Alexa Fluor 488 phalloidin:actin; mScarlet:fascin; iRFP:nuclear actin chromobody (nAC),25.87044525,-48.6616096,,Yes,compound response across 12 wells,active,active,Nuclear fascin,regulation of protein localization to nucleus,GO_1900180,Nuclear actin,actin filament phenotype,CMPO_0000104
1093688984,G22,Homo sapiens,NCBITaxon,9606,HeLa,EFO,EFO_0001185,,,,,SN1140249037,0.0003,5979,RET,,,Pass,Hoechst:DNA; Alexa Fluor 488 phalloidin:actin; mScarlet:fascin; iRFP:nuclear actin chromobody (nAC),8.204398155,-11.3444462,,Yes,compound response across 12 wells,active,active,Nuclear fascin,regulation of protein localization to nucleus,GO_1900180,Nuclear actin,actin filament phenotype,CMPO_0000104
1093688984,G23,Homo sapiens,NCBITaxon,9606,HeLa,EFO,EFO_0001185,,,,,SN1140249037,0.00003,5979,RET,,,Pass,Hoechst:DNA; Alexa Fluor 488 phalloidin:actin; mScarlet:fascin; iRFP:nuclear actin chromobody (nAC),5.566297531,-39.3756485,,Yes,compound response across 12 wells,active,active,Nuclear fascin,regulation of protein localization to nucleus,GO_1900180,Nuclear actin,actin filament phenotype,CMPO_0000104
1093688984,G24,Homo sapiens,NCBITaxon,9606,HeLa,EFO,EFO_0001185,,,,,SN1105187427,30,7311,UBA52,,,Pass,Hoechst:DNA; Alexa Fluor 488 phalloidin:actin; mScarlet:fascin; iRFP:nuclear actin chromobody (nAC),22.25883484,-29.0235233,,,compound response across 12 wells,inactive,inactive,,,,,,
1093688984,H1,Homo sapiens,NCBITaxon,9606,HeLa,EFO,EFO_0001185,,,,,SN1105187427,10,7311,UBA52,,,Pass,Hoechst:DNA; Alexa Fluor 488 phalloidin:actin; mScarlet:fascin; iRFP:nuclear actin chromobody (nAC),107.3911209,-136.907974,,,compound response across 12 wells,inactive,inactive,,,,,,
1093688984,H2,Homo sapiens,NCBITaxon,9606,HeLa,EFO,EFO_0001185,DMSO,679,IAZDPXIOMUYVGZ-UHFFFAOYSA-N,CS(=O)C,,,,,Neutral Control,,Pass,Hoechst:DNA; Alexa Fluor 488 phalloidin:actin; mScarlet:fascin; iRFP:nuclear actin chromobody (nAC),1.078109503,-17.2848015,,,,,,,,,,,
1093688984,H3,Homo sapiens,NCBITaxon,9606,HeLa,EFO,EFO_0001185,,,,,,,,,Stimulator Control,Leptomycin b blocks nuclear export of fascin,Pass,Hoechst:DNA; Alexa Fluor 488 phalloidin:actin; mScarlet:fascin; iRFP:nuclear actin chromobody (nAC),103.0028458,-18.6855068,,,,,,,,,,,
1093688984,H4,Homo sapiens,NCBITaxon,9606,HeLa,EFO,EFO_0001185,DMSO,679,IAZDPXIOMUYVGZ-UHFFFAOYSA-N,CS(=O)C,,,,,Neutral Control,,Pass,Hoechst:DNA; Alexa Fluor 488 phalloidin:actin; mScarlet:fascin; iRFP:nuclear actin chromobody (nAC),6.68633604,21.53251648,,,,,,,,,,,
1093688984,H5,Homo sapiens,NCBITaxon,9606,HeLa,EFO,EFO_0001185,,,,,SN1105187427,3.125,7311,UBA52,,,Pass,Hoechst:DNA; Alexa Fluor 488 phalloidin:actin; mScarlet:fascin; iRFP:nuclear actin chromobody (nAC),11.83110905,-30.8013306,,,compound response across 12 wells,inactive,inactive,,,,,,
1093688984,H6,Homo sapiens,NCBITaxon,9606,HeLa,EFO,EFO_0001185,,,,,SN1105187427,1.25,7311,UBA52,,,Pass,Hoechst:DNA; Alexa Fluor 488 phalloidin:actin; mScarlet:fascin; iRFP:nuclear actin chromobody (nAC),12.27142715,3.076637983,,,compound response across 12 wells,inactive,inactive,,,,,,
1093688984,H7,Homo sapiens,NCBITaxon,9606,HeLa,EFO,EFO_0001185,,,,,SN1105187427,0.3,7311,UBA52,,,Pass,Hoechst:DNA; Alexa Fluor 488 phalloidin:actin; mScarlet:fascin; iRFP:nuclear actin chromobody (nAC),13.99160671,15.61041832,,,compound response across 12 wells,inactive,inactive,,,,,,
1093688984,H8,Homo sapiens,NCBITaxon,9606,HeLa,EFO,EFO_0001185,,,,,SN1105187427,0.1,7311,UBA52,,,Pass,Hoechst:DNA; Alexa Fluor 488 phalloidin:actin; mScarlet:fascin; iRFP:nuclear actin chromobody (nAC),3.594686031,-22.483532,,,compound response across 12 wells,inactive,inactive,,,,,,
1093688984,H9,Homo sapiens,NCBITaxon,9606,HeLa,EFO,EFO_0001185,,,,,SN1105187427,0.03,7311,UBA52,,,Pass,Hoechst:DNA; Alexa Fluor 488 phalloidin:actin; mScarlet:fascin; iRFP:nuclear actin chromobody (nAC),1.22435379,-16.5664139,,,compound response across 12 wells,inactive,inactive,,,,,,
1093688984,H10,Homo sapiens,NCBITaxon,9606,HeLa,EFO,EFO_0001185,,,,,SN1105187427,0.0125,7311,UBA52,,,Pass,Hoechst:DNA; Alexa Fluor 488 phalloidin:actin; mScarlet:fascin; iRFP:nuclear actin chromobody (nAC),14.20868397,2.65316081,,,compound response across 12 wells,inactive,inactive,,,,,,
1093688984,H11,Homo sapiens,NCBITaxon,9606,HeLa,EFO,EFO_0001185,,,,,SN1105187427,0.003,7311,UBA52,,,Pass,Hoechst:DNA; Alexa Fluor 488 phalloidin:actin; mScarlet:fascin; iRFP:nuclear actin chromobody (nAC),10.12490559,17.04112244,,,compound response across 12 wells,inactive,inactive,,,,,,
1093688984,H12,Homo sapiens,NCBITaxon,9606,HeLa,EFO,EFO_0001185,,,,,SN1105187427,0.001,7311,UBA52,,,Pass,Hoechst:DNA; Alexa Fluor 488 phalloidin:actin; mScarlet:fascin; iRFP:nuclear actin chromobody (nAC),14.88572693,-22.7261028,,,compound response across 12 wells,inactive,inactive,,,,,,
1093688984,H13,Homo sapiens,NCBITaxon,9606,HeLa,EFO,EFO_0001185,,,,,SN1105187427,0.0003,7311,UBA52,,,Pass,Hoechst:DNA; Alexa Fluor 488 phalloidin:actin; mScarlet:fascin; iRFP:nuclear actin chromobody (nAC),10.18119144,-5.1560092,,,compound response across 12 wells,inactive,inactive,,,,,,
1093688984,H14,Homo sapiens,NCBITaxon,9606,HeLa,EFO,EFO_0001185,,,,,SN1105187427,0.00003,7311,UBA52,,,Pass,Hoechst:DNA; Alexa Fluor 488 phalloidin:actin; mScarlet:fascin; iRFP:nuclear actin chromobody (nAC),6.972628593,-1.79418325,,,compound response across 12 wells,inactive,inactive,,,,,,
1093688984,H15,Homo sapiens,NCBITaxon,9606,HeLa,EFO,EFO_0001185,,,,,SN1109368592,30,904,CCNT1,,,Pass,Hoechst:DNA; Alexa Fluor 488 phalloidin:actin; mScarlet:fascin; iRFP:nuclear actin chromobody (nAC),71.8175354,60.80256653,,Yes,compound response across 12 wells,active,inactive,Nuclear fascin,regulation of protein localization to nucleus,GO_1900180,,,
1093688984,H16,Homo sapiens,NCBITaxon,9606,HeLa,EFO,EFO_0001185,,,,,SN1109368592,10,904,CCNT1,,,Pass,Hoechst:DNA; Alexa Fluor 488 phalloidin:actin; mScarlet:fascin; iRFP:nuclear actin chromobody (nAC),127.5202179,-106.626465,,Yes,compound response across 12 wells,active,inactive,Nuclear fascin,regulation of protein localization to nucleus,GO_1900180,,,
1093688984,H17,Homo sapiens,NCBITaxon,9606,HeLa,EFO,EFO_0001185,,,,,SN1109368592,3.125,904,CCNT1,,,Pass,Hoechst:DNA; Alexa Fluor 488 phalloidin:actin; mScarlet:fascin; iRFP:nuclear actin chromobody (nAC),67.04793549,-264.427032,,Yes,compound response across 12 wells,active,inactive,Nuclear fascin,regulation of protein localization to nucleus,GO_1900180,,,
1093688984,H18,Homo sapiens,NCBITaxon,9606,HeLa,EFO,EFO_0001185,,,,,SN1109368592,1.25,904,CCNT1,,,Pass,Hoechst:DNA; Alexa Fluor 488 phalloidin:actin; mScarlet:fascin; iRFP:nuclear actin chromobody (nAC),52.44411087,41.04238892,,Yes,compound response across 12 wells,active,inactive,Nuclear fascin,regulation of protein localization to nucleus,GO_1900180,,,
1093688984,H19,Homo sapiens,NCBITaxon,9606,HeLa,EFO,EFO_0001185,,,,,SN1109368592,0.3,904,CCNT1,,,Pass,Hoechst:DNA; Alexa Fluor 488 phalloidin:actin; mScarlet:fascin; iRFP:nuclear actin chromobody (nAC),31.78165054,5.325695992,,Yes,compound response across 12 wells,active,inactive,Nuclear fascin,regulation of protein localization to nucleus,GO_1900180,,,
1093688984,H20,Homo sapiens,NCBITaxon,9606,HeLa,EFO,EFO_0001185,,,,,SN1109368592,0.1,904,CCNT1,,,Pass,Hoechst:DNA; Alexa Fluor 488 phalloidin:actin; mScarlet:fascin; iRFP:nuclear actin chromobody (nAC),13.03212166,-20.8017921,,Yes,compound response across 12 wells,active,inactive,Nuclear fascin,regulation of protein localization to nucleus,GO_1900180,,,
1093688984,H21,Homo sapiens,NCBITaxon,9606,HeLa,EFO,EFO_0001185,,,,,SN1109368592,0.03,904,CCNT1,,,Pass,Hoechst:DNA; Alexa Fluor 488 phalloidin:actin; mScarlet:fascin; iRFP:nuclear actin chromobody (nAC),15.06637287,-52.0681038,,Yes,compound response across 12 wells,active,inactive,Nuclear fascin,regulation of protein localization to nucleus,GO_1900180,,,
1093688984,H22,Homo sapiens,NCBITaxon,9606,HeLa,EFO,EFO_0001185,,,,,SN1109368592,0.0125,904,CCNT1,,,Pass,Hoechst:DNA; Alexa Fluor 488 phalloidin:actin; mScarlet:fascin; iRFP:nuclear actin chromobody (nAC),11.19778633,-28.2103081,,Yes,compound response across 12 wells,active,inactive,Nuclear fascin,regulation of protein localization to nucleus,GO_1900180,,,
1093688984,H23,Homo sapiens,NCBITaxon,9606,HeLa,EFO,EFO_0001185,,,,,SN1109368592,0.003,904,CCNT1,,,Pass,Hoechst:DNA; Alexa Fluor 488 phalloidin:actin; mScarlet:fascin; iRFP:nuclear actin chromobody (nAC),9.806698799,-36.4371872,,Yes,compound response across 12 wells,active,inactive,Nuclear fascin,regulation of protein localization to nucleus,GO_1900180,,,
1093688984,H24,Homo sapiens,NCBITaxon,9606,HeLa,EFO,EFO_0001185,,,,,SN1109368592,0.001,904,CCNT1,,,Pass,Hoechst:DNA; Alexa Fluor 488 phalloidin:actin; mScarlet:fascin; iRFP:nuclear actin chromobody (nAC),15.50238037,-31.0677452,,Yes,compound response across 12 wells,active,inactive,Nuclear fascin,regulation of protein localization to nucleus,GO_1900180,,,
1093688984,I1,Homo sapiens,NCBITaxon,9606,HeLa,EFO,EFO_0001185,,,,,SN1109368592,0.0003,904,CCNT1,,,Pass,Hoechst:DNA; Alexa Fluor 488 phalloidin:actin; mScarlet:fascin; iRFP:nuclear actin chromobody (nAC),18.66080475,-22.3938313,,Yes,compound response across 12 wells,active,inactive,Nuclear fascin,regulation of protein localization to nucleus,GO_1900180,,,
1093688984,I2,Homo sapiens,NCBITaxon,9606,HeLa,EFO,EFO_0001185,,,,,SN1109368592,0.00003,904,CCNT1,,,Pass,Hoechst:DNA; Alexa Fluor 488 phalloidin:actin; mScarlet:fascin; iRFP:nuclear actin chromobody (nAC),10.16968727,-19.3397007,,Yes,compound response across 12 wells,active,inactive,Nuclear fascin,regulation of protein localization to nucleus,GO_1900180,,,
1093688984,I3,Homo sapiens,NCBITaxon,9606,HeLa,EFO,EFO_0001185,,,,,SN1058312652,30,8621,CDK13,,,Pass,Hoechst:DNA; Alexa Fluor 488 phalloidin:actin; mScarlet:fascin; iRFP:nuclear actin chromobody (nAC),96.81263733,-103.461494,,Yes,compound response across 12 wells,active,active,Nuclear fascin,regulation of protein localization to nucleus,GO_1900180,Nuclear actin,actin filament phenotype,CMPO_0000104
1093688984,I4,Homo sapiens,NCBITaxon,9606,HeLa,EFO,EFO_0001185,,,,,SN1058312652,10,8621,CDK13,,,Pass,Hoechst:DNA; Alexa Fluor 488 phalloidin:actin; mScarlet:fascin; iRFP:nuclear actin chromobody (nAC),85.14916229,-20.4880257,,Yes,compound response across 12 wells,active,active,Nuclear fascin,regulation of protein localization to nucleus,GO_1900180,Nuclear actin,actin filament phenotype,CMPO_0000104
1093688984,I5,Homo sapiens,NCBITaxon,9606,HeLa,EFO,EFO_0001185,,,,,SN1058312652,3.125,8621,CDK13,,,Pass,Hoechst:DNA; Alexa Fluor 488 phalloidin:actin; mScarlet:fascin; iRFP:nuclear actin chromobody (nAC),46.59269333,-71.903511,,Yes,compound response across 12 wells,active,active,Nuclear fascin,regulation of protein localization to nucleus,GO_1900180,Nuclear actin,actin filament phenotype,CMPO_0000104
1093688984,I6,Homo sapiens,NCBITaxon,9606,HeLa,EFO,EFO_0001185,,,,,SN1058312652,1.25,8621,CDK13,,,Pass,Hoechst:DNA; Alexa Fluor 488 phalloidin:actin; mScarlet:fascin; iRFP:nuclear actin chromobody (nAC),58.5938797,15.0734663,,Yes,compound response across 12 wells,active,active,Nuclear fascin,regulation of protein localization to nucleus,GO_1900180,Nuclear actin,actin filament phenotype,CMPO_0000104
1093688984,I7,Homo sapiens,NCBITaxon,9606,HeLa,EFO,EFO_0001185,,,,,SN1058312652,0.3,8621,CDK13,,,Pass,Hoechst:DNA; Alexa Fluor 488 phalloidin:actin; mScarlet:fascin; iRFP:nuclear actin chromobody (nAC),-11.83546734,16.72422218,,Yes,compound response across 12 wells,active,active,Nuclear fascin,regulation of protein localization to nucleus,GO_1900180,Nuclear actin,actin filament phenotype,CMPO_0000104
1093688984,I8,Homo sapiens,NCBITaxon,9606,HeLa,EFO,EFO_0001185,,,,,SN1058312652,0.1,8621,CDK13,,,Pass,Hoechst:DNA; Alexa Fluor 488 phalloidin:actin; mScarlet:fascin; iRFP:nuclear actin chromobody (nAC),-13.15599155,8.136077881,,Yes,compound response across 12 wells,active,active,Nuclear fascin,regulation of protein localization to nucleus,GO_1900180,Nuclear actin,actin filament phenotype,CMPO_0000104
1093688984,I9,Homo sapiens,NCBITaxon,9606,HeLa,EFO,EFO_0001185,,,,,SN1058312652,0.03,8621,CDK13,,,Pass,Hoechst:DNA; Alexa Fluor 488 phalloidin:actin; mScarlet:fascin; iRFP:nuclear actin chromobody (nAC),-4.576783657,-28.0203953,,Yes,compound response across 12 wells,active,active,Nuclear fascin,regulation of protein localization to nucleus,GO_1900180,Nuclear actin,actin filament phenotype,CMPO_0000104
1093688984,I10,Homo sapiens,NCBITaxon,9606,HeLa,EFO,EFO_0001185,,,,,SN1058312652,0.0125,8621,CDK13,,,Pass,Hoechst:DNA; Alexa Fluor 488 phalloidin:actin; mScarlet:fascin; iRFP:nuclear actin chromobody (nAC),4.202766895,6.631731033,,Yes,compound response across 12 wells,active,active,Nuclear fascin,regulation of protein localization to nucleus,GO_1900180,Nuclear actin,actin filament phenotype,CMPO_0000104
1093688984,I11,Homo sapiens,NCBITaxon,9606,HeLa,EFO,EFO_0001185,,,,,SN1058312652,0.003,8621,CDK13,,,Pass,Hoechst:DNA; Alexa Fluor 488 phalloidin:actin; mScarlet:fascin; iRFP:nuclear actin chromobody (nAC),2.789685249,16.38152885,,Yes,compound response across 12 wells,active,active,Nuclear fascin,regulation of protein localization to nucleus,GO_1900180,Nuclear actin,actin filament phenotype,CMPO_0000104
1093688984,I12,Homo sapiens,NCBITaxon,9606,HeLa,EFO,EFO_0001185,,,,,SN1058312652,0.001,8621,CDK13,,,Pass,Hoechst:DNA; Alexa Fluor 488 phalloidin:actin; mScarlet:fascin; iRFP:nuclear actin chromobody (nAC),-0.808360279,16.76626968,,Yes,compound response across 12 wells,active,active,Nuclear fascin,regulation of protein localization to nucleus,GO_1900180,Nuclear actin,actin filament phenotype,CMPO_0000104
1093688984,I13,Homo sapiens,NCBITaxon,9606,HeLa,EFO,EFO_0001185,,,,,SN1058312652,0.0003,8621,CDK13,,,Pass,Hoechst:DNA; Alexa Fluor 488 phalloidin:actin; mScarlet:fascin; iRFP:nuclear actin chromobody (nAC),1.903250933,-1.81261396,,Yes,compound response across 12 wells,active,active,Nuclear fascin,regulation of protein localization to nucleus,GO_1900180,Nuclear actin,actin filament phenotype,CMPO_0000104
1093688984,I14,Homo sapiens,NCBITaxon,9606,HeLa,EFO,EFO_0001185,,,,,SN1058312652,0.00003,8621,CDK13,,,Pass,Hoechst:DNA; Alexa Fluor 488 phalloidin:actin; mScarlet:fascin; iRFP:nuclear actin chromobody (nAC),4.283930779,-21.49897,,Yes,compound response across 12 wells,active,active,Nuclear fascin,regulation of protein localization to nucleus,GO_1900180,Nuclear actin,actin filament phenotype,CMPO_0000104
1093688984,I15,Homo sapiens,NCBITaxon,9606,HeLa,EFO,EFO_0001185,,,,,SN0206299846,30,898,CCNE1,,,Pass,Hoechst:DNA; Alexa Fluor 488 phalloidin:actin; mScarlet:fascin; iRFP:nuclear actin chromobody (nAC),178.1757355,,,Yes,compound response across 12 wells,active,inactive,Nuclear fascin,regulation of protein localization to nucleus,GO_1900180,,,
1093688984,I16,Homo sapiens,NCBITaxon,9606,HeLa,EFO,EFO_0001185,,,,,SN0206299846,10,898,CCNE1,,,Pass,Hoechst:DNA; Alexa Fluor 488 phalloidin:actin; mScarlet:fascin; iRFP:nuclear actin chromobody (nAC),156.0408783,,,Yes,compound response across 12 wells,active,inactive,Nuclear fascin,regulation of protein localization to nucleus,GO_1900180,,,
1093688984,I17,Homo sapiens,NCBITaxon,9606,HeLa,EFO,EFO_0001185,DMSO,679,IAZDPXIOMUYVGZ-UHFFFAOYSA-N,CS(=O)C,,,,,Neutral Control,,Pass,Hoechst:DNA; Alexa Fluor 488 phalloidin:actin; mScarlet:fascin; iRFP:nuclear actin chromobody (nAC),2.923363447,-11.840126,,,,,,,,,,,
1093688984,I18,Homo sapiens,NCBITaxon,9606,HeLa,EFO,EFO_0001185,,,,,,,,,Stimulator Control,Leptomycin b blocks nuclear export of fascin,Pass,Hoechst:DNA; Alexa Fluor 488 phalloidin:actin; mScarlet:fascin; iRFP:nuclear actin chromobody (nAC),103.2815475,-3.29546595,,,,,,,,,,,
1093688984,I19,Homo sapiens,NCBITaxon,9606,HeLa,EFO,EFO_0001185,DMSO,679,IAZDPXIOMUYVGZ-UHFFFAOYSA-N,CS(=O)C,,,,,Neutral Control,,Pass,Hoechst:DNA; Alexa Fluor 488 phalloidin:actin; mScarlet:fascin; iRFP:nuclear actin chromobody (nAC),-4.936666012,-15.2740622,,,,,,,,,,,
1093688984,I20,Homo sapiens,NCBITaxon,9606,HeLa,EFO,EFO_0001185,,,,,SN0206299846,3.125,898,CCNE1,,,Pass,Hoechst:DNA; Alexa Fluor 488 phalloidin:actin; mScarlet:fascin; iRFP:nuclear actin chromobody (nAC),74.02744293,-43.6071815,,Yes,compound response across 12 wells,active,inactive,Nuclear fascin,regulation of protein localization to nucleus,GO_1900180,,,
1093688984,I21,Homo sapiens,NCBITaxon,9606,HeLa,EFO,EFO_0001185,,,,,SN0206299846,1.25,898,CCNE1,,,Pass,Hoechst:DNA; Alexa Fluor 488 phalloidin:actin; mScarlet:fascin; iRFP:nuclear actin chromobody (nAC),13.48931503,3.50436759,,Yes,compound response across 12 wells,active,inactive,Nuclear fascin,regulation of protein localization to nucleus,GO_1900180,,,
1093688984,I22,Homo sapiens,NCBITaxon,9606,HeLa,EFO,EFO_0001185,,,,,SN0206299846,0.3,898,CCNE1,,,Pass,Hoechst:DNA; Alexa Fluor 488 phalloidin:actin; mScarlet:fascin; iRFP:nuclear actin chromobody (nAC),-4.427940845,-54.4491959,,Yes,compound response across 12 wells,active,inactive,Nuclear fascin,regulation of protein localization to nucleus,GO_1900180,,,
1093688984,I23,Homo sapiens,NCBITaxon,9606,HeLa,EFO,EFO_0001185,,,,,SN0206299846,0.1,898,CCNE1,,,Pass,Hoechst:DNA; Alexa Fluor 488 phalloidin:actin; mScarlet:fascin; iRFP:nuclear actin chromobody (nAC),-1.42442739,-60.8006973,,Yes,compound response across 12 wells,active,inactive,Nuclear fascin,regulation of protein localization to nucleus,GO_1900180,,,
1093688984,I24,Homo sapiens,NCBITaxon,9606,HeLa,EFO,EFO_0001185,,,,,SN0206299846,0.03,898,CCNE1,,,Pass,Hoechst:DNA; Alexa Fluor 488 phalloidin:actin; mScarlet:fascin; iRFP:nuclear actin chromobody (nAC),0.648424983,-32.5629387,,Yes,compound response across 12 wells,active,inactive,Nuclear fascin,regulation of protein localization to nucleus,GO_1900180,,,
1093688984,J1,Homo sapiens,NCBITaxon,9606,HeLa,EFO,EFO_0001185,,,,,SN0206299846,0.0125,898,CCNE1,,,Pass,Hoechst:DNA; Alexa Fluor 488 phalloidin:actin; mScarlet:fascin; iRFP:nuclear actin chromobody (nAC),13.60084057,-28.7574177,,Yes,compound response across 12 wells,active,inactive,Nuclear fascin,regulation of protein localization to nucleus,GO_1900180,,,
1093688984,J2,Homo sapiens,NCBITaxon,9606,HeLa,EFO,EFO_0001185,,,,,SN0206299846,0.003,898,CCNE1,,,Pass,Hoechst:DNA; Alexa Fluor 488 phalloidin:actin; mScarlet:fascin; iRFP:nuclear actin chromobody (nAC),0.30665493,-34.4929543,,Yes,compound response across 12 wells,active,inactive,Nuclear fascin,regulation of protein localization to nucleus,GO_1900180,,,
1093688984,J3,Homo sapiens,NCBITaxon,9606,HeLa,EFO,EFO_0001185,,,,,SN0206299846,0.001,898,CCNE1,,,Pass,Hoechst:DNA; Alexa Fluor 488 phalloidin:actin; mScarlet:fascin; iRFP:nuclear actin chromobody (nAC),4.874026299,-39.1855392,,Yes,compound response across 12 wells,active,inactive,Nuclear fascin,regulation of protein localization to nucleus,GO_1900180,,,
1093688984,J4,Homo sapiens,NCBITaxon,9606,HeLa,EFO,EFO_0001185,,,,,SN0206299846,0.0003,898,CCNE1,,,Pass,Hoechst:DNA; Alexa Fluor 488 phalloidin:actin; mScarlet:fascin; iRFP:nuclear actin chromobody (nAC),9.944274902,-5.25922537,,Yes,compound response across 12 wells,active,inactive,Nuclear fascin,regulation of protein localization to nucleus,GO_1900180,,,
1093688984,J5,Homo sapiens,NCBITaxon,9606,HeLa,EFO,EFO_0001185,,,,,SN0206299846,0.00003,898,CCNE1,,,Pass,Hoechst:DNA; Alexa Fluor 488 phalloidin:actin; mScarlet:fascin; iRFP:nuclear actin chromobody (nAC),3.678544044,-39.3876534,,Yes,compound response across 12 wells,active,inactive,Nuclear fascin,regulation of protein localization to nucleus,GO_1900180,,,
1093688984,J6,Homo sapiens,NCBITaxon,9606,HeLa,EFO,EFO_0001185,DMSO,679,IAZDPXIOMUYVGZ-UHFFFAOYSA-N,CS(=O)C,,,,,Neutral Control,,Pass,Hoechst:DNA; Alexa Fluor 488 phalloidin:actin; mScarlet:fascin; iRFP:nuclear actin chromobody (nAC),-14.37926769,-12.2509041,,,,,,,,,,,
1093688984,J7,Homo sapiens,NCBITaxon,9606,HeLa,EFO,EFO_0001185,,,,,,,,,Stimulator Control,Leptomycin b blocks nuclear export of fascin,Pass,Hoechst:DNA; Alexa Fluor 488 phalloidin:actin; mScarlet:fascin; iRFP:nuclear actin chromobody (nAC),96.54537964,-41.2053185,,,,,,,,,,,
1093688984,J8,Homo sapiens,NCBITaxon,9606,HeLa,EFO,EFO_0001185,DMSO,679,IAZDPXIOMUYVGZ-UHFFFAOYSA-N,CS(=O)C,,,,,Neutral Control,,Pass,Hoechst:DNA; Alexa Fluor 488 phalloidin:actin; mScarlet:fascin; iRFP:nuclear actin chromobody (nAC),2.72368598,28.93929672,,,,,,,,,,,
1093688984,J9,Homo sapiens,NCBITaxon,9606,HeLa,EFO,EFO_0001185,,,,,SN1066041816,30,898,CCNE1,,,Fail,Hoechst:DNA; Alexa Fluor 488 phalloidin:actin; mScarlet:fascin; iRFP:nuclear actin chromobody (nAC),216.161026,-66.6734238,,Yes,compound response across 12 wells,active,inactive,Nuclear fascin,regulation of protein localization to nucleus,GO_1900180,,,
1093688984,J10,Homo sapiens,NCBITaxon,9606,HeLa,EFO,EFO_0001185,,,,,SN1066041816,10,898,CCNE1,,,Pass,Hoechst:DNA; Alexa Fluor 488 phalloidin:actin; mScarlet:fascin; iRFP:nuclear actin chromobody (nAC),42.6801796,,,Yes,compound response across 12 wells,active,inactive,Nuclear fascin,regulation of protein localization to nucleus,GO_1900180,,,
1093688984,J11,Homo sapiens,NCBITaxon,9606,HeLa,EFO,EFO_0001185,,,,,SN1066041816,3.125,898,CCNE1,,,Pass,Hoechst:DNA; Alexa Fluor 488 phalloidin:actin; mScarlet:fascin; iRFP:nuclear actin chromobody (nAC),39.88070297,-88.8569794,,Yes,compound response across 12 wells,active,inactive,Nuclear fascin,regulation of protein localization to nucleus,GO_1900180,,,
1093688984,J12,Homo sapiens,NCBITaxon,9606,HeLa,EFO,EFO_0001185,,,,,SN1066041816,1.25,898,CCNE1,,,Pass,Hoechst:DNA; Alexa Fluor 488 phalloidin:actin; mScarlet:fascin; iRFP:nuclear actin chromobody (nAC),68.72192383,,,Yes,compound response across 12 wells,active,inactive,Nuclear fascin,regulation of protein localization to nucleus,GO_1900180,,,
1093688984,J13,Homo sapiens,NCBITaxon,9606,HeLa,EFO,EFO_0001185,,,,,SN1066041816,0.3,898,CCNE1,,,Pass,Hoechst:DNA; Alexa Fluor 488 phalloidin:actin; mScarlet:fascin; iRFP:nuclear actin chromobody (nAC),109.3387146,-157.20076,,Yes,compound response across 12 wells,active,inactive,Nuclear fascin,regulation of protein localization to nucleus,GO_1900180,,,
1093688984,J14,Homo sapiens,NCBITaxon,9606,HeLa,EFO,EFO_0001185,,,,,SN1066041816,0.1,898,CCNE1,,,Pass,Hoechst:DNA; Alexa Fluor 488 phalloidin:actin; mScarlet:fascin; iRFP:nuclear actin chromobody (nAC),30.61193466,-2.05241251,,Yes,compound response across 12 wells,active,inactive,Nuclear fascin,regulation of protein localization to nucleus,GO_1900180,,,
1093688984,J15,Homo sapiens,NCBITaxon,9606,HeLa,EFO,EFO_0001185,,,,,SN1066041816,0.03,898,CCNE1,,,Pass,Hoechst:DNA; Alexa Fluor 488 phalloidin:actin; mScarlet:fascin; iRFP:nuclear actin chromobody (nAC),22.914011,-28.3095284,,Yes,compound response across 12 wells,active,inactive,Nuclear fascin,regulation of protein localization to nucleus,GO_1900180,,,
1093688984,J16,Homo sapiens,NCBITaxon,9606,HeLa,EFO,EFO_0001185,,,,,SN1066041816,0.0125,898,CCNE1,,,Pass,Hoechst:DNA; Alexa Fluor 488 phalloidin:actin; mScarlet:fascin; iRFP:nuclear actin chromobody (nAC),27.00577545,-14.7525177,,Yes,compound response across 12 wells,active,inactive,Nuclear fascin,regulation of protein localization to nucleus,GO_1900180,,,
1093688984,J17,Homo sapiens,NCBITaxon,9606,HeLa,EFO,EFO_0001185,,,,,SN1066041816,0.003,898,CCNE1,,,Pass,Hoechst:DNA; Alexa Fluor 488 phalloidin:actin; mScarlet:fascin; iRFP:nuclear actin chromobody (nAC),4.014229298,-16.8392696,,Yes,compound response across 12 wells,active,inactive,Nuclear fascin,regulation of protein localization to nucleus,GO_1900180,,,
1093688984,J18,Homo sapiens,NCBITaxon,9606,HeLa,EFO,EFO_0001185,,,,,SN1066041816,0.001,898,CCNE1,,,Pass,Hoechst:DNA; Alexa Fluor 488 phalloidin:actin; mScarlet:fascin; iRFP:nuclear actin chromobody (nAC),15.81237888,-3.30231047,,Yes,compound response across 12 wells,active,inactive,Nuclear fascin,regulation of protein localization to nucleus,GO_1900180,,,
1093688984,J19,Homo sapiens,NCBITaxon,9606,HeLa,EFO,EFO_0001185,,,,,SN1066041816,0.0003,898,CCNE1,,,Pass,Hoechst:DNA; Alexa Fluor 488 phalloidin:actin; mScarlet:fascin; iRFP:nuclear actin chromobody (nAC),13.8169508,-13.9326334,,Yes,compound response across 12 wells,active,inactive,Nuclear fascin,regulation of protein localization to nucleus,GO_1900180,,,
1093688984,J20,Homo sapiens,NCBITaxon,9606,HeLa,EFO,EFO_0001185,,,,,SN1066041816,0.00003,898,CCNE1,,,Pass,Hoechst:DNA; Alexa Fluor 488 phalloidin:actin; mScarlet:fascin; iRFP:nuclear actin chromobody (nAC),9.396980286,-11.509985,,Yes,compound response across 12 wells,active,inactive,Nuclear fascin,regulation of protein localization to nucleus,GO_1900180,,,
1093688984,J21,Homo sapiens,NCBITaxon,9606,HeLa,EFO,EFO_0001185,,,,,SN0046318497,30,,,,,Pass,Hoechst:DNA; Alexa Fluor 488 phalloidin:actin; mScarlet:fascin; iRFP:nuclear actin chromobody (nAC),46.21856689,,Yes,Yes,compound response across 12 wells,active,inactive,Nuclear fascin,regulation of protein localization to nucleus,GO_1900180,,,
1093688984,J22,Homo sapiens,NCBITaxon,9606,HeLa,EFO,EFO_0001185,,,,,SN0046318497,10,,,,,Pass,Hoechst:DNA; Alexa Fluor 488 phalloidin:actin; mScarlet:fascin; iRFP:nuclear actin chromobody (nAC),80.5692749,-74.7932205,Yes,Yes,compound response across 12 wells,active,inactive,Nuclear fascin,regulation of protein localization to nucleus,GO_1900180,,,
1093688984,J23,Homo sapiens,NCBITaxon,9606,HeLa,EFO,EFO_0001185,,,,,SN0046318497,3.125,,,,,Pass,Hoechst:DNA; Alexa Fluor 488 phalloidin:actin; mScarlet:fascin; iRFP:nuclear actin chromobody (nAC),93.57003784,-2.7207675,Yes,Yes,compound response across 12 wells,active,inactive,Nuclear fascin,regulation of protein localization to nucleus,GO_1900180,,,
1093688984,J24,Homo sapiens,NCBITaxon,9606,HeLa,EFO,EFO_0001185,,,,,SN0046318497,1.25,,,,,Pass,Hoechst:DNA; Alexa Fluor 488 phalloidin:actin; mScarlet:fascin; iRFP:nuclear actin chromobody (nAC),62.27863693,28.63711166,Yes,Yes,compound response across 12 wells,active,inactive,Nuclear fascin,regulation of protein localization to nucleus,GO_1900180,,,
1093688984,K1,Homo sapiens,NCBITaxon,9606,HeLa,EFO,EFO_0001185,,,,,SN0046318497,0.3,,,,,Pass,Hoechst:DNA; Alexa Fluor 488 phalloidin:actin; mScarlet:fascin; iRFP:nuclear actin chromobody (nAC),-8.322990417,-3.02954173,Yes,Yes,compound response across 12 wells,active,inactive,Nuclear fascin,regulation of protein localization to nucleus,GO_1900180,,,
1093688984,K2,Homo sapiens,NCBITaxon,9606,HeLa,EFO,EFO_0001185,,,,,SN0046318497,0.1,,,,,Pass,Hoechst:DNA; Alexa Fluor 488 phalloidin:actin; mScarlet:fascin; iRFP:nuclear actin chromobody (nAC),8.459774971,-6.11584377,Yes,Yes,compound response across 12 wells,active,inactive,Nuclear fascin,regulation of protein localization to nucleus,GO_1900180,,,
1093688984,K3,Homo sapiens,NCBITaxon,9606,HeLa,EFO,EFO_0001185,,,,,SN0046318497,0.03,,,,,Pass,Hoechst:DNA; Alexa Fluor 488 phalloidin:actin; mScarlet:fascin; iRFP:nuclear actin chromobody (nAC),-2.573163271,-40.2807961,Yes,Yes,compound response across 12 wells,active,inactive,Nuclear fascin,regulation of protein localization to nucleus,GO_1900180,,,
1093688984,K4,Homo sapiens,NCBITaxon,9606,HeLa,EFO,EFO_0001185,,,,,SN0046318497,0.0125,,,,,Pass,Hoechst:DNA; Alexa Fluor 488 phalloidin:actin; mScarlet:fascin; iRFP:nuclear actin chromobody (nAC),8.851238251,-35.1839066,Yes,Yes,compound response across 12 wells,active,inactive,Nuclear fascin,regulation of protein localization to nucleus,GO_1900180,,,
1093688984,K5,Homo sapiens,NCBITaxon,9606,HeLa,EFO,EFO_0001185,,,,,SN0046318497,0.003,,,,,Pass,Hoechst:DNA; Alexa Fluor 488 phalloidin:actin; mScarlet:fascin; iRFP:nuclear actin chromobody (nAC),10.98327637,15.58855057,Yes,Yes,compound response across 12 wells,active,inactive,Nuclear fascin,regulation of protein localization to nucleus,GO_1900180,,,
1093688984,K6,Homo sapiens,NCBITaxon,9606,HeLa,EFO,EFO_0001185,,,,,SN0046318497,0.001,,,,,Pass,Hoechst:DNA; Alexa Fluor 488 phalloidin:actin; mScarlet:fascin; iRFP:nuclear actin chromobody (nAC),8.08501339,-21.9254246,Yes,Yes,compound response across 12 wells,active,inactive,Nuclear fascin,regulation of protein localization to nucleus,GO_1900180,,,
1093688984,K7,Homo sapiens,NCBITaxon,9606,HeLa,EFO,EFO_0001185,,,,,SN0046318497,0.0003,,,,,Pass,Hoechst:DNA; Alexa Fluor 488 phalloidin:actin; mScarlet:fascin; iRFP:nuclear actin chromobody (nAC),16.83421898,-23.4642029,Yes,Yes,compound response across 12 wells,active,inactive,Nuclear fascin,regulation of protein localization to nucleus,GO_1900180,,,
1093688984,K8,Homo sapiens,NCBITaxon,9606,HeLa,EFO,EFO_0001185,,,,,SN0046318497,0.00003,,,,,Pass,Hoechst:DNA; Alexa Fluor 488 phalloidin:actin; mScarlet:fascin; iRFP:nuclear actin chromobody (nAC),-0.030392939,-13.4097261,Yes,Yes,compound response across 12 wells,active,inactive,Nuclear fascin,regulation of protein localization to nucleus,GO_1900180,,,
1093688984,K9,Homo sapiens,NCBITaxon,9606,HeLa,EFO,EFO_0001185,,,,,SN1071249986,30,4914,NTRK1,,,Pass,Hoechst:DNA; Alexa Fluor 488 phalloidin:actin; mScarlet:fascin; iRFP:nuclear actin chromobody (nAC),181.6072845,,Yes,Yes,compound response across 12 wells,active,inactive,Nuclear fascin,regulation of protein localization to nucleus,GO_1900180,,,
1093688984,K10,Homo sapiens,NCBITaxon,9606,HeLa,EFO,EFO_0001185,,,,,SN1071249986,10,4914,NTRK1,,,Pass,Hoechst:DNA; Alexa Fluor 488 phalloidin:actin; mScarlet:fascin; iRFP:nuclear actin chromobody (nAC),165.4347992,-25.314558,Yes,Yes,compound response across 12 wells,active,inactive,Nuclear fascin,regulation of protein localization to nucleus,GO_1900180,,,
1093688984,K11,Homo sapiens,NCBITaxon,9606,HeLa,EFO,EFO_0001185,,,,,SN1071249986,3.125,4914,NTRK1,,,Pass,Hoechst:DNA; Alexa Fluor 488 phalloidin:actin; mScarlet:fascin; iRFP:nuclear actin chromobody (nAC),111.7757568,-27.2167988,Yes,Yes,compound response across 12 wells,active,inactive,Nuclear fascin,regulation of protein localization to nucleus,GO_1900180,,,
1093688984,K12,Homo sapiens,NCBITaxon,9606,HeLa,EFO,EFO_0001185,,,,,SN1071249986,1.25,4914,NTRK1,,,Pass,Hoechst:DNA; Alexa Fluor 488 phalloidin:actin; mScarlet:fascin; iRFP:nuclear actin chromobody (nAC),31.56447792,-17.1979656,Yes,Yes,compound response across 12 wells,active,inactive,Nuclear fascin,regulation of protein localization to nucleus,GO_1900180,,,
1093688984,K13,Homo sapiens,NCBITaxon,9606,HeLa,EFO,EFO_0001185,,,,,SN1071249986,0.3,4914,NTRK1,,,Pass,Hoechst:DNA; Alexa Fluor 488 phalloidin:actin; mScarlet:fascin; iRFP:nuclear actin chromobody (nAC),7.418967247,-81.1965942,Yes,Yes,compound response across 12 wells,active,inactive,Nuclear fascin,regulation of protein localization to nucleus,GO_1900180,,,
1093688984,K14,Homo sapiens,NCBITaxon,9606,HeLa,EFO,EFO_0001185,,,,,SN1071249986,0.1,4914,NTRK1,,,Pass,Hoechst:DNA; Alexa Fluor 488 phalloidin:actin; mScarlet:fascin; iRFP:nuclear actin chromobody (nAC),28.74397278,-27.7129269,Yes,Yes,compound response across 12 wells,active,inactive,Nuclear fascin,regulation of protein localization to nucleus,GO_1900180,,,
1093688984,K15,Homo sapiens,NCBITaxon,9606,HeLa,EFO,EFO_0001185,,,,,SN1071249986,0.03,4914,NTRK1,,,Pass,Hoechst:DNA; Alexa Fluor 488 phalloidin:actin; mScarlet:fascin; iRFP:nuclear actin chromobody (nAC),9.841797829,-28.6018562,Yes,Yes,compound response across 12 wells,active,inactive,Nuclear fascin,regulation of protein localization to nucleus,GO_1900180,,,
1093688984,K16,Homo sapiens,NCBITaxon,9606,HeLa,EFO,EFO_0001185,,,,,SN1071249986,0.0125,4914,NTRK1,,,Pass,Hoechst:DNA; Alexa Fluor 488 phalloidin:actin; mScarlet:fascin; iRFP:nuclear actin chromobody (nAC),1.447848082,-12.9586496,Yes,Yes,compound response across 12 wells,active,inactive,Nuclear fascin,regulation of protein localization to nucleus,GO_1900180,,,
1093688984,K17,Homo sapiens,NCBITaxon,9606,HeLa,EFO,EFO_0001185,,,,,SN1071249986,0.003,4914,NTRK1,,,Pass,Hoechst:DNA; Alexa Fluor 488 phalloidin:actin; mScarlet:fascin; iRFP:nuclear actin chromobody (nAC),2.189987183,0.601144493,Yes,Yes,compound response across 12 wells,active,inactive,Nuclear fascin,regulation of protein localization to nucleus,GO_1900180,,,
1093688984,K18,Homo sapiens,NCBITaxon,9606,HeLa,EFO,EFO_0001185,,,,,SN1071249986,0.001,4914,NTRK1,,,Pass,Hoechst:DNA; Alexa Fluor 488 phalloidin:actin; mScarlet:fascin; iRFP:nuclear actin chromobody (nAC),8.022516251,-18.5780201,Yes,Yes,compound response across 12 wells,active,inactive,Nuclear fascin,regulation of protein localization to nucleus,GO_1900180,,,
1093688984,K19,Homo sapiens,NCBITaxon,9606,HeLa,EFO,EFO_0001185,,,,,SN1071249986,0.0003,4914,NTRK1,,,Pass,Hoechst:DNA; Alexa Fluor 488 phalloidin:actin; mScarlet:fascin; iRFP:nuclear actin chromobody (nAC),6.489415646,3.469055653,Yes,Yes,compound response across 12 wells,active,inactive,Nuclear fascin,regulation of protein localization to nucleus,GO_1900180,,,
1093688984,K20,Homo sapiens,NCBITaxon,9606,HeLa,EFO,EFO_0001185,,,,,SN1071249986,0.00003,4914,NTRK1,,,Pass,Hoechst:DNA; Alexa Fluor 488 phalloidin:actin; mScarlet:fascin; iRFP:nuclear actin chromobody (nAC),-3.924761772,-51.4743919,Yes,Yes,compound response across 12 wells,active,inactive,Nuclear fascin,regulation of protein localization to nucleus,GO_1900180,,,
1093688984,K21,Homo sapiens,NCBITaxon,9606,HeLa,EFO,EFO_0001185,DMSO,679,IAZDPXIOMUYVGZ-UHFFFAOYSA-N,CS(=O)C,,,,,Neutral Control,,Pass,Hoechst:DNA; Alexa Fluor 488 phalloidin:actin; mScarlet:fascin; iRFP:nuclear actin chromobody (nAC),-0.554314613,-0.89355576,,,,,,,,,,,
1093688984,K22,Homo sapiens,NCBITaxon,9606,HeLa,EFO,EFO_0001185,,,,,,,,,Stimulator Control,Leptomycin b blocks nuclear export of fascin,Pass,Hoechst:DNA; Alexa Fluor 488 phalloidin:actin; mScarlet:fascin; iRFP:nuclear actin chromobody (nAC),117.0692596,3.53131485,,,,,,,,,,,
1093688984,K23,Homo sapiens,NCBITaxon,9606,HeLa,EFO,EFO_0001185,DMSO,679,IAZDPXIOMUYVGZ-UHFFFAOYSA-N,CS(=O)C,,,,,Neutral Control,,Pass,Hoechst:DNA; Alexa Fluor 488 phalloidin:actin; mScarlet:fascin; iRFP:nuclear actin chromobody (nAC),-3.279505968,1.142418027,,,,,,,,,,,
1093688984,K24,Homo sapiens,NCBITaxon,9606,HeLa,EFO,EFO_0001185,,,,,SN1044003383,30,4780,NFE2L2,,,Pass,Hoechst:DNA; Alexa Fluor 488 phalloidin:actin; mScarlet:fascin; iRFP:nuclear actin chromobody (nAC),110.4716492,-95.8995361,Yes,Yes,compound response across 12 wells,active,inactive,Nuclear fascin,regulation of protein localization to nucleus,GO_1900180,,,
1093688984,L1,Homo sapiens,NCBITaxon,9606,HeLa,EFO,EFO_0001185,,,,,SN1044003383,10,4780,NFE2L2,,,Fail,Hoechst:DNA; Alexa Fluor 488 phalloidin:actin; mScarlet:fascin; iRFP:nuclear actin chromobody (nAC),208.644043,,Yes,Yes,compound response across 12 wells,active,inactive,Nuclear fascin,regulation of protein localization to nucleus,GO_1900180,,,
1093688984,L2,Homo sapiens,NCBITaxon,9606,HeLa,EFO,EFO_0001185,,,,,SN1044003383,3.125,4780,NFE2L2,,,Pass,Hoechst:DNA; Alexa Fluor 488 phalloidin:actin; mScarlet:fascin; iRFP:nuclear actin chromobody (nAC),111.3378296,-34.3793449,Yes,Yes,compound response across 12 wells,active,inactive,Nuclear fascin,regulation of protein localization to nucleus,GO_1900180,,,
1093688984,L3,Homo sapiens,NCBITaxon,9606,HeLa,EFO,EFO_0001185,,,,,SN1044003383,1.25,4780,NFE2L2,,,Pass,Hoechst:DNA; Alexa Fluor 488 phalloidin:actin; mScarlet:fascin; iRFP:nuclear actin chromobody (nAC),-11.9947052,10.49066448,Yes,Yes,compound response across 12 wells,active,inactive,Nuclear fascin,regulation of protein localization to nucleus,GO_1900180,,,
1093688984,L4,Homo sapiens,NCBITaxon,9606,HeLa,EFO,EFO_0001185,,,,,SN1044003383,0.3,4780,NFE2L2,,,Pass,Hoechst:DNA; Alexa Fluor 488 phalloidin:actin; mScarlet:fascin; iRFP:nuclear actin chromobody (nAC),-13.83707523,-20.0065117,Yes,Yes,compound response across 12 wells,active,inactive,Nuclear fascin,regulation of protein localization to nucleus,GO_1900180,,,
1093688984,L5,Homo sapiens,NCBITaxon,9606,HeLa,EFO,EFO_0001185,,,,,SN1044003383,0.1,4780,NFE2L2,,,Pass,Hoechst:DNA; Alexa Fluor 488 phalloidin:actin; mScarlet:fascin; iRFP:nuclear actin chromobody (nAC),3.307046652,-21.1081886,Yes,Yes,compound response across 12 wells,active,inactive,Nuclear fascin,regulation of protein localization to nucleus,GO_1900180,,,
1093688984,L6,Homo sapiens,NCBITaxon,9606,HeLa,EFO,EFO_0001185,,,,,SN1044003383,0.03,4780,NFE2L2,,,Pass,Hoechst:DNA; Alexa Fluor 488 phalloidin:actin; mScarlet:fascin; iRFP:nuclear actin chromobody (nAC),9.697772026,-38.7596321,Yes,Yes,compound response across 12 wells,active,inactive,Nuclear fascin,regulation of protein localization to nucleus,GO_1900180,,,
1093688984,L7,Homo sapiens,NCBITaxon,9606,HeLa,EFO,EFO_0001185,,,,,SN1044003383,0.0125,4780,NFE2L2,,,Pass,Hoechst:DNA; Alexa Fluor 488 phalloidin:actin; mScarlet:fascin; iRFP:nuclear actin chromobody (nAC),20.41415215,-13.0280094,Yes,Yes,compound response across 12 wells,active,inactive,Nuclear fascin,regulation of protein localization to nucleus,GO_1900180,,,
1093688984,L8,Homo sapiens,NCBITaxon,9606,HeLa,EFO,EFO_0001185,,,,,SN1044003383,0.003,4780,NFE2L2,,,Pass,Hoechst:DNA; Alexa Fluor 488 phalloidin:actin; mScarlet:fascin; iRFP:nuclear actin chromobody (nAC),4.279303551,-23.0516529,Yes,Yes,compound response across 12 wells,active,inactive,Nuclear fascin,regulation of protein localization to nucleus,GO_1900180,,,
1093688984,L9,Homo sapiens,NCBITaxon,9606,HeLa,EFO,EFO_0001185,,,,,SN1044003383,0.001,4780,NFE2L2,,,Pass,Hoechst:DNA; Alexa Fluor 488 phalloidin:actin; mScarlet:fascin; iRFP:nuclear actin chromobody (nAC),14.69086647,-2.97409773,Yes,Yes,compound response across 12 wells,active,inactive,Nuclear fascin,regulation of protein localization to nucleus,GO_1900180,,,
1093688984,L10,Homo sapiens,NCBITaxon,9606,HeLa,EFO,EFO_0001185,,,,,SN1044003383,0.0003,4780,NFE2L2,,,Pass,Hoechst:DNA; Alexa Fluor 488 phalloidin:actin; mScarlet:fascin; iRFP:nuclear actin chromobody (nAC),16.44172478,3.856312037,Yes,Yes,compound response across 12 wells,active,inactive,Nuclear fascin,regulation of protein localization to nucleus,GO_1900180,,,
1093688984,L11,Homo sapiens,NCBITaxon,9606,HeLa,EFO,EFO_0001185,,,,,SN1044003383,0.00003,4780,NFE2L2,,,Pass,Hoechst:DNA; Alexa Fluor 488 phalloidin:actin; mScarlet:fascin; iRFP:nuclear actin chromobody (nAC),2.118045568,16.42404175,Yes,Yes,compound response across 12 wells,active,inactive,Nuclear fascin,regulation of protein localization to nucleus,GO_1900180,,,
1093688984,L12,Homo sapiens,NCBITaxon,9606,HeLa,EFO,EFO_0001185,,,,,SN1064525585,30,5141,PDE4A,,,Pass,Hoechst:DNA; Alexa Fluor 488 phalloidin:actin; mScarlet:fascin; iRFP:nuclear actin chromobody (nAC),28.9816494,-27.2002945,,,compound response across 12 wells,inactive,inactive,,,,,,
1093688984,L13,Homo sapiens,NCBITaxon,9606,HeLa,EFO,EFO_0001185,,,,,SN1064525585,10,5141,PDE4A,,,Pass,Hoechst:DNA; Alexa Fluor 488 phalloidin:actin; mScarlet:fascin; iRFP:nuclear actin chromobody (nAC),29.47787094,-70.2345657,,,compound response across 12 wells,inactive,inactive,,,,,,
1093688984,L14,Homo sapiens,NCBITaxon,9606,HeLa,EFO,EFO_0001185,,,,,SN1064525585,3.125,5141,PDE4A,,,Pass,Hoechst:DNA; Alexa Fluor 488 phalloidin:actin; mScarlet:fascin; iRFP:nuclear actin chromobody (nAC),5.077411652,-32.731514,,,compound response across 12 wells,inactive,inactive,,,,,,
1093688984,L15,Homo sapiens,NCBITaxon,9606,HeLa,EFO,EFO_0001185,,,,,SN1064525585,1.25,5141,PDE4A,,,Pass,Hoechst:DNA; Alexa Fluor 488 phalloidin:actin; mScarlet:fascin; iRFP:nuclear actin chromobody (nAC),7.777407646,-19.1565571,,,compound response across 12 wells,inactive,inactive,,,,,,
1093688984,L16,Homo sapiens,NCBITaxon,9606,HeLa,EFO,EFO_0001185,,,,,SN1064525585,0.3,5141,PDE4A,,,Pass,Hoechst:DNA; Alexa Fluor 488 phalloidin:actin; mScarlet:fascin; iRFP:nuclear actin chromobody (nAC),3.828401089,-36.7093391,,,compound response across 12 wells,inactive,inactive,,,,,,
1093688984,L17,Homo sapiens,NCBITaxon,9606,HeLa,EFO,EFO_0001185,,,,,SN1064525585,0.1,5141,PDE4A,,,Pass,Hoechst:DNA; Alexa Fluor 488 phalloidin:actin; mScarlet:fascin; iRFP:nuclear actin chromobody (nAC),3.609042645,-32.7462769,,,compound response across 12 wells,inactive,inactive,,,,,,
1093688984,L18,Homo sapiens,NCBITaxon,9606,HeLa,EFO,EFO_0001185,,,,,SN1064525585,0.03,5141,PDE4A,,,Pass,Hoechst:DNA; Alexa Fluor 488 phalloidin:actin; mScarlet:fascin; iRFP:nuclear actin chromobody (nAC),7.26635313,-55.4742661,,,compound response across 12 wells,inactive,inactive,,,,,,
1093688984,L19,Homo sapiens,NCBITaxon,9606,HeLa,EFO,EFO_0001185,,,,,SN1064525585,0.0125,5141,PDE4A,,,Pass,Hoechst:DNA; Alexa Fluor 488 phalloidin:actin; mScarlet:fascin; iRFP:nuclear actin chromobody (nAC),5.402543068,9.940116882,,,compound response across 12 wells,inactive,inactive,,,,,,
1093688984,L20,Homo sapiens,NCBITaxon,9606,HeLa,EFO,EFO_0001185,,,,,SN1064525585,0.003,5141,PDE4A,,,Pass,Hoechst:DNA; Alexa Fluor 488 phalloidin:actin; mScarlet:fascin; iRFP:nuclear actin chromobody (nAC),8.502353668,-9.05575371,,,compound response across 12 wells,inactive,inactive,,,,,,
1093688984,L21,Homo sapiens,NCBITaxon,9606,HeLa,EFO,EFO_0001185,,,,,SN1064525585,0.001,5141,PDE4A,,,Pass,Hoechst:DNA; Alexa Fluor 488 phalloidin:actin; mScarlet:fascin; iRFP:nuclear actin chromobody (nAC),9.768097878,-23.5308723,,,compound response across 12 wells,inactive,inactive,,,,,,
1093688984,L22,Homo sapiens,NCBITaxon,9606,HeLa,EFO,EFO_0001185,,,,,SN1064525585,0.0003,5141,PDE4A,,,Pass,Hoechst:DNA; Alexa Fluor 488 phalloidin:actin; mScarlet:fascin; iRFP:nuclear actin chromobody (nAC),10.06953907,-25.7834492,,,compound response across 12 wells,inactive,inactive,,,,,,
1093688984,L23,Homo sapiens,NCBITaxon,9606,HeLa,EFO,EFO_0001185,,,,,SN1064525585,0.00003,5141,PDE4A,,,Pass,Hoechst:DNA; Alexa Fluor 488 phalloidin:actin; mScarlet:fascin; iRFP:nuclear actin chromobody (nAC),5.220803261,-17.3814106,,,compound response across 12 wells,inactive,inactive,,,,,,
1093688984,L24,Homo sapiens,NCBITaxon,9606,HeLa,EFO,EFO_0001185,,,,,SN0154370449,30,2100,ESR2,,,Pass,Hoechst:DNA; Alexa Fluor 488 phalloidin:actin; mScarlet:fascin; iRFP:nuclear actin chromobody (nAC),31.5491066,25.3863945,,,compound response across 12 wells,inactive,inactive,,,,,,
1093688984,M1,Homo sapiens,NCBITaxon,9606,HeLa,EFO,EFO_0001185,,,,,SN0154370449,10,2100,ESR2,,,Pass,Hoechst:DNA; Alexa Fluor 488 phalloidin:actin; mScarlet:fascin; iRFP:nuclear actin chromobody (nAC),28.55714607,-7.10356283,,,compound response across 12 wells,inactive,inactive,,,,,,
1093688984,M2,Homo sapiens,NCBITaxon,9606,HeLa,EFO,EFO_0001185,,,,,SN0154370449,3.125,2100,ESR2,,,Pass,Hoechst:DNA; Alexa Fluor 488 phalloidin:actin; mScarlet:fascin; iRFP:nuclear actin chromobody (nAC),31.2556839,1.146472335,,,compound response across 12 wells,inactive,inactive,,,,,,
1093688984,M3,Homo sapiens,NCBITaxon,9606,HeLa,EFO,EFO_0001185,,,,,SN0154370449,1.25,2100,ESR2,,,Pass,Hoechst:DNA; Alexa Fluor 488 phalloidin:actin; mScarlet:fascin; iRFP:nuclear actin chromobody (nAC),19.14522362,0.981806874,,,compound response across 12 wells,inactive,inactive,,,,,,
1093688984,M4,Homo sapiens,NCBITaxon,9606,HeLa,EFO,EFO_0001185,,,,,SN0154370449,0.3,2100,ESR2,,,Pass,Hoechst:DNA; Alexa Fluor 488 phalloidin:actin; mScarlet:fascin; iRFP:nuclear actin chromobody (nAC),14.36258125,5.174335003,,,compound response across 12 wells,inactive,inactive,,,,,,
1093688984,M5,Homo sapiens,NCBITaxon,9606,HeLa,EFO,EFO_0001185,,,,,SN0154370449,0.1,2100,ESR2,,,Pass,Hoechst:DNA; Alexa Fluor 488 phalloidin:actin; mScarlet:fascin; iRFP:nuclear actin chromobody (nAC),12.60538483,-1.48328292,,,compound response across 12 wells,inactive,inactive,,,,,,
1093688984,M6,Homo sapiens,NCBITaxon,9606,HeLa,EFO,EFO_0001185,,,,,SN0154370449,0.03,2100,ESR2,,,Pass,Hoechst:DNA; Alexa Fluor 488 phalloidin:actin; mScarlet:fascin; iRFP:nuclear actin chromobody (nAC),10.53007603,20.3229351,,,compound response across 12 wells,inactive,inactive,,,,,,
1093688984,M7,Homo sapiens,NCBITaxon,9606,HeLa,EFO,EFO_0001185,,,,,SN0154370449,0.0125,2100,ESR2,,,Pass,Hoechst:DNA; Alexa Fluor 488 phalloidin:actin; mScarlet:fascin; iRFP:nuclear actin chromobody (nAC),11.78147888,-1.88075674,,,compound response across 12 wells,inactive,inactive,,,,,,
1093688984,M8,Homo sapiens,NCBITaxon,9606,HeLa,EFO,EFO_0001185,,,,,SN0154370449,0.003,2100,ESR2,,,Pass,Hoechst:DNA; Alexa Fluor 488 phalloidin:actin; mScarlet:fascin; iRFP:nuclear actin chromobody (nAC),14.64599037,-7.95376778,,,compound response across 12 wells,inactive,inactive,,,,,,
1093688984,M9,Homo sapiens,NCBITaxon,9606,HeLa,EFO,EFO_0001185,,,,,SN0154370449,0.001,2100,ESR2,,,Pass,Hoechst:DNA; Alexa Fluor 488 phalloidin:actin; mScarlet:fascin; iRFP:nuclear actin chromobody (nAC),11.58506584,-39.9562225,,,compound response across 12 wells,inactive,inactive,,,,,,
1093688984,M10,Homo sapiens,NCBITaxon,9606,HeLa,EFO,EFO_0001185,,,,,SN0154370449,0.0003,2100,ESR2,,,Pass,Hoechst:DNA; Alexa Fluor 488 phalloidin:actin; mScarlet:fascin; iRFP:nuclear actin chromobody (nAC),11.82245731,-8.94910049,,,compound response across 12 wells,inactive,inactive,,,,,,
1093688984,M11,Homo sapiens,NCBITaxon,9606,HeLa,EFO,EFO_0001185,,,,,SN0154370449,0.00003,2100,ESR2,,,Pass,Hoechst:DNA; Alexa Fluor 488 phalloidin:actin; mScarlet:fascin; iRFP:nuclear actin chromobody (nAC),6.826289177,10.49813271,,,compound response across 12 wells,inactive,inactive,,,,,,
1093688984,M12,Homo sapiens,NCBITaxon,9606,HeLa,EFO,EFO_0001185,,,,,SN1060998317,30,2931,GSK3A,,,Pass,Hoechst:DNA; Alexa Fluor 488 phalloidin:actin; mScarlet:fascin; iRFP:nuclear actin chromobody (nAC),51.79674911,-166.398819,,Yes,compound response across 12 wells,active,active,Nuclear fascin,regulation of protein localization to nucleus,GO_1900180,Nuclear actin,actin filament phenotype,CMPO_0000104
1093688984,M13,Homo sapiens,NCBITaxon,9606,HeLa,EFO,EFO_0001185,,,,,SN1060998317,10,2931,GSK3A,,,Pass,Hoechst:DNA; Alexa Fluor 488 phalloidin:actin; mScarlet:fascin; iRFP:nuclear actin chromobody (nAC),51.47064972,-98.1176834,,Yes,compound response across 12 wells,active,active,Nuclear fascin,regulation of protein localization to nucleus,GO_1900180,Nuclear actin,actin filament phenotype,CMPO_0000104
1093688984,M14,Homo sapiens,NCBITaxon,9606,HeLa,EFO,EFO_0001185,,,,,SN1060998317,3.125,2931,GSK3A,,,Pass,Hoechst:DNA; Alexa Fluor 488 phalloidin:actin; mScarlet:fascin; iRFP:nuclear actin chromobody (nAC),52.06139374,-73.8012314,,Yes,compound response across 12 wells,active,active,Nuclear fascin,regulation of protein localization to nucleus,GO_1900180,Nuclear actin,actin filament phenotype,CMPO_0000104
1093688984,M15,Homo sapiens,NCBITaxon,9606,HeLa,EFO,EFO_0001185,,,,,SN1060998317,1.25,2931,GSK3A,,,Pass,Hoechst:DNA; Alexa Fluor 488 phalloidin:actin; mScarlet:fascin; iRFP:nuclear actin chromobody (nAC),41.26062012,-93.0113525,,Yes,compound response across 12 wells,active,active,Nuclear fascin,regulation of protein localization to nucleus,GO_1900180,Nuclear actin,actin filament phenotype,CMPO_0000104
1093688984,M16,Homo sapiens,NCBITaxon,9606,HeLa,EFO,EFO_0001185,,,,,SN1060998317,0.3,2931,GSK3A,,,Pass,Hoechst:DNA; Alexa Fluor 488 phalloidin:actin; mScarlet:fascin; iRFP:nuclear actin chromobody (nAC),30.59773636,-79.192482,,Yes,compound response across 12 wells,active,active,Nuclear fascin,regulation of protein localization to nucleus,GO_1900180,Nuclear actin,actin filament phenotype,CMPO_0000104
1093688984,M17,Homo sapiens,NCBITaxon,9606,HeLa,EFO,EFO_0001185,,,,,SN1060998317,0.1,2931,GSK3A,,,Pass,Hoechst:DNA; Alexa Fluor 488 phalloidin:actin; mScarlet:fascin; iRFP:nuclear actin chromobody (nAC),27.30452347,-31.9865417,,Yes,compound response across 12 wells,active,active,Nuclear fascin,regulation of protein localization to nucleus,GO_1900180,Nuclear actin,actin filament phenotype,CMPO_0000104
1093688984,M18,Homo sapiens,NCBITaxon,9606,HeLa,EFO,EFO_0001185,,,,,SN1060998317,0.03,2931,GSK3A,,,Pass,Hoechst:DNA; Alexa Fluor 488 phalloidin:actin; mScarlet:fascin; iRFP:nuclear actin chromobody (nAC),19.49314117,-49.1606636,,Yes,compound response across 12 wells,active,active,Nuclear fascin,regulation of protein localization to nucleus,GO_1900180,Nuclear actin,actin filament phenotype,CMPO_0000104
1093688984,M19,Homo sapiens,NCBITaxon,9606,HeLa,EFO,EFO_0001185,,,,,SN1060998317,0.0125,2931,GSK3A,,,Pass,Hoechst:DNA; Alexa Fluor 488 phalloidin:actin; mScarlet:fascin; iRFP:nuclear actin chromobody (nAC),21.32185173,-4.75904799,,Yes,compound response across 12 wells,active,active,Nuclear fascin,regulation of protein localization to nucleus,GO_1900180,Nuclear actin,actin filament phenotype,CMPO_0000104
1093688984,M20,Homo sapiens,NCBITaxon,9606,HeLa,EFO,EFO_0001185,,,,,SN1060998317,0.003,2931,GSK3A,,,Pass,Hoechst:DNA; Alexa Fluor 488 phalloidin:actin; mScarlet:fascin; iRFP:nuclear actin chromobody (nAC),1.885962725,20.53488922,,Yes,compound response across 12 wells,active,active,Nuclear fascin,regulation of protein localization to nucleus,GO_1900180,Nuclear actin,actin filament phenotype,CMPO_0000104
1093688984,M21,Homo sapiens,NCBITaxon,9606,HeLa,EFO,EFO_0001185,,,,,SN1060998317,0.001,2931,GSK3A,,,Pass,Hoechst:DNA; Alexa Fluor 488 phalloidin:actin; mScarlet:fascin; iRFP:nuclear actin chromobody (nAC),18.41791534,-9.22083855,,Yes,compound response across 12 wells,active,active,Nuclear fascin,regulation of protein localization to nucleus,GO_1900180,Nuclear actin,actin filament phenotype,CMPO_0000104
1093688984,M22,Homo sapiens,NCBITaxon,9606,HeLa,EFO,EFO_0001185,,,,,SN1060998317,0.0003,2931,GSK3A,,,Pass,Hoechst:DNA; Alexa Fluor 488 phalloidin:actin; mScarlet:fascin; iRFP:nuclear actin chromobody (nAC),19.89652061,-18.74617,,Yes,compound response across 12 wells,active,active,Nuclear fascin,regulation of protein localization to nucleus,GO_1900180,Nuclear actin,actin filament phenotype,CMPO_0000104
1093688984,M23,Homo sapiens,NCBITaxon,9606,HeLa,EFO,EFO_0001185,,,,,SN1060998317,0.00003,2931,GSK3A,,,Pass,Hoechst:DNA; Alexa Fluor 488 phalloidin:actin; mScarlet:fascin; iRFP:nuclear actin chromobody (nAC),12.42101479,-35.5026169,,Yes,compound response across 12 wells,active,active,Nuclear fascin,regulation of protein localization to nucleus,GO_1900180,Nuclear actin,actin filament phenotype,CMPO_0000104
1093688984,M24,Homo sapiens,NCBITaxon,9606,HeLa,EFO,EFO_0001185,,,,,SN1057361452,30,51755,CDK12,,,Pass,Hoechst:DNA; Alexa Fluor 488 phalloidin:actin; mScarlet:fascin; iRFP:nuclear actin chromobody (nAC),103.8059616,-102.09462,,Yes,compound response across 12 wells,active,inactive,Nuclear fascin,regulation of protein localization to nucleus,GO_1900180,,,
1093688984,N1,Homo sapiens,NCBITaxon,9606,HeLa,EFO,EFO_0001185,,,,,SN1057361452,10,51755,CDK12,,,Pass,Hoechst:DNA; Alexa Fluor 488 phalloidin:actin; mScarlet:fascin; iRFP:nuclear actin chromobody (nAC),64.48000336,-214.241486,,Yes,compound response across 12 wells,active,inactive,Nuclear fascin,regulation of protein localization to nucleus,GO_1900180,,,
1093688984,N2,Homo sapiens,NCBITaxon,9606,HeLa,EFO,EFO_0001185,,,,,SN1057361452,3.125,51755,CDK12,,,Pass,Hoechst:DNA; Alexa Fluor 488 phalloidin:actin; mScarlet:fascin; iRFP:nuclear actin chromobody (nAC),69.02778625,-179.210739,,Yes,compound response across 12 wells,active,inactive,Nuclear fascin,regulation of protein localization to nucleus,GO_1900180,,,
1093688984,N3,Homo sapiens,NCBITaxon,9606,HeLa,EFO,EFO_0001185,,,,,SN1057361452,1.25,51755,CDK12,,,Pass,Hoechst:DNA; Alexa Fluor 488 phalloidin:actin; mScarlet:fascin; iRFP:nuclear actin chromobody (nAC),45.75680923,-36.3292236,,Yes,compound response across 12 wells,active,inactive,Nuclear fascin,regulation of protein localization to nucleus,GO_1900180,,,
1093688984,N4,Homo sapiens,NCBITaxon,9606,HeLa,EFO,EFO_0001185,,,,,SN1057361452,0.3,51755,CDK12,,,Pass,Hoechst:DNA; Alexa Fluor 488 phalloidin:actin; mScarlet:fascin; iRFP:nuclear actin chromobody (nAC),5.786099434,-87.9121246,,Yes,compound response across 12 wells,active,inactive,Nuclear fascin,regulation of protein localization to nucleus,GO_1900180,,,
1093688984,N5,Homo sapiens,NCBITaxon,9606,HeLa,EFO,EFO_0001185,,,,,SN1057361452,0.1,51755,CDK12,,,Pass,Hoechst:DNA; Alexa Fluor 488 phalloidin:actin; mScarlet:fascin; iRFP:nuclear actin chromobody (nAC),4.016859531,-9.31421566,,Yes,compound response across 12 wells,active,inactive,Nuclear fascin,regulation of protein localization to nucleus,GO_1900180,,,
1093688984,N6,Homo sapiens,NCBITaxon,9606,HeLa,EFO,EFO_0001185,,,,,SN1057361452,0.03,51755,CDK12,,,Pass,Hoechst:DNA; Alexa Fluor 488 phalloidin:actin; mScarlet:fascin; iRFP:nuclear actin chromobody (nAC),14.3586359,-5.33373499,,Yes,compound response across 12 wells,active,inactive,Nuclear fascin,regulation of protein localization to nucleus,GO_1900180,,,
1093688984,N7,Homo sapiens,NCBITaxon,9606,HeLa,EFO,EFO_0001185,,,,,SN1057361452,0.0125,51755,CDK12,,,Pass,Hoechst:DNA; Alexa Fluor 488 phalloidin:actin; mScarlet:fascin; iRFP:nuclear actin chromobody (nAC),2.172302961,-10.5236578,,Yes,compound response across 12 wells,active,inactive,Nuclear fascin,regulation of protein localization to nucleus,GO_1900180,,,
1093688984,N8,Homo sapiens,NCBITaxon,9606,HeLa,EFO,EFO_0001185,,,,,SN1057361452,0.003,51755,CDK12,,,Pass,Hoechst:DNA; Alexa Fluor 488 phalloidin:actin; mScarlet:fascin; iRFP:nuclear actin chromobody (nAC),3.049308777,1.049332023,,Yes,compound response across 12 wells,active,inactive,Nuclear fascin,regulation of protein localization to nucleus,GO_1900180,,,
1093688984,N9,Homo sapiens,NCBITaxon,9606,HeLa,EFO,EFO_0001185,,,,,SN1057361452,0.001,51755,CDK12,,,Pass,Hoechst:DNA; Alexa Fluor 488 phalloidin:actin; mScarlet:fascin; iRFP:nuclear actin chromobody (nAC),23.38640022,6.354476929,,Yes,compound response across 12 wells,active,inactive,Nuclear fascin,regulation of protein localization to nucleus,GO_1900180,,,
1093688984,N10,Homo sapiens,NCBITaxon,9606,HeLa,EFO,EFO_0001185,,,,,SN1057361452,0.0003,51755,CDK12,,,Pass,Hoechst:DNA; Alexa Fluor 488 phalloidin:actin; mScarlet:fascin; iRFP:nuclear actin chromobody (nAC),27.28271866,-8.69703484,,Yes,compound response across 12 wells,active,inactive,Nuclear fascin,regulation of protein localization to nucleus,GO_1900180,,,
1093688984,N11,Homo sapiens,NCBITaxon,9606,HeLa,EFO,EFO_0001185,,,,,SN1057361452,0.00003,51755,CDK12,,,Pass,Hoechst:DNA; Alexa Fluor 488 phalloidin:actin; mScarlet:fascin; iRFP:nuclear actin chromobody (nAC),19.89089584,-23.0405388,,Yes,compound response across 12 wells,active,inactive,Nuclear fascin,regulation of protein localization to nucleus,GO_1900180,,,
1093688984,N12,Homo sapiens,NCBITaxon,9606,HeLa,EFO,EFO_0001185,,,,,SN1060433305,30,3757,KCNH2,,,Pass,Hoechst:DNA; Alexa Fluor 488 phalloidin:actin; mScarlet:fascin; iRFP:nuclear actin chromobody (nAC),113.9544144,89.53665161,,Yes,compound response across 12 wells,active,inactive,Nuclear fascin,regulation of protein localization to nucleus,GO_1900180,,,
1093688984,N13,Homo sapiens,NCBITaxon,9606,HeLa,EFO,EFO_0001185,,,,,SN1060433305,10,3757,KCNH2,,,Pass,Hoechst:DNA; Alexa Fluor 488 phalloidin:actin; mScarlet:fascin; iRFP:nuclear actin chromobody (nAC),160.2765503,-79.7897568,,Yes,compound response across 12 wells,active,inactive,Nuclear fascin,regulation of protein localization to nucleus,GO_1900180,,,
1093688984,N14,Homo sapiens,NCBITaxon,9606,HeLa,EFO,EFO_0001185,DMSO,679,IAZDPXIOMUYVGZ-UHFFFAOYSA-N,CS(=O)C,,,,,Neutral Control,,Pass,Hoechst:DNA; Alexa Fluor 488 phalloidin:actin; mScarlet:fascin; iRFP:nuclear actin chromobody (nAC),-1.268358588,1.074659824,,,,,,,,,,,
1093688984,N15,Homo sapiens,NCBITaxon,9606,HeLa,EFO,EFO_0001185,,,,,,,,,Stimulator Control,Leptomycin b blocks nuclear export of fascin,Pass,Hoechst:DNA; Alexa Fluor 488 phalloidin:actin; mScarlet:fascin; iRFP:nuclear actin chromobody (nAC),82.70407104,-2.85335398,,,,,,,,,,,
1093688984,N16,Homo sapiens,NCBITaxon,9606,HeLa,EFO,EFO_0001185,DMSO,679,IAZDPXIOMUYVGZ-UHFFFAOYSA-N,CS(=O)C,,,,,Neutral Control,,Pass,Hoechst:DNA; Alexa Fluor 488 phalloidin:actin; mScarlet:fascin; iRFP:nuclear actin chromobody (nAC),8.497314453,10.47836208,,,,,,,,,,,
1093688984,N17,Homo sapiens,NCBITaxon,9606,HeLa,EFO,EFO_0001185,,,,,SN1060433305,3.125,3757,KCNH2,,,Pass,Hoechst:DNA; Alexa Fluor 488 phalloidin:actin; mScarlet:fascin; iRFP:nuclear actin chromobody (nAC),189.4404907,-101.833733,,Yes,compound response across 12 wells,active,inactive,Nuclear fascin,regulation of protein localization to nucleus,GO_1900180,,,
1093688984,N18,Homo sapiens,NCBITaxon,9606,HeLa,EFO,EFO_0001185,,,,,SN1060433305,1.25,3757,KCNH2,,,Pass,Hoechst:DNA; Alexa Fluor 488 phalloidin:actin; mScarlet:fascin; iRFP:nuclear actin chromobody (nAC),59.81552505,49.58719254,,Yes,compound response across 12 wells,active,inactive,Nuclear fascin,regulation of protein localization to nucleus,GO_1900180,,,
1093688984,N19,Homo sapiens,NCBITaxon,9606,HeLa,EFO,EFO_0001185,,,,,SN1060433305,0.3,3757,KCNH2,,,Pass,Hoechst:DNA; Alexa Fluor 488 phalloidin:actin; mScarlet:fascin; iRFP:nuclear actin chromobody (nAC),-12.43426228,-27.2766342,,Yes,compound response across 12 wells,active,inactive,Nuclear fascin,regulation of protein localization to nucleus,GO_1900180,,,
1093688984,N20,Homo sapiens,NCBITaxon,9606,HeLa,EFO,EFO_0001185,,,,,SN1060433305,0.1,3757,KCNH2,,,Pass,Hoechst:DNA; Alexa Fluor 488 phalloidin:actin; mScarlet:fascin; iRFP:nuclear actin chromobody (nAC),3.64135313,-54.7204781,,Yes,compound response across 12 wells,active,inactive,Nuclear fascin,regulation of protein localization to nucleus,GO_1900180,,,
1093688984,N21,Homo sapiens,NCBITaxon,9606,HeLa,EFO,EFO_0001185,,,,,SN1060433305,0.03,3757,KCNH2,,,Pass,Hoechst:DNA; Alexa Fluor 488 phalloidin:actin; mScarlet:fascin; iRFP:nuclear actin chromobody (nAC),9.117660522,-32.3982849,,Yes,compound response across 12 wells,active,inactive,Nuclear fascin,regulation of protein localization to nucleus,GO_1900180,,,
1093688984,N22,Homo sapiens,NCBITaxon,9606,HeLa,EFO,EFO_0001185,,,,,SN1060433305,0.0125,3757,KCNH2,,,Pass,Hoechst:DNA; Alexa Fluor 488 phalloidin:actin; mScarlet:fascin; iRFP:nuclear actin chromobody (nAC),11.44866276,-18.1640511,,Yes,compound response across 12 wells,active,inactive,Nuclear fascin,regulation of protein localization to nucleus,GO_1900180,,,
1093688984,N23,Homo sapiens,NCBITaxon,9606,HeLa,EFO,EFO_0001185,,,,,SN1060433305,0.003,3757,KCNH2,,,Pass,Hoechst:DNA; Alexa Fluor 488 phalloidin:actin; mScarlet:fascin; iRFP:nuclear actin chromobody (nAC),5.589749813,-21.4928131,,Yes,compound response across 12 wells,active,inactive,Nuclear fascin,regulation of protein localization to nucleus,GO_1900180,,,
1093688984,N24,Homo sapiens,NCBITaxon,9606,HeLa,EFO,EFO_0001185,,,,,SN1060433305,0.001,3757,KCNH2,,,Pass,Hoechst:DNA; Alexa Fluor 488 phalloidin:actin; mScarlet:fascin; iRFP:nuclear actin chromobody (nAC),21.31267738,-48.1315117,,Yes,compound response across 12 wells,active,inactive,Nuclear fascin,regulation of protein localization to nucleus,GO_1900180,,,
1093688984,O1,Homo sapiens,NCBITaxon,9606,HeLa,EFO,EFO_0001185,,,,,SN1060433305,0.0003,3757,KCNH2,,,Pass,Hoechst:DNA; Alexa Fluor 488 phalloidin:actin; mScarlet:fascin; iRFP:nuclear actin chromobody (nAC),18.51218414,-26.4484997,,Yes,compound response across 12 wells,active,inactive,Nuclear fascin,regulation of protein localization to nucleus,GO_1900180,,,
1093688984,O2,Homo sapiens,NCBITaxon,9606,HeLa,EFO,EFO_0001185,,,,,SN1060433305,0.00003,3757,KCNH2,,,Pass,Hoechst:DNA; Alexa Fluor 488 phalloidin:actin; mScarlet:fascin; iRFP:nuclear actin chromobody (nAC),9.128688812,-41.02388,,Yes,compound response across 12 wells,active,inactive,Nuclear fascin,regulation of protein localization to nucleus,GO_1900180,,,
1093688984,O3,Homo sapiens,NCBITaxon,9606,HeLa,EFO,EFO_0001185,,,,,SN1059744051,30,898,CCNE1,,,Fail,Hoechst:DNA; Alexa Fluor 488 phalloidin:actin; mScarlet:fascin; iRFP:nuclear actin chromobody (nAC),16.04387474,,,Yes,compound response across 12 wells,active,active,Nuclear fascin,regulation of protein localization to nucleus,GO_1900180,Nuclear actin,actin filament phenotype,CMPO_0000104
1093688984,O4,Homo sapiens,NCBITaxon,9606,HeLa,EFO,EFO_0001185,,,,,SN1059744051,10,898,CCNE1,,,Fail,Hoechst:DNA; Alexa Fluor 488 phalloidin:actin; mScarlet:fascin; iRFP:nuclear actin chromobody (nAC),197.9390106,-402.080353,,Yes,compound response across 12 wells,active,active,Nuclear fascin,regulation of protein localization to nucleus,GO_1900180,Nuclear actin,actin filament phenotype,CMPO_0000104
1093688984,O5,Homo sapiens,NCBITaxon,9606,HeLa,EFO,EFO_0001185,,,,,SN1059744051,3.125,898,CCNE1,,,Pass,Hoechst:DNA; Alexa Fluor 488 phalloidin:actin; mScarlet:fascin; iRFP:nuclear actin chromobody (nAC),68.03030396,,,Yes,compound response across 12 wells,active,active,Nuclear fascin,regulation of protein localization to nucleus,GO_1900180,Nuclear actin,actin filament phenotype,CMPO_0000104
1093688984,O6,Homo sapiens,NCBITaxon,9606,HeLa,EFO,EFO_0001185,,,,,SN1059744051,1.25,898,CCNE1,,,Pass,Hoechst:DNA; Alexa Fluor 488 phalloidin:actin; mScarlet:fascin; iRFP:nuclear actin chromobody (nAC),21.0662365,-134.55777,,Yes,compound response across 12 wells,active,active,Nuclear fascin,regulation of protein localization to nucleus,GO_1900180,Nuclear actin,actin filament phenotype,CMPO_0000104
1093688984,O7,Homo sapiens,NCBITaxon,9606,HeLa,EFO,EFO_0001185,DMSO,679,IAZDPXIOMUYVGZ-UHFFFAOYSA-N,CS(=O)C,,,,,Neutral Control,,Pass,Hoechst:DNA; Alexa Fluor 488 phalloidin:actin; mScarlet:fascin; iRFP:nuclear actin chromobody (nAC),-1.2799896,9.211658478,,,,,,,,,,,
1093688984,O8,Homo sapiens,NCBITaxon,9606,HeLa,EFO,EFO_0001185,,,,,,,,,Stimulator Control,Leptomycin b blocks nuclear export of fascin,Pass,Hoechst:DNA; Alexa Fluor 488 phalloidin:actin; mScarlet:fascin; iRFP:nuclear actin chromobody (nAC),101.0162735,-17.3955956,,,,,,,,,,,
1093688984,O9,Homo sapiens,NCBITaxon,9606,HeLa,EFO,EFO_0001185,DMSO,679,IAZDPXIOMUYVGZ-UHFFFAOYSA-N,CS(=O)C,,,,,Neutral Control,,Pass,Hoechst:DNA; Alexa Fluor 488 phalloidin:actin; mScarlet:fascin; iRFP:nuclear actin chromobody (nAC),2.870500565,11.50419521,,,,,,,,,,,
1093688984,O10,Homo sapiens,NCBITaxon,9606,HeLa,EFO,EFO_0001185,,,,,SN1059744051,0.3,898,CCNE1,,,Pass,Hoechst:DNA; Alexa Fluor 488 phalloidin:actin; mScarlet:fascin; iRFP:nuclear actin chromobody (nAC),6.553719521,-67.4584045,,Yes,compound response across 12 wells,active,active,Nuclear fascin,regulation of protein localization to nucleus,GO_1900180,Nuclear actin,actin filament phenotype,CMPO_0000104
1093688984,O11,Homo sapiens,NCBITaxon,9606,HeLa,EFO,EFO_0001185,,,,,SN1059744051,0.1,898,CCNE1,,,Pass,Hoechst:DNA; Alexa Fluor 488 phalloidin:actin; mScarlet:fascin; iRFP:nuclear actin chromobody (nAC),6.162128925,-8.73087883,,Yes,compound response across 12 wells,active,active,Nuclear fascin,regulation of protein localization to nucleus,GO_1900180,Nuclear actin,actin filament phenotype,CMPO_0000104
1093688984,O12,Homo sapiens,NCBITaxon,9606,HeLa,EFO,EFO_0001185,,,,,SN1059744051,0.03,898,CCNE1,,,Pass,Hoechst:DNA; Alexa Fluor 488 phalloidin:actin; mScarlet:fascin; iRFP:nuclear actin chromobody (nAC),18.19275665,-7.44235992,,Yes,compound response across 12 wells,active,active,Nuclear fascin,regulation of protein localization to nucleus,GO_1900180,Nuclear actin,actin filament phenotype,CMPO_0000104
1093688984,O13,Homo sapiens,NCBITaxon,9606,HeLa,EFO,EFO_0001185,,,,,SN1059744051,0.0125,898,CCNE1,,,Pass,Hoechst:DNA; Alexa Fluor 488 phalloidin:actin; mScarlet:fascin; iRFP:nuclear actin chromobody (nAC),17.77429199,-16.1302261,,Yes,compound response across 12 wells,active,active,Nuclear fascin,regulation of protein localization to nucleus,GO_1900180,Nuclear actin,actin filament phenotype,CMPO_0000104
1093688984,O14,Homo sapiens,NCBITaxon,9606,HeLa,EFO,EFO_0001185,,,,,SN1059744051,0.003,898,CCNE1,,,Pass,Hoechst:DNA; Alexa Fluor 488 phalloidin:actin; mScarlet:fascin; iRFP:nuclear actin chromobody (nAC),15.55720806,-3.21641278,,Yes,compound response across 12 wells,active,active,Nuclear fascin,regulation of protein localization to nucleus,GO_1900180,Nuclear actin,actin filament phenotype,CMPO_0000104
1093688984,O15,Homo sapiens,NCBITaxon,9606,HeLa,EFO,EFO_0001185,,,,,SN1059744051,0.001,898,CCNE1,,,Pass,Hoechst:DNA; Alexa Fluor 488 phalloidin:actin; mScarlet:fascin; iRFP:nuclear actin chromobody (nAC),14.75976563,-16.8134594,,Yes,compound response across 12 wells,active,active,Nuclear fascin,regulation of protein localization to nucleus,GO_1900180,Nuclear actin,actin filament phenotype,CMPO_0000104
1093688984,O16,Homo sapiens,NCBITaxon,9606,HeLa,EFO,EFO_0001185,,,,,SN1059744051,0.0003,898,CCNE1,,,Pass,Hoechst:DNA; Alexa Fluor 488 phalloidin:actin; mScarlet:fascin; iRFP:nuclear actin chromobody (nAC),9.669692993,-14.7939463,,Yes,compound response across 12 wells,active,active,Nuclear fascin,regulation of protein localization to nucleus,GO_1900180,Nuclear actin,actin filament phenotype,CMPO_0000104
1093688984,O17,Homo sapiens,NCBITaxon,9606,HeLa,EFO,EFO_0001185,,,,,SN1059744051,0.00003,898,CCNE1,,,Pass,Hoechst:DNA; Alexa Fluor 488 phalloidin:actin; mScarlet:fascin; iRFP:nuclear actin chromobody (nAC),10.64589596,8.772522926,,Yes,compound response across 12 wells,active,active,Nuclear fascin,regulation of protein localization to nucleus,GO_1900180,Nuclear actin,actin filament phenotype,CMPO_0000104
1093688984,O18,Homo sapiens,NCBITaxon,9606,HeLa,EFO,EFO_0001185,,,,,SN1059386327,30,5747,PTK2,,,Pass,Hoechst:DNA; Alexa Fluor 488 phalloidin:actin; mScarlet:fascin; iRFP:nuclear actin chromobody (nAC),93.40143585,-38.657814,,Yes,compound response across 12 wells,inactive,active,,,,Nuclear actin,actin filament phenotype,CMPO_0000104
1093688984,O19,Homo sapiens,NCBITaxon,9606,HeLa,EFO,EFO_0001185,,,,,SN1059386327,10,5747,PTK2,,,Pass,Hoechst:DNA; Alexa Fluor 488 phalloidin:actin; mScarlet:fascin; iRFP:nuclear actin chromobody (nAC),-6.315820694,,,Yes,compound response across 12 wells,inactive,active,,,,Nuclear actin,actin filament phenotype,CMPO_0000104
1093688984,O20,Homo sapiens,NCBITaxon,9606,HeLa,EFO,EFO_0001185,,,,,SN1059386327,3.125,5747,PTK2,,,Pass,Hoechst:DNA; Alexa Fluor 488 phalloidin:actin; mScarlet:fascin; iRFP:nuclear actin chromobody (nAC),91.50518799,-39.7444267,,Yes,compound response across 12 wells,inactive,active,,,,Nuclear actin,actin filament phenotype,CMPO_0000104
1093688984,O21,Homo sapiens,NCBITaxon,9606,HeLa,EFO,EFO_0001185,,,,,SN1059386327,1.25,5747,PTK2,,,Pass,Hoechst:DNA; Alexa Fluor 488 phalloidin:actin; mScarlet:fascin; iRFP:nuclear actin chromobody (nAC),33.38021088,8.347496033,,Yes,compound response across 12 wells,inactive,active,,,,Nuclear actin,actin filament phenotype,CMPO_0000104
1093688984,O22,Homo sapiens,NCBITaxon,9606,HeLa,EFO,EFO_0001185,,,,,SN1059386327,0.3,5747,PTK2,,,Pass,Hoechst:DNA; Alexa Fluor 488 phalloidin:actin; mScarlet:fascin; iRFP:nuclear actin chromobody (nAC),1.265395284,-8.75800037,,Yes,compound response across 12 wells,inactive,active,,,,Nuclear actin,actin filament phenotype,CMPO_0000104
1093688984,O23,Homo sapiens,NCBITaxon,9606,HeLa,EFO,EFO_0001185,,,,,SN1059386327,0.1,5747,PTK2,,,Pass,Hoechst:DNA; Alexa Fluor 488 phalloidin:actin; mScarlet:fascin; iRFP:nuclear actin chromobody (nAC),3.733498573,2.116081476,,Yes,compound response across 12 wells,inactive,active,,,,Nuclear actin,actin filament phenotype,CMPO_0000104
1093688984,O24,Homo sapiens,NCBITaxon,9606,HeLa,EFO,EFO_0001185,DMSO,679,IAZDPXIOMUYVGZ-UHFFFAOYSA-N,CS(=O)C,,,,,Neutral Control,,Pass,Hoechst:DNA; Alexa Fluor 488 phalloidin:actin; mScarlet:fascin; iRFP:nuclear actin chromobody (nAC),4.055983543,-17.3501759,,,,,,,,,,,
1093688984,P1,Homo sapiens,NCBITaxon,9606,HeLa,EFO,EFO_0001185,DMSO,679,IAZDPXIOMUYVGZ-UHFFFAOYSA-N,CS(=O)C,,,,,Neutral Control,,Pass,Hoechst:DNA; Alexa Fluor 488 phalloidin:actin; mScarlet:fascin; iRFP:nuclear actin chromobody (nAC),-0.764038563,-19.1654873,,,,,,,,,,,
1093688984,P2,Homo sapiens,NCBITaxon,9606,HeLa,EFO,EFO_0001185,,,,,,,,,Stimulator Control,Leptomycin b blocks nuclear export of fascin,Pass,Hoechst:DNA; Alexa Fluor 488 phalloidin:actin; mScarlet:fascin; iRFP:nuclear actin chromobody (nAC),110.9617996,0.187884599,,,,,,,,,,,
1093688984,P3,Homo sapiens,NCBITaxon,9606,HeLa,EFO,EFO_0001185,DMSO,679,IAZDPXIOMUYVGZ-UHFFFAOYSA-N,CS(=O)C,,,,,Neutral Control,,Pass,Hoechst:DNA; Alexa Fluor 488 phalloidin:actin; mScarlet:fascin; iRFP:nuclear actin chromobody (nAC),4.383698463,-15.7948895,,,,,,,,,,,
1093688984,P4,Homo sapiens,NCBITaxon,9606,HeLa,EFO,EFO_0001185,,,,,SN1059386327,0.03,5747,PTK2,,,Pass,Hoechst:DNA; Alexa Fluor 488 phalloidin:actin; mScarlet:fascin; iRFP:nuclear actin chromobody (nAC),14.70146751,-6.10084391,,Yes,compound response across 12 wells,inactive,active,,,,Nuclear actin,actin filament phenotype,CMPO_0000104
1093688984,P5,Homo sapiens,NCBITaxon,9606,HeLa,EFO,EFO_0001185,,,,,SN1059386327,0.0125,5747,PTK2,,,Pass,Hoechst:DNA; Alexa Fluor 488 phalloidin:actin; mScarlet:fascin; iRFP:nuclear actin chromobody (nAC),10.65568829,-1.5080632,,Yes,compound response across 12 wells,inactive,active,,,,Nuclear actin,actin filament phenotype,CMPO_0000104
1093688984,P6,Homo sapiens,NCBITaxon,9606,HeLa,EFO,EFO_0001185,,,,,SN1059386327,0.003,5747,PTK2,,,Pass,Hoechst:DNA; Alexa Fluor 488 phalloidin:actin; mScarlet:fascin; iRFP:nuclear actin chromobody (nAC),14.26159382,-14.0690699,,Yes,compound response across 12 wells,inactive,active,,,,Nuclear actin,actin filament phenotype,CMPO_0000104
1093688984,P7,Homo sapiens,NCBITaxon,9606,HeLa,EFO,EFO_0001185,,,,,SN1059386327,0.001,5747,PTK2,,,Pass,Hoechst:DNA; Alexa Fluor 488 phalloidin:actin; mScarlet:fascin; iRFP:nuclear actin chromobody (nAC),14.47946262,-1.05450487,,Yes,compound response across 12 wells,inactive,active,,,,Nuclear actin,actin filament phenotype,CMPO_0000104
1093688984,P8,Homo sapiens,NCBITaxon,9606,HeLa,EFO,EFO_0001185,,,,,SN1059386327,0.0003,5747,PTK2,,,Pass,Hoechst:DNA; Alexa Fluor 488 phalloidin:actin; mScarlet:fascin; iRFP:nuclear actin chromobody (nAC),7.754573345,6.490331173,,Yes,compound response across 12 wells,inactive,active,,,,Nuclear actin,actin filament phenotype,CMPO_0000104
1093688984,P9,Homo sapiens,NCBITaxon,9606,HeLa,EFO,EFO_0001185,,,,,SN1059386327,0.00003,5747,PTK2,,,Pass,Hoechst:DNA; Alexa Fluor 488 phalloidin:actin; mScarlet:fascin; iRFP:nuclear actin chromobody (nAC),16.5206871,36.62612534,,Yes,compound response across 12 wells,inactive,active,,,,Nuclear actin,actin filament phenotype,CMPO_0000104
1093688984,P10,Homo sapiens,NCBITaxon,9606,HeLa,EFO,EFO_0001185,,,,,SN1048132116,30,1453,CSNK1D,,,Pass,Hoechst:DNA; Alexa Fluor 488 phalloidin:actin; mScarlet:fascin; iRFP:nuclear actin chromobody (nAC),15.99879265,,,,compound response across 12 wells,inactive,inactive,,,,,,
1093688984,P11,Homo sapiens,NCBITaxon,9606,HeLa,EFO,EFO_0001185,,,,,SN1048132116,10,1453,CSNK1D,,,Fail,Hoechst:DNA; Alexa Fluor 488 phalloidin:actin; mScarlet:fascin; iRFP:nuclear actin chromobody (nAC),162.6526794,,,,compound response across 12 wells,inactive,inactive,,,,,,
1093688984,P12,Homo sapiens,NCBITaxon,9606,HeLa,EFO,EFO_0001185,,,,,SN1048132116,3.125,1453,CSNK1D,,,Pass,Hoechst:DNA; Alexa Fluor 488 phalloidin:actin; mScarlet:fascin; iRFP:nuclear actin chromobody (nAC),28.89804459,146.2974396,,,compound response across 12 wells,inactive,inactive,,,,,,
1093688984,P13,Homo sapiens,NCBITaxon,9606,HeLa,EFO,EFO_0001185,,,,,SN1048132116,1.25,1453,CSNK1D,,,Pass,Hoechst:DNA; Alexa Fluor 488 phalloidin:actin; mScarlet:fascin; iRFP:nuclear actin chromobody (nAC),33.20279694,-18.6107121,,,compound response across 12 wells,inactive,inactive,,,,,,
1093688984,P14,Homo sapiens,NCBITaxon,9606,HeLa,EFO,EFO_0001185,,,,,SN1048132116,0.3,1453,CSNK1D,,,Pass,Hoechst:DNA; Alexa Fluor 488 phalloidin:actin; mScarlet:fascin; iRFP:nuclear actin chromobody (nAC),22.31046104,-97.3418427,,,compound response across 12 wells,inactive,inactive,,,,,,
1093688984,P15,Homo sapiens,NCBITaxon,9606,HeLa,EFO,EFO_0001185,,,,,SN1048132116,0.1,1453,CSNK1D,,,Pass,Hoechst:DNA; Alexa Fluor 488 phalloidin:actin; mScarlet:fascin; iRFP:nuclear actin chromobody (nAC),-12.49842262,-23.9282398,,,compound response across 12 wells,inactive,inactive,,,,,,
1093688984,P16,Homo sapiens,NCBITaxon,9606,HeLa,EFO,EFO_0001185,,,,,SN1048132116,0.03,1453,CSNK1D,,,Pass,Hoechst:DNA; Alexa Fluor 488 phalloidin:actin; mScarlet:fascin; iRFP:nuclear actin chromobody (nAC),-0.250939816,11.77903748,,,compound response across 12 wells,inactive,inactive,,,,,,
1093688984,P17,Homo sapiens,NCBITaxon,9606,HeLa,EFO,EFO_0001185,,,,,SN1048132116,0.0125,1453,CSNK1D,,,Pass,Hoechst:DNA; Alexa Fluor 488 phalloidin:actin; mScarlet:fascin; iRFP:nuclear actin chromobody (nAC),-2.04230094,-15.4603271,,,compound response across 12 wells,inactive,inactive,,,,,,
1093688984,P18,Homo sapiens,NCBITaxon,9606,HeLa,EFO,EFO_0001185,DMSO,679,IAZDPXIOMUYVGZ-UHFFFAOYSA-N,CS(=O)C,,,,,Neutral Control,,Pass,Hoechst:DNA; Alexa Fluor 488 phalloidin:actin; mScarlet:fascin; iRFP:nuclear actin chromobody (nAC),-10.71013641,13.22028637,,,,,,,,,,,
1093688984,P19,Homo sapiens,NCBITaxon,9606,HeLa,EFO,EFO_0001185,,,,,,,,,Stimulator Control,Leptomycin b blocks nuclear export of fascin,Pass,Hoechst:DNA; Alexa Fluor 488 phalloidin:actin; mScarlet:fascin; iRFP:nuclear actin chromobody (nAC),114.3088608,-3.46902061,,,,,,,,,,,
1093688984,P20,Homo sapiens,NCBITaxon,9606,HeLa,EFO,EFO_0001185,DMSO,679,IAZDPXIOMUYVGZ-UHFFFAOYSA-N,CS(=O)C,,,,,Neutral Control,,Pass,Hoechst:DNA; Alexa Fluor 488 phalloidin:actin; mScarlet:fascin; iRFP:nuclear actin chromobody (nAC),5.927637577,-3.41104865,,,,,,,,,,,
1093688984,P21,Homo sapiens,NCBITaxon,9606,HeLa,EFO,EFO_0001185,,,,,SN1048132116,0.003,1453,CSNK1D,,,Pass,Hoechst:DNA; Alexa Fluor 488 phalloidin:actin; mScarlet:fascin; iRFP:nuclear actin chromobody (nAC),3.501700878,-9.59694576,,,compound response across 12 wells,inactive,inactive,,,,,,
1093688984,P22,Homo sapiens,NCBITaxon,9606,HeLa,EFO,EFO_0001185,,,,,SN1048132116,0.001,1453,CSNK1D,,,Pass,Hoechst:DNA; Alexa Fluor 488 phalloidin:actin; mScarlet:fascin; iRFP:nuclear actin chromobody (nAC),8.780216217,-28.4821262,,,compound response across 12 wells,inactive,inactive,,,,,,
1093688984,P23,Homo sapiens,NCBITaxon,9606,HeLa,EFO,EFO_0001185,,,,,SN1048132116,0.0003,1453,CSNK1D,,,Pass,Hoechst:DNA; Alexa Fluor 488 phalloidin:actin; mScarlet:fascin; iRFP:nuclear actin chromobody (nAC),8.343923569,-18.170208,,,compound response across 12 wells,inactive,inactive,,,,,,
1093688984,P24,Homo sapiens,NCBITaxon,9606,HeLa,EFO,EFO_0001185,,,,,SN1048132116,0.00003,1453,CSNK1D,,,Pass,Hoechst:DNA; Alexa Fluor 488 phalloidin:actin; mScarlet:fascin; iRFP:nuclear actin chromobody (nAC),3.423119783,-12.0633869,,,compound response across 12 wells,inactive,inactive,,,,,,
1093688991,A1,Homo sapiens,NCBITaxon,9606,HeLa,EFO,EFO_0001185,DMSO,679,IAZDPXIOMUYVGZ-UHFFFAOYSA-N,CS(=O)C,,,,,Neutral Control,,Pass,Hoechst:DNA; Alexa Fluor 488 phalloidin:actin; mScarlet:fascin; iRFP:nuclear actin chromobody (nAC),5.313014984,31.87207413,,,,,,,,,,,
1093688991,A2,Homo sapiens,NCBITaxon,9606,HeLa,EFO,EFO_0001185,,,,,,,,,Stimulator Control,Leptomycin b blocks nuclear export of fascin,Pass,Hoechst:DNA; Alexa Fluor 488 phalloidin:actin; mScarlet:fascin; iRFP:nuclear actin chromobody (nAC),96.58146667,-2.38991666,,,,,,,,,,,
1093688991,A3,Homo sapiens,NCBITaxon,9606,HeLa,EFO,EFO_0001185,DMSO,679,IAZDPXIOMUYVGZ-UHFFFAOYSA-N,CS(=O)C,,,,,Neutral Control,,Pass,Hoechst:DNA; Alexa Fluor 488 phalloidin:actin; mScarlet:fascin; iRFP:nuclear actin chromobody (nAC),-5.181857586,0.692088485,,,,,,,,,,,
1093688991,A4,Homo sapiens,NCBITaxon,9606,HeLa,EFO,EFO_0001185,,,,,SN0188025193,30,898,CCNE1,,,Pass,Hoechst:DNA; Alexa Fluor 488 phalloidin:actin; mScarlet:fascin; iRFP:nuclear actin chromobody (nAC),141.6156921,,Yes,Yes,compound response across 12 wells,active,active,Nuclear fascin,regulation of protein localization to nucleus,GO_1900180,Nuclear actin,actin filament phenotype,CMPO_0000104
1093688991,A5,Homo sapiens,NCBITaxon,9606,HeLa,EFO,EFO_0001185,,,,,SN0188025193,10,898,CCNE1,,,Pass,Hoechst:DNA; Alexa Fluor 488 phalloidin:actin; mScarlet:fascin; iRFP:nuclear actin chromobody (nAC),84.51321411,-10.3554211,Yes,Yes,compound response across 12 wells,active,active,Nuclear fascin,regulation of protein localization to nucleus,GO_1900180,Nuclear actin,actin filament phenotype,CMPO_0000104
1093688991,A6,Homo sapiens,NCBITaxon,9606,HeLa,EFO,EFO_0001185,,,,,SN0188025193,3.125,898,CCNE1,,,Pass,Hoechst:DNA; Alexa Fluor 488 phalloidin:actin; mScarlet:fascin; iRFP:nuclear actin chromobody (nAC),73.61735535,-98.6760941,Yes,Yes,compound response across 12 wells,active,active,Nuclear fascin,regulation of protein localization to nucleus,GO_1900180,Nuclear actin,actin filament phenotype,CMPO_0000104
1093688991,A7,Homo sapiens,NCBITaxon,9606,HeLa,EFO,EFO_0001185,,,,,SN0188025193,1.25,898,CCNE1,,,Pass,Hoechst:DNA; Alexa Fluor 488 phalloidin:actin; mScarlet:fascin; iRFP:nuclear actin chromobody (nAC),61.01534271,-85.6205215,Yes,Yes,compound response across 12 wells,active,active,Nuclear fascin,regulation of protein localization to nucleus,GO_1900180,Nuclear actin,actin filament phenotype,CMPO_0000104
1093688991,A8,Homo sapiens,NCBITaxon,9606,HeLa,EFO,EFO_0001185,,,,,SN0188025193,0.3,898,CCNE1,,,Pass,Hoechst:DNA; Alexa Fluor 488 phalloidin:actin; mScarlet:fascin; iRFP:nuclear actin chromobody (nAC),18.17887306,-51.3726082,Yes,Yes,compound response across 12 wells,active,active,Nuclear fascin,regulation of protein localization to nucleus,GO_1900180,Nuclear actin,actin filament phenotype,CMPO_0000104
1093688991,A9,Homo sapiens,NCBITaxon,9606,HeLa,EFO,EFO_0001185,,,,,SN0188025193,0.1,898,CCNE1,,,Pass,Hoechst:DNA; Alexa Fluor 488 phalloidin:actin; mScarlet:fascin; iRFP:nuclear actin chromobody (nAC),-10.71626472,16.69655991,Yes,Yes,compound response across 12 wells,active,active,Nuclear fascin,regulation of protein localization to nucleus,GO_1900180,Nuclear actin,actin filament phenotype,CMPO_0000104
1093688991,A10,Homo sapiens,NCBITaxon,9606,HeLa,EFO,EFO_0001185,,,,,SN0188025193,0.03,898,CCNE1,,,Pass,Hoechst:DNA; Alexa Fluor 488 phalloidin:actin; mScarlet:fascin; iRFP:nuclear actin chromobody (nAC),-7.047479153,-14.5756483,Yes,Yes,compound response across 12 wells,active,active,Nuclear fascin,regulation of protein localization to nucleus,GO_1900180,Nuclear actin,actin filament phenotype,CMPO_0000104
1093688991,A11,Homo sapiens,NCBITaxon,9606,HeLa,EFO,EFO_0001185,,,,,SN0188025193,0.0125,898,CCNE1,,,Pass,Hoechst:DNA; Alexa Fluor 488 phalloidin:actin; mScarlet:fascin; iRFP:nuclear actin chromobody (nAC),4.44549942,27.8882637,Yes,Yes,compound response across 12 wells,active,active,Nuclear fascin,regulation of protein localization to nucleus,GO_1900180,Nuclear actin,actin filament phenotype,CMPO_0000104
1093688991,A12,Homo sapiens,NCBITaxon,9606,HeLa,EFO,EFO_0001185,DMSO,679,IAZDPXIOMUYVGZ-UHFFFAOYSA-N,CS(=O)C,,,,,Neutral Control,,Pass,Hoechst:DNA; Alexa Fluor 488 phalloidin:actin; mScarlet:fascin; iRFP:nuclear actin chromobody (nAC),0.417123616,9.289739609,,,,,,,,,,,
1093688991,A13,Homo sapiens,NCBITaxon,9606,HeLa,EFO,EFO_0001185,,,,,,,,,Stimulator Control,Leptomycin b blocks nuclear export of fascin,Pass,Hoechst:DNA; Alexa Fluor 488 phalloidin:actin; mScarlet:fascin; iRFP:nuclear actin chromobody (nAC),99.13497925,-34.5828247,,,,,,,,,,,
1093688991,A14,Homo sapiens,NCBITaxon,9606,HeLa,EFO,EFO_0001185,DMSO,679,IAZDPXIOMUYVGZ-UHFFFAOYSA-N,CS(=O)C,,,,,Neutral Control,,Pass,Hoechst:DNA; Alexa Fluor 488 phalloidin:actin; mScarlet:fascin; iRFP:nuclear actin chromobody (nAC),-10.08465099,44.53735733,,,,,,,,,,,
1093688991,A15,Homo sapiens,NCBITaxon,9606,HeLa,EFO,EFO_0001185,,,,,SN0188025193,0.003,898,CCNE1,,,Pass,Hoechst:DNA; Alexa Fluor 488 phalloidin:actin; mScarlet:fascin; iRFP:nuclear actin chromobody (nAC),18.80972099,6.727300644,Yes,Yes,compound response across 12 wells,active,active,Nuclear fascin,regulation of protein localization to nucleus,GO_1900180,Nuclear actin,actin filament phenotype,CMPO_0000104
1093688991,A16,Homo sapiens,NCBITaxon,9606,HeLa,EFO,EFO_0001185,,,,,SN0188025193,0.001,898,CCNE1,,,Pass,Hoechst:DNA; Alexa Fluor 488 phalloidin:actin; mScarlet:fascin; iRFP:nuclear actin chromobody (nAC),1.077082276,6.352642536,Yes,Yes,compound response across 12 wells,active,active,Nuclear fascin,regulation of protein localization to nucleus,GO_1900180,Nuclear actin,actin filament phenotype,CMPO_0000104
1093688991,A17,Homo sapiens,NCBITaxon,9606,HeLa,EFO,EFO_0001185,,,,,SN0188025193,0.0003,898,CCNE1,,,Pass,Hoechst:DNA; Alexa Fluor 488 phalloidin:actin; mScarlet:fascin; iRFP:nuclear actin chromobody (nAC),15.19194984,6.90957737,Yes,Yes,compound response across 12 wells,active,active,Nuclear fascin,regulation of protein localization to nucleus,GO_1900180,Nuclear actin,actin filament phenotype,CMPO_0000104
1093688991,A18,Homo sapiens,NCBITaxon,9606,HeLa,EFO,EFO_0001185,,,,,SN0188025193,0.00003,898,CCNE1,,,Pass,Hoechst:DNA; Alexa Fluor 488 phalloidin:actin; mScarlet:fascin; iRFP:nuclear actin chromobody (nAC),16.37442207,17.447649,Yes,Yes,compound response across 12 wells,active,active,Nuclear fascin,regulation of protein localization to nucleus,GO_1900180,Nuclear actin,actin filament phenotype,CMPO_0000104
1093688991,A19,Homo sapiens,NCBITaxon,9606,HeLa,EFO,EFO_0001185,,,,,SN1070696486,30,4914,NTRK1,,,Pass,Hoechst:DNA; Alexa Fluor 488 phalloidin:actin; mScarlet:fascin; iRFP:nuclear actin chromobody (nAC),77.47660828,-59.3238449,Yes,Yes,compound response across 12 wells,active,active,Nuclear fascin,regulation of protein localization to nucleus,GO_1900180,Nuclear actin,actin filament phenotype,CMPO_0000104
1093688991,A20,Homo sapiens,NCBITaxon,9606,HeLa,EFO,EFO_0001185,,,,,SN1070696486,10,4914,NTRK1,,,Pass,Hoechst:DNA; Alexa Fluor 488 phalloidin:actin; mScarlet:fascin; iRFP:nuclear actin chromobody (nAC),10.001441,-92.2187881,Yes,Yes,compound response across 12 wells,active,active,Nuclear fascin,regulation of protein localization to nucleus,GO_1900180,Nuclear actin,actin filament phenotype,CMPO_0000104
1093688991,A21,Homo sapiens,NCBITaxon,9606,HeLa,EFO,EFO_0001185,,,,,SN1070696486,3.125,4914,NTRK1,,,Pass,Hoechst:DNA; Alexa Fluor 488 phalloidin:actin; mScarlet:fascin; iRFP:nuclear actin chromobody (nAC),64.83673096,-80.7568054,Yes,Yes,compound response across 12 wells,active,active,Nuclear fascin,regulation of protein localization to nucleus,GO_1900180,Nuclear actin,actin filament phenotype,CMPO_0000104
1093688991,A22,Homo sapiens,NCBITaxon,9606,HeLa,EFO,EFO_0001185,,,,,SN1070696486,1.25,4914,NTRK1,,,Pass,Hoechst:DNA; Alexa Fluor 488 phalloidin:actin; mScarlet:fascin; iRFP:nuclear actin chromobody (nAC),43.5746994,-71.8010559,Yes,Yes,compound response across 12 wells,active,active,Nuclear fascin,regulation of protein localization to nucleus,GO_1900180,Nuclear actin,actin filament phenotype,CMPO_0000104
1093688991,A23,Homo sapiens,NCBITaxon,9606,HeLa,EFO,EFO_0001185,DMSO,679,IAZDPXIOMUYVGZ-UHFFFAOYSA-N,CS(=O)C,,,,,Neutral Control,,Pass,Hoechst:DNA; Alexa Fluor 488 phalloidin:actin; mScarlet:fascin; iRFP:nuclear actin chromobody (nAC),-10.89158154,-0.21917444,,,,,,,,,,,
1093688991,A24,Homo sapiens,NCBITaxon,9606,HeLa,EFO,EFO_0001185,,,,,,,,,Stimulator Control,Leptomycin b blocks nuclear export of fascin,Pass,Hoechst:DNA; Alexa Fluor 488 phalloidin:actin; mScarlet:fascin; iRFP:nuclear actin chromobody (nAC),116.8529282,-12.5210686,,,,,,,,,,,
1093688991,B1,Homo sapiens,NCBITaxon,9606,HeLa,EFO,EFO_0001185,,,,,SN1070696486,0.3,4914,NTRK1,,,Pass,Hoechst:DNA; Alexa Fluor 488 phalloidin:actin; mScarlet:fascin; iRFP:nuclear actin chromobody (nAC),9.196843147,-19.8000679,Yes,Yes,compound response across 12 wells,active,active,Nuclear fascin,regulation of protein localization to nucleus,GO_1900180,Nuclear actin,actin filament phenotype,CMPO_0000104
1093688991,B2,Homo sapiens,NCBITaxon,9606,HeLa,EFO,EFO_0001185,,,,,SN1070696486,0.1,4914,NTRK1,,,Pass,Hoechst:DNA; Alexa Fluor 488 phalloidin:actin; mScarlet:fascin; iRFP:nuclear actin chromobody (nAC),10.57829762,-13.4045334,Yes,Yes,compound response across 12 wells,active,active,Nuclear fascin,regulation of protein localization to nucleus,GO_1900180,Nuclear actin,actin filament phenotype,CMPO_0000104
1093688991,B3,Homo sapiens,NCBITaxon,9606,HeLa,EFO,EFO_0001185,,,,,SN1070696486,0.03,4914,NTRK1,,,Pass,Hoechst:DNA; Alexa Fluor 488 phalloidin:actin; mScarlet:fascin; iRFP:nuclear actin chromobody (nAC),12.39147758,-0.49276161,Yes,Yes,compound response across 12 wells,active,active,Nuclear fascin,regulation of protein localization to nucleus,GO_1900180,Nuclear actin,actin filament phenotype,CMPO_0000104
1093688991,B4,Homo sapiens,NCBITaxon,9606,HeLa,EFO,EFO_0001185,,,,,SN1070696486,0.0125,4914,NTRK1,,,Pass,Hoechst:DNA; Alexa Fluor 488 phalloidin:actin; mScarlet:fascin; iRFP:nuclear actin chromobody (nAC),19.05037689,-8.36799049,Yes,Yes,compound response across 12 wells,active,active,Nuclear fascin,regulation of protein localization to nucleus,GO_1900180,Nuclear actin,actin filament phenotype,CMPO_0000104
1093688991,B5,Homo sapiens,NCBITaxon,9606,HeLa,EFO,EFO_0001185,,,,,SN1070696486,0.003,4914,NTRK1,,,Pass,Hoechst:DNA; Alexa Fluor 488 phalloidin:actin; mScarlet:fascin; iRFP:nuclear actin chromobody (nAC),16.71279907,-31.3298931,Yes,Yes,compound response across 12 wells,active,active,Nuclear fascin,regulation of protein localization to nucleus,GO_1900180,Nuclear actin,actin filament phenotype,CMPO_0000104
1093688991,B6,Homo sapiens,NCBITaxon,9606,HeLa,EFO,EFO_0001185,,,,,SN1070696486,0.001,4914,NTRK1,,,Pass,Hoechst:DNA; Alexa Fluor 488 phalloidin:actin; mScarlet:fascin; iRFP:nuclear actin chromobody (nAC),5.597048759,25.31782532,Yes,Yes,compound response across 12 wells,active,active,Nuclear fascin,regulation of protein localization to nucleus,GO_1900180,Nuclear actin,actin filament phenotype,CMPO_0000104
1093688991,B7,Homo sapiens,NCBITaxon,9606,HeLa,EFO,EFO_0001185,,,,,SN1070696486,0.0003,4914,NTRK1,,,Pass,Hoechst:DNA; Alexa Fluor 488 phalloidin:actin; mScarlet:fascin; iRFP:nuclear actin chromobody (nAC),5.08366251,15.95242119,Yes,Yes,compound response across 12 wells,active,active,Nuclear fascin,regulation of protein localization to nucleus,GO_1900180,Nuclear actin,actin filament phenotype,CMPO_0000104
1093688991,B8,Homo sapiens,NCBITaxon,9606,HeLa,EFO,EFO_0001185,,,,,SN1070696486,0.00003,4914,NTRK1,,,Pass,Hoechst:DNA; Alexa Fluor 488 phalloidin:actin; mScarlet:fascin; iRFP:nuclear actin chromobody (nAC),14.08046436,3.947294235,Yes,Yes,compound response across 12 wells,active,active,Nuclear fascin,regulation of protein localization to nucleus,GO_1900180,Nuclear actin,actin filament phenotype,CMPO_0000104
1093688991,B9,Homo sapiens,NCBITaxon,9606,HeLa,EFO,EFO_0001185,,,,,SN1066599784,30,25,ABL1,,,Pass,Hoechst:DNA; Alexa Fluor 488 phalloidin:actin; mScarlet:fascin; iRFP:nuclear actin chromobody (nAC),37.64171219,18.69331551,,,compound response across 12 wells,inactive,inactive,,,,,,
1093688991,B10,Homo sapiens,NCBITaxon,9606,HeLa,EFO,EFO_0001185,,,,,SN1066599784,10,25,ABL1,,,Pass,Hoechst:DNA; Alexa Fluor 488 phalloidin:actin; mScarlet:fascin; iRFP:nuclear actin chromobody (nAC),61.21676636,-14.3457079,,,compound response across 12 wells,inactive,inactive,,,,,,
1093688991,B11,Homo sapiens,NCBITaxon,9606,HeLa,EFO,EFO_0001185,,,,,SN1066599784,3.125,25,ABL1,,,Pass,Hoechst:DNA; Alexa Fluor 488 phalloidin:actin; mScarlet:fascin; iRFP:nuclear actin chromobody (nAC),70.86785126,-68.8138046,,,compound response across 12 wells,inactive,inactive,,,,,,
1093688991,B12,Homo sapiens,NCBITaxon,9606,HeLa,EFO,EFO_0001185,,,,,SN1066599784,1.25,25,ABL1,,,Pass,Hoechst:DNA; Alexa Fluor 488 phalloidin:actin; mScarlet:fascin; iRFP:nuclear actin chromobody (nAC),63.3430748,-27.2705956,,,compound response across 12 wells,inactive,inactive,,,,,,
1093688991,B13,Homo sapiens,NCBITaxon,9606,HeLa,EFO,EFO_0001185,,,,,SN1066599784,0.3,25,ABL1,,,Pass,Hoechst:DNA; Alexa Fluor 488 phalloidin:actin; mScarlet:fascin; iRFP:nuclear actin chromobody (nAC),51.86204529,-69.0777512,,,compound response across 12 wells,inactive,inactive,,,,,,
1093688991,B14,Homo sapiens,NCBITaxon,9606,HeLa,EFO,EFO_0001185,,,,,SN1066599784,0.1,25,ABL1,,,Pass,Hoechst:DNA; Alexa Fluor 488 phalloidin:actin; mScarlet:fascin; iRFP:nuclear actin chromobody (nAC),56.54763412,-96.8732071,,,compound response across 12 wells,inactive,inactive,,,,,,
1093688991,B15,Homo sapiens,NCBITaxon,9606,HeLa,EFO,EFO_0001185,,,,,SN1066599784,0.03,25,ABL1,,,Pass,Hoechst:DNA; Alexa Fluor 488 phalloidin:actin; mScarlet:fascin; iRFP:nuclear actin chromobody (nAC),29.92861557,-38.2790108,,,compound response across 12 wells,inactive,inactive,,,,,,
1093688991,B16,Homo sapiens,NCBITaxon,9606,HeLa,EFO,EFO_0001185,,,,,SN1066599784,0.0125,25,ABL1,,,Pass,Hoechst:DNA; Alexa Fluor 488 phalloidin:actin; mScarlet:fascin; iRFP:nuclear actin chromobody (nAC),22.73471642,-6.16880131,,,compound response across 12 wells,inactive,inactive,,,,,,
1093688991,B17,Homo sapiens,NCBITaxon,9606,HeLa,EFO,EFO_0001185,,,,,SN1066599784,0.003,25,ABL1,,,Pass,Hoechst:DNA; Alexa Fluor 488 phalloidin:actin; mScarlet:fascin; iRFP:nuclear actin chromobody (nAC),12.86110401,-27.3233662,,,compound response across 12 wells,inactive,inactive,,,,,,
1093688991,B18,Homo sapiens,NCBITaxon,9606,HeLa,EFO,EFO_0001185,,,,,SN1066599784,0.001,25,ABL1,,,Pass,Hoechst:DNA; Alexa Fluor 488 phalloidin:actin; mScarlet:fascin; iRFP:nuclear actin chromobody (nAC),8.785210609,-15.9805059,,,compound response across 12 wells,inactive,inactive,,,,,,
1093688991,B19,Homo sapiens,NCBITaxon,9606,HeLa,EFO,EFO_0001185,,,,,SN1066599784,0.0003,25,ABL1,,,Pass,Hoechst:DNA; Alexa Fluor 488 phalloidin:actin; mScarlet:fascin; iRFP:nuclear actin chromobody (nAC),5.238440514,-42.7312927,,,compound response across 12 wells,inactive,inactive,,,,,,
1093688991,B20,Homo sapiens,NCBITaxon,9606,HeLa,EFO,EFO_0001185,,,,,SN1066599784,0.00003,25,ABL1,,,Pass,Hoechst:DNA; Alexa Fluor 488 phalloidin:actin; mScarlet:fascin; iRFP:nuclear actin chromobody (nAC),6.917410851,0.821660161,,,compound response across 12 wells,inactive,inactive,,,,,,
1093688991,B21,Homo sapiens,NCBITaxon,9606,HeLa,EFO,EFO_0001185,,,,,SN1110326954,30,891,CCNB1,,,Fail,Hoechst:DNA; Alexa Fluor 488 phalloidin:actin; mScarlet:fascin; iRFP:nuclear actin chromobody (nAC),37.89258575,-397.717133,Yes,Yes,compound response across 12 wells,active,active,Nuclear fascin,regulation of protein localization to nucleus,GO_1900180,Nuclear actin,actin filament phenotype,CMPO_0000104
1093688991,B22,Homo sapiens,NCBITaxon,9606,HeLa,EFO,EFO_0001185,,,,,SN1110326954,10,891,CCNB1,,,Pass,Hoechst:DNA; Alexa Fluor 488 phalloidin:actin; mScarlet:fascin; iRFP:nuclear actin chromobody (nAC),68.67675018,-317.218964,Yes,Yes,compound response across 12 wells,active,active,Nuclear fascin,regulation of protein localization to nucleus,GO_1900180,Nuclear actin,actin filament phenotype,CMPO_0000104
1093688991,B23,Homo sapiens,NCBITaxon,9606,HeLa,EFO,EFO_0001185,,,,,SN1110326954,3.125,891,CCNB1,,,Pass,Hoechst:DNA; Alexa Fluor 488 phalloidin:actin; mScarlet:fascin; iRFP:nuclear actin chromobody (nAC),112.6290817,-121.124733,Yes,Yes,compound response across 12 wells,active,active,Nuclear fascin,regulation of protein localization to nucleus,GO_1900180,Nuclear actin,actin filament phenotype,CMPO_0000104
1093688991,B24,Homo sapiens,NCBITaxon,9606,HeLa,EFO,EFO_0001185,,,,,SN1110326954,1.25,891,CCNB1,,,Pass,Hoechst:DNA; Alexa Fluor 488 phalloidin:actin; mScarlet:fascin; iRFP:nuclear actin chromobody (nAC),74.53540802,-111.642548,Yes,Yes,compound response across 12 wells,active,active,Nuclear fascin,regulation of protein localization to nucleus,GO_1900180,Nuclear actin,actin filament phenotype,CMPO_0000104
1093688991,C1,Homo sapiens,NCBITaxon,9606,HeLa,EFO,EFO_0001185,,,,,SN1110326954,0.3,891,CCNB1,,,Pass,Hoechst:DNA; Alexa Fluor 488 phalloidin:actin; mScarlet:fascin; iRFP:nuclear actin chromobody (nAC),16.24742126,-55.44664,Yes,Yes,compound response across 12 wells,active,active,Nuclear fascin,regulation of protein localization to nucleus,GO_1900180,Nuclear actin,actin filament phenotype,CMPO_0000104
1093688991,C2,Homo sapiens,NCBITaxon,9606,HeLa,EFO,EFO_0001185,,,,,SN1110326954,0.1,891,CCNB1,,,Pass,Hoechst:DNA; Alexa Fluor 488 phalloidin:actin; mScarlet:fascin; iRFP:nuclear actin chromobody (nAC),11.40328026,-44.6475983,Yes,Yes,compound response across 12 wells,active,active,Nuclear fascin,regulation of protein localization to nucleus,GO_1900180,Nuclear actin,actin filament phenotype,CMPO_0000104
1093688991,C3,Homo sapiens,NCBITaxon,9606,HeLa,EFO,EFO_0001185,,,,,SN1110326954,0.03,891,CCNB1,,,Pass,Hoechst:DNA; Alexa Fluor 488 phalloidin:actin; mScarlet:fascin; iRFP:nuclear actin chromobody (nAC),12.77020931,-10.8697386,Yes,Yes,compound response across 12 wells,active,active,Nuclear fascin,regulation of protein localization to nucleus,GO_1900180,Nuclear actin,actin filament phenotype,CMPO_0000104
1093688991,C4,Homo sapiens,NCBITaxon,9606,HeLa,EFO,EFO_0001185,,,,,SN1110326954,0.0125,891,CCNB1,,,Pass,Hoechst:DNA; Alexa Fluor 488 phalloidin:actin; mScarlet:fascin; iRFP:nuclear actin chromobody (nAC),1.448912144,-23.1446133,Yes,Yes,compound response across 12 wells,active,active,Nuclear fascin,regulation of protein localization to nucleus,GO_1900180,Nuclear actin,actin filament phenotype,CMPO_0000104
1093688991,C5,Homo sapiens,NCBITaxon,9606,HeLa,EFO,EFO_0001185,DMSO,679,IAZDPXIOMUYVGZ-UHFFFAOYSA-N,CS(=O)C,,,,,Neutral Control,,Pass,Hoechst:DNA; Alexa Fluor 488 phalloidin:actin; mScarlet:fascin; iRFP:nuclear actin chromobody (nAC),0.06888406,-31.7214298,,,,,,,,,,,
1093688991,C6,Homo sapiens,NCBITaxon,9606,HeLa,EFO,EFO_0001185,,,,,,,,,Stimulator Control,Leptomycin b blocks nuclear export of fascin,Pass,Hoechst:DNA; Alexa Fluor 488 phalloidin:actin; mScarlet:fascin; iRFP:nuclear actin chromobody (nAC),118.6030197,33.39628601,,,,,,,,,,,
1093688991,C7,Homo sapiens,NCBITaxon,9606,HeLa,EFO,EFO_0001185,DMSO,679,IAZDPXIOMUYVGZ-UHFFFAOYSA-N,CS(=O)C,,,,,Neutral Control,,Pass,Hoechst:DNA; Alexa Fluor 488 phalloidin:actin; mScarlet:fascin; iRFP:nuclear actin chromobody (nAC),-8.502818108,1.182904005,,,,,,,,,,,
1093688991,C8,Homo sapiens,NCBITaxon,9606,HeLa,EFO,EFO_0001185,,,,,SN1110326954,0.003,891,CCNB1,,,Pass,Hoechst:DNA; Alexa Fluor 488 phalloidin:actin; mScarlet:fascin; iRFP:nuclear actin chromobody (nAC),0.632948041,-12.9481401,Yes,Yes,compound response across 12 wells,active,active,Nuclear fascin,regulation of protein localization to nucleus,GO_1900180,Nuclear actin,actin filament phenotype,CMPO_0000104
1093688991,C9,Homo sapiens,NCBITaxon,9606,HeLa,EFO,EFO_0001185,,,,,SN1110326954,0.001,891,CCNB1,,,Pass,Hoechst:DNA; Alexa Fluor 488 phalloidin:actin; mScarlet:fascin; iRFP:nuclear actin chromobody (nAC),8.665664673,19.05655861,Yes,Yes,compound response across 12 wells,active,active,Nuclear fascin,regulation of protein localization to nucleus,GO_1900180,Nuclear actin,actin filament phenotype,CMPO_0000104
1093688991,C10,Homo sapiens,NCBITaxon,9606,HeLa,EFO,EFO_0001185,,,,,SN1110326954,0.0003,891,CCNB1,,,Pass,Hoechst:DNA; Alexa Fluor 488 phalloidin:actin; mScarlet:fascin; iRFP:nuclear actin chromobody (nAC),5.280375481,-15.5718775,Yes,Yes,compound response across 12 wells,active,active,Nuclear fascin,regulation of protein localization to nucleus,GO_1900180,Nuclear actin,actin filament phenotype,CMPO_0000104
1093688991,C11,Homo sapiens,NCBITaxon,9606,HeLa,EFO,EFO_0001185,,,,,SN1110326954,0.00003,891,CCNB1,,,Pass,Hoechst:DNA; Alexa Fluor 488 phalloidin:actin; mScarlet:fascin; iRFP:nuclear actin chromobody (nAC),9.656837463,2.989492178,Yes,Yes,compound response across 12 wells,active,active,Nuclear fascin,regulation of protein localization to nucleus,GO_1900180,Nuclear actin,actin filament phenotype,CMPO_0000104
1093688991,C12,Homo sapiens,NCBITaxon,9606,HeLa,EFO,EFO_0001185,,,,,SN1110327072,30,1025,CDK9,,,Pass,Hoechst:DNA; Alexa Fluor 488 phalloidin:actin; mScarlet:fascin; iRFP:nuclear actin chromobody (nAC),24.45373535,-73.467514,,Yes,compound response across 12 wells,active,inactive,Nuclear fascin,regulation of protein localization to nucleus,GO_1900180,,,
1093688991,C13,Homo sapiens,NCBITaxon,9606,HeLa,EFO,EFO_0001185,,,,,SN1110327072,10,1025,CDK9,,,Pass,Hoechst:DNA; Alexa Fluor 488 phalloidin:actin; mScarlet:fascin; iRFP:nuclear actin chromobody (nAC),59.38866043,-300.301849,,Yes,compound response across 12 wells,active,inactive,Nuclear fascin,regulation of protein localization to nucleus,GO_1900180,,,
1093688991,C14,Homo sapiens,NCBITaxon,9606,HeLa,EFO,EFO_0001185,,,,,SN1110327072,3.125,1025,CDK9,,,Pass,Hoechst:DNA; Alexa Fluor 488 phalloidin:actin; mScarlet:fascin; iRFP:nuclear actin chromobody (nAC),35.92806244,112.4173813,,Yes,compound response across 12 wells,active,inactive,Nuclear fascin,regulation of protein localization to nucleus,GO_1900180,,,
1093688991,C15,Homo sapiens,NCBITaxon,9606,HeLa,EFO,EFO_0001185,,,,,SN1110327072,1.25,1025,CDK9,,,Pass,Hoechst:DNA; Alexa Fluor 488 phalloidin:actin; mScarlet:fascin; iRFP:nuclear actin chromobody (nAC),17.86065102,-14.4696493,,Yes,compound response across 12 wells,active,inactive,Nuclear fascin,regulation of protein localization to nucleus,GO_1900180,,,
1093688991,C16,Homo sapiens,NCBITaxon,9606,HeLa,EFO,EFO_0001185,DMSO,679,IAZDPXIOMUYVGZ-UHFFFAOYSA-N,CS(=O)C,,,,,Neutral Control,,Pass,Hoechst:DNA; Alexa Fluor 488 phalloidin:actin; mScarlet:fascin; iRFP:nuclear actin chromobody (nAC),5.883229733,-26.3829899,,,,,,,,,,,
1093688991,C17,Homo sapiens,NCBITaxon,9606,HeLa,EFO,EFO_0001185,,,,,,,,,Stimulator Control,Leptomycin b blocks nuclear export of fascin,Pass,Hoechst:DNA; Alexa Fluor 488 phalloidin:actin; mScarlet:fascin; iRFP:nuclear actin chromobody (nAC),89.21012115,4.313798904,,,,,,,,,,,
1093688991,C18,Homo sapiens,NCBITaxon,9606,HeLa,EFO,EFO_0001185,DMSO,679,IAZDPXIOMUYVGZ-UHFFFAOYSA-N,CS(=O)C,,,,,Neutral Control,,Pass,Hoechst:DNA; Alexa Fluor 488 phalloidin:actin; mScarlet:fascin; iRFP:nuclear actin chromobody (nAC),-0.91845417,0.219174445,,,,,,,,,,,
1093688991,C19,Homo sapiens,NCBITaxon,9606,HeLa,EFO,EFO_0001185,,,,,SN1110327072,0.3,1025,CDK9,,,Pass,Hoechst:DNA; Alexa Fluor 488 phalloidin:actin; mScarlet:fascin; iRFP:nuclear actin chromobody (nAC),13.45309925,-34.1125603,,Yes,compound response across 12 wells,active,inactive,Nuclear fascin,regulation of protein localization to nucleus,GO_1900180,,,
1093688991,C20,Homo sapiens,NCBITaxon,9606,HeLa,EFO,EFO_0001185,,,,,SN1110327072,0.1,1025,CDK9,,,Pass,Hoechst:DNA; Alexa Fluor 488 phalloidin:actin; mScarlet:fascin; iRFP:nuclear actin chromobody (nAC),21.85796738,9.542991638,,Yes,compound response across 12 wells,active,inactive,Nuclear fascin,regulation of protein localization to nucleus,GO_1900180,,,
1093688991,C21,Homo sapiens,NCBITaxon,9606,HeLa,EFO,EFO_0001185,,,,,SN1110327072,0.03,1025,CDK9,,,Pass,Hoechst:DNA; Alexa Fluor 488 phalloidin:actin; mScarlet:fascin; iRFP:nuclear actin chromobody (nAC),13.37852478,8.161468506,,Yes,compound response across 12 wells,active,inactive,Nuclear fascin,regulation of protein localization to nucleus,GO_1900180,,,
1093688991,C22,Homo sapiens,NCBITaxon,9606,HeLa,EFO,EFO_0001185,,,,,SN1110327072,0.0125,1025,CDK9,,,Pass,Hoechst:DNA; Alexa Fluor 488 phalloidin:actin; mScarlet:fascin; iRFP:nuclear actin chromobody (nAC),15.20382214,-7.02481222,,Yes,compound response across 12 wells,active,inactive,Nuclear fascin,regulation of protein localization to nucleus,GO_1900180,,,
1093688991,C23,Homo sapiens,NCBITaxon,9606,HeLa,EFO,EFO_0001185,,,,,SN1110327072,0.003,1025,CDK9,,,Pass,Hoechst:DNA; Alexa Fluor 488 phalloidin:actin; mScarlet:fascin; iRFP:nuclear actin chromobody (nAC),7.379429817,3.360674858,,Yes,compound response across 12 wells,active,inactive,Nuclear fascin,regulation of protein localization to nucleus,GO_1900180,,,
1093688991,C24,Homo sapiens,NCBITaxon,9606,HeLa,EFO,EFO_0001185,,,,,SN1110327072,0.001,1025,CDK9,,,Pass,Hoechst:DNA; Alexa Fluor 488 phalloidin:actin; mScarlet:fascin; iRFP:nuclear actin chromobody (nAC),8.644604683,-8.23036671,,Yes,compound response across 12 wells,active,inactive,Nuclear fascin,regulation of protein localization to nucleus,GO_1900180,,,
1093688991,D1,Homo sapiens,NCBITaxon,9606,HeLa,EFO,EFO_0001185,,,,,SN1110327072,0.0003,1025,CDK9,,,Pass,Hoechst:DNA; Alexa Fluor 488 phalloidin:actin; mScarlet:fascin; iRFP:nuclear actin chromobody (nAC),12.42198563,-31.4528351,,Yes,compound response across 12 wells,active,inactive,Nuclear fascin,regulation of protein localization to nucleus,GO_1900180,,,
1093688991,D2,Homo sapiens,NCBITaxon,9606,HeLa,EFO,EFO_0001185,,,,,SN1110327072,0.00003,1025,CDK9,,,Pass,Hoechst:DNA; Alexa Fluor 488 phalloidin:actin; mScarlet:fascin; iRFP:nuclear actin chromobody (nAC),5.682452202,-34.7741737,,Yes,compound response across 12 wells,active,inactive,Nuclear fascin,regulation of protein localization to nucleus,GO_1900180,,,
1093688991,D3,Homo sapiens,NCBITaxon,9606,HeLa,EFO,EFO_0001185,,,,,SN1059806504,30,1544,CYP1A2,,,Pass,Hoechst:DNA; Alexa Fluor 488 phalloidin:actin; mScarlet:fascin; iRFP:nuclear actin chromobody (nAC),-3.272184849,-40.6313171,,Yes,compound response across 12 wells,inactive,active,,,,Nuclear actin,actin filament phenotype,CMPO_0000104
1093688991,D4,Homo sapiens,NCBITaxon,9606,HeLa,EFO,EFO_0001185,,,,,SN1059806504,10,1544,CYP1A2,,,Pass,Hoechst:DNA; Alexa Fluor 488 phalloidin:actin; mScarlet:fascin; iRFP:nuclear actin chromobody (nAC),26.04026222,-15.9107504,,Yes,compound response across 12 wells,inactive,active,,,,Nuclear actin,actin filament phenotype,CMPO_0000104
1093688991,D5,Homo sapiens,NCBITaxon,9606,HeLa,EFO,EFO_0001185,,,,,SN1059806504,3.125,1544,CYP1A2,,,Pass,Hoechst:DNA; Alexa Fluor 488 phalloidin:actin; mScarlet:fascin; iRFP:nuclear actin chromobody (nAC),19.31704903,41.60657883,,Yes,compound response across 12 wells,inactive,active,,,,Nuclear actin,actin filament phenotype,CMPO_0000104
1093688991,D6,Homo sapiens,NCBITaxon,9606,HeLa,EFO,EFO_0001185,,,,,SN1059806504,1.25,1544,CYP1A2,,,Pass,Hoechst:DNA; Alexa Fluor 488 phalloidin:actin; mScarlet:fascin; iRFP:nuclear actin chromobody (nAC),36.60627365,7.287841797,,Yes,compound response across 12 wells,inactive,active,,,,Nuclear actin,actin filament phenotype,CMPO_0000104
1093688991,D7,Homo sapiens,NCBITaxon,9606,HeLa,EFO,EFO_0001185,,,,,SN1059806504,0.3,1544,CYP1A2,,,Pass,Hoechst:DNA; Alexa Fluor 488 phalloidin:actin; mScarlet:fascin; iRFP:nuclear actin chromobody (nAC),32.61340714,15.96932316,,Yes,compound response across 12 wells,inactive,active,,,,Nuclear actin,actin filament phenotype,CMPO_0000104
1093688991,D8,Homo sapiens,NCBITaxon,9606,HeLa,EFO,EFO_0001185,,,,,SN1059806504,0.1,1544,CYP1A2,,,Pass,Hoechst:DNA; Alexa Fluor 488 phalloidin:actin; mScarlet:fascin; iRFP:nuclear actin chromobody (nAC),3.520096779,21.57061386,,Yes,compound response across 12 wells,inactive,active,,,,Nuclear actin,actin filament phenotype,CMPO_0000104
1093688991,D9,Homo sapiens,NCBITaxon,9606,HeLa,EFO,EFO_0001185,,,,,SN1059806504,0.03,1544,CYP1A2,,,Pass,Hoechst:DNA; Alexa Fluor 488 phalloidin:actin; mScarlet:fascin; iRFP:nuclear actin chromobody (nAC),16.14118767,-11.2060041,,Yes,compound response across 12 wells,inactive,active,,,,Nuclear actin,actin filament phenotype,CMPO_0000104
1093688991,D10,Homo sapiens,NCBITaxon,9606,HeLa,EFO,EFO_0001185,,,,,SN1059806504,0.0125,1544,CYP1A2,,,Pass,Hoechst:DNA; Alexa Fluor 488 phalloidin:actin; mScarlet:fascin; iRFP:nuclear actin chromobody (nAC),-0.739901662,-7.01184416,,Yes,compound response across 12 wells,inactive,active,,,,Nuclear actin,actin filament phenotype,CMPO_0000104
1093688991,D11,Homo sapiens,NCBITaxon,9606,HeLa,EFO,EFO_0001185,,,,,SN1059806504,0.003,1544,CYP1A2,,,Pass,Hoechst:DNA; Alexa Fluor 488 phalloidin:actin; mScarlet:fascin; iRFP:nuclear actin chromobody (nAC),9.862614632,14.40026283,,Yes,compound response across 12 wells,inactive,active,,,,Nuclear actin,actin filament phenotype,CMPO_0000104
1093688991,D12,Homo sapiens,NCBITaxon,9606,HeLa,EFO,EFO_0001185,,,,,SN1059806504,0.001,1544,CYP1A2,,,Pass,Hoechst:DNA; Alexa Fluor 488 phalloidin:actin; mScarlet:fascin; iRFP:nuclear actin chromobody (nAC),4.198875427,0.976489127,,Yes,compound response across 12 wells,inactive,active,,,,Nuclear actin,actin filament phenotype,CMPO_0000104
1093688991,D13,Homo sapiens,NCBITaxon,9606,HeLa,EFO,EFO_0001185,,,,,SN1059806504,0.0003,1544,CYP1A2,,,Pass,Hoechst:DNA; Alexa Fluor 488 phalloidin:actin; mScarlet:fascin; iRFP:nuclear actin chromobody (nAC),7.828226566,-14.2599258,,Yes,compound response across 12 wells,inactive,active,,,,Nuclear actin,actin filament phenotype,CMPO_0000104
1093688991,D14,Homo sapiens,NCBITaxon,9606,HeLa,EFO,EFO_0001185,,,,,SN1059806504,0.00003,1544,CYP1A2,,,Pass,Hoechst:DNA; Alexa Fluor 488 phalloidin:actin; mScarlet:fascin; iRFP:nuclear actin chromobody (nAC),3.264546394,-0.10348119,,Yes,compound response across 12 wells,inactive,active,,,,Nuclear actin,actin filament phenotype,CMPO_0000104
1093688991,D15,Homo sapiens,NCBITaxon,9606,HeLa,EFO,EFO_0001185,,,,,SN1093820887,30,1585,CYP11B2,,,Pass,Hoechst:DNA; Alexa Fluor 488 phalloidin:actin; mScarlet:fascin; iRFP:nuclear actin chromobody (nAC),47.65534973,10.0993309,,Yes,compound response across 12 wells,active,inactive,Nuclear fascin,regulation of protein localization to nucleus,GO_1900180,,,
1093688991,D16,Homo sapiens,NCBITaxon,9606,HeLa,EFO,EFO_0001185,,,,,SN1093820887,10,1585,CYP11B2,,,Pass,Hoechst:DNA; Alexa Fluor 488 phalloidin:actin; mScarlet:fascin; iRFP:nuclear actin chromobody (nAC),24.38250351,-18.196312,,Yes,compound response across 12 wells,active,inactive,Nuclear fascin,regulation of protein localization to nucleus,GO_1900180,,,
1093688991,D17,Homo sapiens,NCBITaxon,9606,HeLa,EFO,EFO_0001185,,,,,SN1093820887,3.125,1585,CYP11B2,,,Pass,Hoechst:DNA; Alexa Fluor 488 phalloidin:actin; mScarlet:fascin; iRFP:nuclear actin chromobody (nAC),12.53522778,-7.90238476,,Yes,compound response across 12 wells,active,inactive,Nuclear fascin,regulation of protein localization to nucleus,GO_1900180,,,
1093688991,D18,Homo sapiens,NCBITaxon,9606,HeLa,EFO,EFO_0001185,,,,,SN1093820887,1.25,1585,CYP11B2,,,Pass,Hoechst:DNA; Alexa Fluor 488 phalloidin:actin; mScarlet:fascin; iRFP:nuclear actin chromobody (nAC),7.194450378,24.03487968,,Yes,compound response across 12 wells,active,inactive,Nuclear fascin,regulation of protein localization to nucleus,GO_1900180,,,
1093688991,D19,Homo sapiens,NCBITaxon,9606,HeLa,EFO,EFO_0001185,,,,,SN1093820887,0.3,1585,CYP11B2,,,Pass,Hoechst:DNA; Alexa Fluor 488 phalloidin:actin; mScarlet:fascin; iRFP:nuclear actin chromobody (nAC),34.49907303,20.4929409,,Yes,compound response across 12 wells,active,inactive,Nuclear fascin,regulation of protein localization to nucleus,GO_1900180,,,
1093688991,D20,Homo sapiens,NCBITaxon,9606,HeLa,EFO,EFO_0001185,,,,,SN1093820887,0.1,1585,CYP11B2,,,Pass,Hoechst:DNA; Alexa Fluor 488 phalloidin:actin; mScarlet:fascin; iRFP:nuclear actin chromobody (nAC),19.2426281,4.214686394,,Yes,compound response across 12 wells,active,inactive,Nuclear fascin,regulation of protein localization to nucleus,GO_1900180,,,
1093688991,D21,Homo sapiens,NCBITaxon,9606,HeLa,EFO,EFO_0001185,,,,,SN1093820887,0.03,1585,CYP11B2,,,Pass,Hoechst:DNA; Alexa Fluor 488 phalloidin:actin; mScarlet:fascin; iRFP:nuclear actin chromobody (nAC),15.41645622,4.806876183,,Yes,compound response across 12 wells,active,inactive,Nuclear fascin,regulation of protein localization to nucleus,GO_1900180,,,
1093688991,D22,Homo sapiens,NCBITaxon,9606,HeLa,EFO,EFO_0001185,,,,,SN1093820887,0.0125,1585,CYP11B2,,,Pass,Hoechst:DNA; Alexa Fluor 488 phalloidin:actin; mScarlet:fascin; iRFP:nuclear actin chromobody (nAC),21.55874825,9.309843063,,Yes,compound response across 12 wells,active,inactive,Nuclear fascin,regulation of protein localization to nucleus,GO_1900180,,,
1093688991,D23,Homo sapiens,NCBITaxon,9606,HeLa,EFO,EFO_0001185,,,,,SN1093820887,0.003,1585,CYP11B2,,,Pass,Hoechst:DNA; Alexa Fluor 488 phalloidin:actin; mScarlet:fascin; iRFP:nuclear actin chromobody (nAC),19.78889847,4.164695263,,Yes,compound response across 12 wells,active,inactive,Nuclear fascin,regulation of protein localization to nucleus,GO_1900180,,,
1093688991,D24,Homo sapiens,NCBITaxon,9606,HeLa,EFO,EFO_0001185,,,,,SN1093820887,0.001,1585,CYP11B2,,,Pass,Hoechst:DNA; Alexa Fluor 488 phalloidin:actin; mScarlet:fascin; iRFP:nuclear actin chromobody (nAC),5.67002821,-52.7866058,,Yes,compound response across 12 wells,active,inactive,Nuclear fascin,regulation of protein localization to nucleus,GO_1900180,,,
1093688991,E1,Homo sapiens,NCBITaxon,9606,HeLa,EFO,EFO_0001185,,,,,SN1093820887,0.0003,1585,CYP11B2,,,Pass,Hoechst:DNA; Alexa Fluor 488 phalloidin:actin; mScarlet:fascin; iRFP:nuclear actin chromobody (nAC),11.83546638,-54.3442039,,Yes,compound response across 12 wells,active,inactive,Nuclear fascin,regulation of protein localization to nucleus,GO_1900180,,,
1093688991,E2,Homo sapiens,NCBITaxon,9606,HeLa,EFO,EFO_0001185,,,,,SN1093820887,0.00003,1585,CYP11B2,,,Pass,Hoechst:DNA; Alexa Fluor 488 phalloidin:actin; mScarlet:fascin; iRFP:nuclear actin chromobody (nAC),8.682797432,-21.8155098,,Yes,compound response across 12 wells,active,inactive,Nuclear fascin,regulation of protein localization to nucleus,GO_1900180,,,
1093688991,E3,Homo sapiens,NCBITaxon,9606,HeLa,EFO,EFO_0001185,,,,,SN1123197491,30,,,,,Pass,Hoechst:DNA; Alexa Fluor 488 phalloidin:actin; mScarlet:fascin; iRFP:nuclear actin chromobody (nAC),109.3735352,-302.744965,Yes,Yes,compound response across 12 wells,active,active,Nuclear fascin,regulation of protein localization to nucleus,GO_1900180,Nuclear actin,actin filament phenotype,CMPO_0000104
1093688991,E4,Homo sapiens,NCBITaxon,9606,HeLa,EFO,EFO_0001185,,,,,SN1123197491,10,,,,,Pass,Hoechst:DNA; Alexa Fluor 488 phalloidin:actin; mScarlet:fascin; iRFP:nuclear actin chromobody (nAC),141.4599762,-75.5995789,Yes,Yes,compound response across 12 wells,active,active,Nuclear fascin,regulation of protein localization to nucleus,GO_1900180,Nuclear actin,actin filament phenotype,CMPO_0000104
1093688991,E5,Homo sapiens,NCBITaxon,9606,HeLa,EFO,EFO_0001185,,,,,SN1123197491,3.125,,,,,Pass,Hoechst:DNA; Alexa Fluor 488 phalloidin:actin; mScarlet:fascin; iRFP:nuclear actin chromobody (nAC),60.34021378,10.30580521,Yes,Yes,compound response across 12 wells,active,active,Nuclear fascin,regulation of protein localization to nucleus,GO_1900180,Nuclear actin,actin filament phenotype,CMPO_0000104
1093688991,E6,Homo sapiens,NCBITaxon,9606,HeLa,EFO,EFO_0001185,,,,,SN1123197491,1.25,,,,,Pass,Hoechst:DNA; Alexa Fluor 488 phalloidin:actin; mScarlet:fascin; iRFP:nuclear actin chromobody (nAC),-19.11561203,-12.7281027,Yes,Yes,compound response across 12 wells,active,active,Nuclear fascin,regulation of protein localization to nucleus,GO_1900180,Nuclear actin,actin filament phenotype,CMPO_0000104
1093688991,E7,Homo sapiens,NCBITaxon,9606,HeLa,EFO,EFO_0001185,,,,,SN1123197491,0.3,,,,,Pass,Hoechst:DNA; Alexa Fluor 488 phalloidin:actin; mScarlet:fascin; iRFP:nuclear actin chromobody (nAC),5.024610043,0.356863707,Yes,Yes,compound response across 12 wells,active,active,Nuclear fascin,regulation of protein localization to nucleus,GO_1900180,Nuclear actin,actin filament phenotype,CMPO_0000104
1093688991,E8,Homo sapiens,NCBITaxon,9606,HeLa,EFO,EFO_0001185,,,,,SN1123197491,0.1,,,,,Pass,Hoechst:DNA; Alexa Fluor 488 phalloidin:actin; mScarlet:fascin; iRFP:nuclear actin chromobody (nAC),5.088632107,-1.51006472,Yes,Yes,compound response across 12 wells,active,active,Nuclear fascin,regulation of protein localization to nucleus,GO_1900180,Nuclear actin,actin filament phenotype,CMPO_0000104
1093688991,E9,Homo sapiens,NCBITaxon,9606,HeLa,EFO,EFO_0001185,DMSO,679,IAZDPXIOMUYVGZ-UHFFFAOYSA-N,CS(=O)C,,,,,Neutral Control,,Pass,Hoechst:DNA; Alexa Fluor 488 phalloidin:actin; mScarlet:fascin; iRFP:nuclear actin chromobody (nAC),2.198032141,8.385642052,,,,,,,,,,,
1093688991,E10,Homo sapiens,NCBITaxon,9606,HeLa,EFO,EFO_0001185,,,,,,,,,Stimulator Control,Leptomycin b blocks nuclear export of fascin,Pass,Hoechst:DNA; Alexa Fluor 488 phalloidin:actin; mScarlet:fascin; iRFP:nuclear actin chromobody (nAC),103.7540054,6.726836681,,,,,,,,,,,
1093688991,E11,Homo sapiens,NCBITaxon,9606,HeLa,EFO,EFO_0001185,DMSO,679,IAZDPXIOMUYVGZ-UHFFFAOYSA-N,CS(=O)C,,,,,Neutral Control,,Pass,Hoechst:DNA; Alexa Fluor 488 phalloidin:actin; mScarlet:fascin; iRFP:nuclear actin chromobody (nAC),6.984362602,-10.6448212,,,,,,,,,,,
1093688991,E12,Homo sapiens,NCBITaxon,9606,HeLa,EFO,EFO_0001185,,,,,SN1123197491,0.03,,,,,Pass,Hoechst:DNA; Alexa Fluor 488 phalloidin:actin; mScarlet:fascin; iRFP:nuclear actin chromobody (nAC),12.88101292,-31.2725945,Yes,Yes,compound response across 12 wells,active,active,Nuclear fascin,regulation of protein localization to nucleus,GO_1900180,Nuclear actin,actin filament phenotype,CMPO_0000104
1093688991,E13,Homo sapiens,NCBITaxon,9606,HeLa,EFO,EFO_0001185,,,,,SN1123197491,0.0125,,,,,Pass,Hoechst:DNA; Alexa Fluor 488 phalloidin:actin; mScarlet:fascin; iRFP:nuclear actin chromobody (nAC),5.576464653,14.61634254,Yes,Yes,compound response across 12 wells,active,active,Nuclear fascin,regulation of protein localization to nucleus,GO_1900180,Nuclear actin,actin filament phenotype,CMPO_0000104
1093688991,E14,Homo sapiens,NCBITaxon,9606,HeLa,EFO,EFO_0001185,,,,,SN1123197491,0.003,,,,,Pass,Hoechst:DNA; Alexa Fluor 488 phalloidin:actin; mScarlet:fascin; iRFP:nuclear actin chromobody (nAC),15.53380871,-9.65022182,Yes,Yes,compound response across 12 wells,active,active,Nuclear fascin,regulation of protein localization to nucleus,GO_1900180,Nuclear actin,actin filament phenotype,CMPO_0000104
1093688991,E15,Homo sapiens,NCBITaxon,9606,HeLa,EFO,EFO_0001185,,,,,SN1123197491,0.001,,,,,Pass,Hoechst:DNA; Alexa Fluor 488 phalloidin:actin; mScarlet:fascin; iRFP:nuclear actin chromobody (nAC),9.349182129,11.22272205,Yes,Yes,compound response across 12 wells,active,active,Nuclear fascin,regulation of protein localization to nucleus,GO_1900180,Nuclear actin,actin filament phenotype,CMPO_0000104
1093688991,E16,Homo sapiens,NCBITaxon,9606,HeLa,EFO,EFO_0001185,,,,,SN1123197491,0.0003,,,,,Pass,Hoechst:DNA; Alexa Fluor 488 phalloidin:actin; mScarlet:fascin; iRFP:nuclear actin chromobody (nAC),11.067173,-3.28875327,Yes,Yes,compound response across 12 wells,active,active,Nuclear fascin,regulation of protein localization to nucleus,GO_1900180,Nuclear actin,actin filament phenotype,CMPO_0000104
1093688991,E17,Homo sapiens,NCBITaxon,9606,HeLa,EFO,EFO_0001185,,,,,SN1123197491,0.00003,,,,,Pass,Hoechst:DNA; Alexa Fluor 488 phalloidin:actin; mScarlet:fascin; iRFP:nuclear actin chromobody (nAC),10.13887215,-0.49126187,Yes,Yes,compound response across 12 wells,active,active,Nuclear fascin,regulation of protein localization to nucleus,GO_1900180,Nuclear actin,actin filament phenotype,CMPO_0000104
1093688991,E18,Homo sapiens,NCBITaxon,9606,HeLa,EFO,EFO_0001185,,,,,SN1122677980,30,83903,GSG2,,,Pass,Hoechst:DNA; Alexa Fluor 488 phalloidin:actin; mScarlet:fascin; iRFP:nuclear actin chromobody (nAC),46.70347214,,Yes,Yes,compound response across 12 wells,active,active,Nuclear fascin,regulation of protein localization to nucleus,GO_1900180,Nuclear actin,actin filament phenotype,CMPO_0000104
1093688991,E19,Homo sapiens,NCBITaxon,9606,HeLa,EFO,EFO_0001185,,,,,SN1122677980,10,83903,GSG2,,,Pass,Hoechst:DNA; Alexa Fluor 488 phalloidin:actin; mScarlet:fascin; iRFP:nuclear actin chromobody (nAC),66.76738739,-203.58342,Yes,Yes,compound response across 12 wells,active,active,Nuclear fascin,regulation of protein localization to nucleus,GO_1900180,Nuclear actin,actin filament phenotype,CMPO_0000104
1093688991,E20,Homo sapiens,NCBITaxon,9606,HeLa,EFO,EFO_0001185,DMSO,679,IAZDPXIOMUYVGZ-UHFFFAOYSA-N,CS(=O)C,,,,,Neutral Control,,Pass,Hoechst:DNA; Alexa Fluor 488 phalloidin:actin; mScarlet:fascin; iRFP:nuclear actin chromobody (nAC),-0.06888406,-10.8530035,,,,,,,,,,,
1093688991,E21,Homo sapiens,NCBITaxon,9606,HeLa,EFO,EFO_0001185,,,,,,,,,Stimulator Control,Leptomycin b blocks nuclear export of fascin,Pass,Hoechst:DNA; Alexa Fluor 488 phalloidin:actin; mScarlet:fascin; iRFP:nuclear actin chromobody (nAC),91.55092621,12.58012962,,,,,,,,,,,
1093688991,E22,Homo sapiens,NCBITaxon,9606,HeLa,EFO,EFO_0001185,DMSO,679,IAZDPXIOMUYVGZ-UHFFFAOYSA-N,CS(=O)C,,,,,Neutral Control,,Pass,Hoechst:DNA; Alexa Fluor 488 phalloidin:actin; mScarlet:fascin; iRFP:nuclear actin chromobody (nAC),-5.89939642,2.474371672,,,,,,,,,,,
1093688991,E23,Homo sapiens,NCBITaxon,9606,HeLa,EFO,EFO_0001185,,,,,SN1122677980,3.125,83903,GSG2,,,Pass,Hoechst:DNA; Alexa Fluor 488 phalloidin:actin; mScarlet:fascin; iRFP:nuclear actin chromobody (nAC),20.18439484,-69.7124634,Yes,Yes,compound response across 12 wells,active,active,Nuclear fascin,regulation of protein localization to nucleus,GO_1900180,Nuclear actin,actin filament phenotype,CMPO_0000104
1093688991,E24,Homo sapiens,NCBITaxon,9606,HeLa,EFO,EFO_0001185,,,,,SN1122677980,1.25,83903,GSG2,,,Pass,Hoechst:DNA; Alexa Fluor 488 phalloidin:actin; mScarlet:fascin; iRFP:nuclear actin chromobody (nAC),13.16006184,-31.6232624,Yes,Yes,compound response across 12 wells,active,active,Nuclear fascin,regulation of protein localization to nucleus,GO_1900180,Nuclear actin,actin filament phenotype,CMPO_0000104
1093688991,F1,Homo sapiens,NCBITaxon,9606,HeLa,EFO,EFO_0001185,,,,,SN1122677980,0.3,83903,GSG2,,,Pass,Hoechst:DNA; Alexa Fluor 488 phalloidin:actin; mScarlet:fascin; iRFP:nuclear actin chromobody (nAC),11.9685564,-22.6751041,Yes,Yes,compound response across 12 wells,active,active,Nuclear fascin,regulation of protein localization to nucleus,GO_1900180,Nuclear actin,actin filament phenotype,CMPO_0000104
1093688991,F2,Homo sapiens,NCBITaxon,9606,HeLa,EFO,EFO_0001185,,,,,SN1122677980,0.1,83903,GSG2,,,Pass,Hoechst:DNA; Alexa Fluor 488 phalloidin:actin; mScarlet:fascin; iRFP:nuclear actin chromobody (nAC),9.137192726,-49.7498245,Yes,Yes,compound response across 12 wells,active,active,Nuclear fascin,regulation of protein localization to nucleus,GO_1900180,Nuclear actin,actin filament phenotype,CMPO_0000104
1093688991,F3,Homo sapiens,NCBITaxon,9606,HeLa,EFO,EFO_0001185,,,,,SN1122677980,0.03,83903,GSG2,,,Pass,Hoechst:DNA; Alexa Fluor 488 phalloidin:actin; mScarlet:fascin; iRFP:nuclear actin chromobody (nAC),5.295928478,-27.4375172,Yes,Yes,compound response across 12 wells,active,active,Nuclear fascin,regulation of protein localization to nucleus,GO_1900180,Nuclear actin,actin filament phenotype,CMPO_0000104
1093688991,F4,Homo sapiens,NCBITaxon,9606,HeLa,EFO,EFO_0001185,,,,,SN1122677980,0.0125,83903,GSG2,,,Pass,Hoechst:DNA; Alexa Fluor 488 phalloidin:actin; mScarlet:fascin; iRFP:nuclear actin chromobody (nAC),4.713535309,-18.4994278,Yes,Yes,compound response across 12 wells,active,active,Nuclear fascin,regulation of protein localization to nucleus,GO_1900180,Nuclear actin,actin filament phenotype,CMPO_0000104
1093688991,F5,Homo sapiens,NCBITaxon,9606,HeLa,EFO,EFO_0001185,,,,,SN1122677980,0.003,83903,GSG2,,,Pass,Hoechst:DNA; Alexa Fluor 488 phalloidin:actin; mScarlet:fascin; iRFP:nuclear actin chromobody (nAC),2.948808432,-16.8853168,Yes,Yes,compound response across 12 wells,active,active,Nuclear fascin,regulation of protein localization to nucleus,GO_1900180,Nuclear actin,actin filament phenotype,CMPO_0000104
1093688991,F6,Homo sapiens,NCBITaxon,9606,HeLa,EFO,EFO_0001185,,,,,SN1122677980,0.001,83903,GSG2,,,Pass,Hoechst:DNA; Alexa Fluor 488 phalloidin:actin; mScarlet:fascin; iRFP:nuclear actin chromobody (nAC),18.49596214,-5.97527075,Yes,Yes,compound response across 12 wells,active,active,Nuclear fascin,regulation of protein localization to nucleus,GO_1900180,Nuclear actin,actin filament phenotype,CMPO_0000104
1093688991,F7,Homo sapiens,NCBITaxon,9606,HeLa,EFO,EFO_0001185,,,,,SN1122677980,0.0003,83903,GSG2,,,Pass,Hoechst:DNA; Alexa Fluor 488 phalloidin:actin; mScarlet:fascin; iRFP:nuclear actin chromobody (nAC),14.10452938,-29.6523838,Yes,Yes,compound response across 12 wells,active,active,Nuclear fascin,regulation of protein localization to nucleus,GO_1900180,Nuclear actin,actin filament phenotype,CMPO_0000104
1093688991,F8,Homo sapiens,NCBITaxon,9606,HeLa,EFO,EFO_0001185,,,,,SN1122677980,0.00003,83903,GSG2,,,Pass,Hoechst:DNA; Alexa Fluor 488 phalloidin:actin; mScarlet:fascin; iRFP:nuclear actin chromobody (nAC),1.826462984,-4.83216906,Yes,Yes,compound response across 12 wells,active,active,Nuclear fascin,regulation of protein localization to nucleus,GO_1900180,Nuclear actin,actin filament phenotype,CMPO_0000104
1093688991,F9,Homo sapiens,NCBITaxon,9606,HeLa,EFO,EFO_0001185,,,,,SN1063767769,30,25,ABL1,,,Pass,Hoechst:DNA; Alexa Fluor 488 phalloidin:actin; mScarlet:fascin; iRFP:nuclear actin chromobody (nAC),31.29167938,22.57991982,,,compound response across 12 wells,inactive,inactive,,,,,,
1093688991,F10,Homo sapiens,NCBITaxon,9606,HeLa,EFO,EFO_0001185,,,,,SN1063767769,10,25,ABL1,,,Pass,Hoechst:DNA; Alexa Fluor 488 phalloidin:actin; mScarlet:fascin; iRFP:nuclear actin chromobody (nAC),22.10334778,21.8626442,,,compound response across 12 wells,inactive,inactive,,,,,,
1093688991,F11,Homo sapiens,NCBITaxon,9606,HeLa,EFO,EFO_0001185,,,,,SN1063767769,3.125,25,ABL1,,,Pass,Hoechst:DNA; Alexa Fluor 488 phalloidin:actin; mScarlet:fascin; iRFP:nuclear actin chromobody (nAC),21.40464592,-14.4663877,,,compound response across 12 wells,inactive,inactive,,,,,,
1093688991,F12,Homo sapiens,NCBITaxon,9606,HeLa,EFO,EFO_0001185,,,,,SN1063767769,1.25,25,ABL1,,,Pass,Hoechst:DNA; Alexa Fluor 488 phalloidin:actin; mScarlet:fascin; iRFP:nuclear actin chromobody (nAC),6.704055786,16.46048355,,,compound response across 12 wells,inactive,inactive,,,,,,
1093688991,F13,Homo sapiens,NCBITaxon,9606,HeLa,EFO,EFO_0001185,,,,,SN1063767769,0.3,25,ABL1,,,Pass,Hoechst:DNA; Alexa Fluor 488 phalloidin:actin; mScarlet:fascin; iRFP:nuclear actin chromobody (nAC),-2.050493479,-0.02311485,,,compound response across 12 wells,inactive,inactive,,,,,,
1093688991,F14,Homo sapiens,NCBITaxon,9606,HeLa,EFO,EFO_0001185,,,,,SN1063767769,0.1,25,ABL1,,,Pass,Hoechst:DNA; Alexa Fluor 488 phalloidin:actin; mScarlet:fascin; iRFP:nuclear actin chromobody (nAC),-2.763629913,-37.2202682,,,compound response across 12 wells,inactive,inactive,,,,,,
1093688991,F15,Homo sapiens,NCBITaxon,9606,HeLa,EFO,EFO_0001185,,,,,SN1063767769,0.03,25,ABL1,,,Pass,Hoechst:DNA; Alexa Fluor 488 phalloidin:actin; mScarlet:fascin; iRFP:nuclear actin chromobody (nAC),9.044365883,-30.2002487,,,compound response across 12 wells,inactive,inactive,,,,,,
1093688991,F16,Homo sapiens,NCBITaxon,9606,HeLa,EFO,EFO_0001185,,,,,SN1063767769,0.0125,25,ABL1,,,Pass,Hoechst:DNA; Alexa Fluor 488 phalloidin:actin; mScarlet:fascin; iRFP:nuclear actin chromobody (nAC),3.92702055,2.021239758,,,compound response across 12 wells,inactive,inactive,,,,,,
1093688991,F17,Homo sapiens,NCBITaxon,9606,HeLa,EFO,EFO_0001185,,,,,SN1063767769,0.003,25,ABL1,,,Pass,Hoechst:DNA; Alexa Fluor 488 phalloidin:actin; mScarlet:fascin; iRFP:nuclear actin chromobody (nAC),20.82973671,43.08233643,,,compound response across 12 wells,inactive,inactive,,,,,,
1093688991,F18,Homo sapiens,NCBITaxon,9606,HeLa,EFO,EFO_0001185,,,,,SN1063767769,0.001,25,ABL1,,,Pass,Hoechst:DNA; Alexa Fluor 488 phalloidin:actin; mScarlet:fascin; iRFP:nuclear actin chromobody (nAC),5.683970451,-37.9347649,,,compound response across 12 wells,inactive,inactive,,,,,,
1093688991,F19,Homo sapiens,NCBITaxon,9606,HeLa,EFO,EFO_0001185,,,,,SN1063767769,0.0003,25,ABL1,,,Pass,Hoechst:DNA; Alexa Fluor 488 phalloidin:actin; mScarlet:fascin; iRFP:nuclear actin chromobody (nAC),-12.19037819,12.04023933,,,compound response across 12 wells,inactive,inactive,,,,,,
1093688991,F20,Homo sapiens,NCBITaxon,9606,HeLa,EFO,EFO_0001185,,,,,SN1063767769,0.00003,25,ABL1,,,Pass,Hoechst:DNA; Alexa Fluor 488 phalloidin:actin; mScarlet:fascin; iRFP:nuclear actin chromobody (nAC),7.790218353,-9.75846386,,,compound response across 12 wells,inactive,inactive,,,,,,
1093688991,F21,Homo sapiens,NCBITaxon,9606,HeLa,EFO,EFO_0001185,,,,,SN1048155087,30,1576,CYP3A4,,,Pass,Hoechst:DNA; Alexa Fluor 488 phalloidin:actin; mScarlet:fascin; iRFP:nuclear actin chromobody (nAC),17.27072716,34.92263794,,,compound response across 12 wells,inactive,inactive,,,,,,
1093688991,F22,Homo sapiens,NCBITaxon,9606,HeLa,EFO,EFO_0001185,,,,,SN1048155087,10,1576,CYP3A4,,,Pass,Hoechst:DNA; Alexa Fluor 488 phalloidin:actin; mScarlet:fascin; iRFP:nuclear actin chromobody (nAC),29.31281471,-1.28546274,,,compound response across 12 wells,inactive,inactive,,,,,,
1093688991,F23,Homo sapiens,NCBITaxon,9606,HeLa,EFO,EFO_0001185,,,,,SN1048155087,3.125,1576,CYP3A4,,,Pass,Hoechst:DNA; Alexa Fluor 488 phalloidin:actin; mScarlet:fascin; iRFP:nuclear actin chromobody (nAC),1.574348211,-27.5594959,,,compound response across 12 wells,inactive,inactive,,,,,,
1093688991,F24,Homo sapiens,NCBITaxon,9606,HeLa,EFO,EFO_0001185,,,,,SN1048155087,1.25,1576,CYP3A4,,,Pass,Hoechst:DNA; Alexa Fluor 488 phalloidin:actin; mScarlet:fascin; iRFP:nuclear actin chromobody (nAC),9.140260696,-9.97215748,,,compound response across 12 wells,inactive,inactive,,,,,,
1093688991,G1,Homo sapiens,NCBITaxon,9606,HeLa,EFO,EFO_0001185,,,,,SN1048155087,0.3,1576,CYP3A4,,,Pass,Hoechst:DNA; Alexa Fluor 488 phalloidin:actin; mScarlet:fascin; iRFP:nuclear actin chromobody (nAC),17.5473671,12.59387684,,,compound response across 12 wells,inactive,inactive,,,,,,
1093688991,G2,Homo sapiens,NCBITaxon,9606,HeLa,EFO,EFO_0001185,,,,,SN1048155087,0.1,1576,CYP3A4,,,Pass,Hoechst:DNA; Alexa Fluor 488 phalloidin:actin; mScarlet:fascin; iRFP:nuclear actin chromobody (nAC),1.19300878,-34.5793686,,,compound response across 12 wells,inactive,inactive,,,,,,
1093688991,G3,Homo sapiens,NCBITaxon,9606,HeLa,EFO,EFO_0001185,,,,,SN1048155087,0.03,1576,CYP3A4,,,Pass,Hoechst:DNA; Alexa Fluor 488 phalloidin:actin; mScarlet:fascin; iRFP:nuclear actin chromobody (nAC),1.104951859,-11.4849176,,,compound response across 12 wells,inactive,inactive,,,,,,
1093688991,G4,Homo sapiens,NCBITaxon,9606,HeLa,EFO,EFO_0001185,,,,,SN1048155087,0.0125,1576,CYP3A4,,,Pass,Hoechst:DNA; Alexa Fluor 488 phalloidin:actin; mScarlet:fascin; iRFP:nuclear actin chromobody (nAC),23.88246155,-5.28536081,,,compound response across 12 wells,inactive,inactive,,,,,,
1093688991,G5,Homo sapiens,NCBITaxon,9606,HeLa,EFO,EFO_0001185,,,,,SN1048155087,0.003,1576,CYP3A4,,,Pass,Hoechst:DNA; Alexa Fluor 488 phalloidin:actin; mScarlet:fascin; iRFP:nuclear actin chromobody (nAC),-0.210149318,14.3846941,,,compound response across 12 wells,inactive,inactive,,,,,,
1093688991,G6,Homo sapiens,NCBITaxon,9606,HeLa,EFO,EFO_0001185,,,,,SN1048155087,0.001,1576,CYP3A4,,,Pass,Hoechst:DNA; Alexa Fluor 488 phalloidin:actin; mScarlet:fascin; iRFP:nuclear actin chromobody (nAC),13.39127064,-22.0018578,,,compound response across 12 wells,inactive,inactive,,,,,,
1093688991,G7,Homo sapiens,NCBITaxon,9606,HeLa,EFO,EFO_0001185,,,,,SN1048155087,0.0003,1576,CYP3A4,,,Pass,Hoechst:DNA; Alexa Fluor 488 phalloidin:actin; mScarlet:fascin; iRFP:nuclear actin chromobody (nAC),10.63099957,15.91205978,,,compound response across 12 wells,inactive,inactive,,,,,,
1093688991,G8,Homo sapiens,NCBITaxon,9606,HeLa,EFO,EFO_0001185,,,,,SN1048155087,0.00003,1576,CYP3A4,,,Pass,Hoechst:DNA; Alexa Fluor 488 phalloidin:actin; mScarlet:fascin; iRFP:nuclear actin chromobody (nAC),14.69965363,-26.9996567,,,compound response across 12 wells,inactive,inactive,,,,,,
1093688991,G9,Homo sapiens,NCBITaxon,9606,HeLa,EFO,EFO_0001185,,,,,SN1060736397,30,1017,CDK2,,,Pass,Hoechst:DNA; Alexa Fluor 488 phalloidin:actin; mScarlet:fascin; iRFP:nuclear actin chromobody (nAC),114.8262863,,,Yes,compound response across 12 wells,active,active,Nuclear fascin,regulation of protein localization to nucleus,GO_1900180,Nuclear actin,actin filament phenotype,CMPO_0000104
1093688991,G10,Homo sapiens,NCBITaxon,9606,HeLa,EFO,EFO_0001185,,,,,SN1060736397,10,1017,CDK2,,,Pass,Hoechst:DNA; Alexa Fluor 488 phalloidin:actin; mScarlet:fascin; iRFP:nuclear actin chromobody (nAC),59.28778076,,,Yes,compound response across 12 wells,active,active,Nuclear fascin,regulation of protein localization to nucleus,GO_1900180,Nuclear actin,actin filament phenotype,CMPO_0000104
1093688991,G11,Homo sapiens,NCBITaxon,9606,HeLa,EFO,EFO_0001185,,,,,SN1060736397,3.125,1017,CDK2,,,Pass,Hoechst:DNA; Alexa Fluor 488 phalloidin:actin; mScarlet:fascin; iRFP:nuclear actin chromobody (nAC),20.91918945,-174.210541,,Yes,compound response across 12 wells,active,active,Nuclear fascin,regulation of protein localization to nucleus,GO_1900180,Nuclear actin,actin filament phenotype,CMPO_0000104
1093688991,G12,Homo sapiens,NCBITaxon,9606,HeLa,EFO,EFO_0001185,,,,,SN1060736397,1.25,1017,CDK2,,,Pass,Hoechst:DNA; Alexa Fluor 488 phalloidin:actin; mScarlet:fascin; iRFP:nuclear actin chromobody (nAC),41.52481842,-67.1232605,,Yes,compound response across 12 wells,active,active,Nuclear fascin,regulation of protein localization to nucleus,GO_1900180,Nuclear actin,actin filament phenotype,CMPO_0000104
1093688991,G13,Homo sapiens,NCBITaxon,9606,HeLa,EFO,EFO_0001185,DMSO,679,IAZDPXIOMUYVGZ-UHFFFAOYSA-N,CS(=O)C,,,,,Neutral Control,,Pass,Hoechst:DNA; Alexa Fluor 488 phalloidin:actin; mScarlet:fascin; iRFP:nuclear actin chromobody (nAC),6.623744965,-73.1145859,,,,,,,,,,,
1093688991,G14,Homo sapiens,NCBITaxon,9606,HeLa,EFO,EFO_0001185,,,,,,,,,Stimulator Control,Leptomycin b blocks nuclear export of fascin,Pass,Hoechst:DNA; Alexa Fluor 488 phalloidin:actin; mScarlet:fascin; iRFP:nuclear actin chromobody (nAC),96.69230652,-5.00294781,,,,,,,,,,,
1093688991,G15,Homo sapiens,NCBITaxon,9606,HeLa,EFO,EFO_0001185,DMSO,679,IAZDPXIOMUYVGZ-UHFFFAOYSA-N,CS(=O)C,,,,,Neutral Control,,Pass,Hoechst:DNA; Alexa Fluor 488 phalloidin:actin; mScarlet:fascin; iRFP:nuclear actin chromobody (nAC),0.674100578,19.92800903,,,,,,,,,,,
1093688991,G16,Homo sapiens,NCBITaxon,9606,HeLa,EFO,EFO_0001185,,,,,SN1060736397,0.3,1017,CDK2,,,Pass,Hoechst:DNA; Alexa Fluor 488 phalloidin:actin; mScarlet:fascin; iRFP:nuclear actin chromobody (nAC),29.91537857,-28.2901134,,Yes,compound response across 12 wells,active,active,Nuclear fascin,regulation of protein localization to nucleus,GO_1900180,Nuclear actin,actin filament phenotype,CMPO_0000104
1093688991,G17,Homo sapiens,NCBITaxon,9606,HeLa,EFO,EFO_0001185,,,,,SN1060736397,0.1,1017,CDK2,,,Pass,Hoechst:DNA; Alexa Fluor 488 phalloidin:actin; mScarlet:fascin; iRFP:nuclear actin chromobody (nAC),15.90712643,20.58048439,,Yes,compound response across 12 wells,active,active,Nuclear fascin,regulation of protein localization to nucleus,GO_1900180,Nuclear actin,actin filament phenotype,CMPO_0000104
1093688991,G18,Homo sapiens,NCBITaxon,9606,HeLa,EFO,EFO_0001185,,,,,SN1060736397,0.03,1017,CDK2,,,Pass,Hoechst:DNA; Alexa Fluor 488 phalloidin:actin; mScarlet:fascin; iRFP:nuclear actin chromobody (nAC),15.15182495,13.78264904,,Yes,compound response across 12 wells,active,active,Nuclear fascin,regulation of protein localization to nucleus,GO_1900180,Nuclear actin,actin filament phenotype,CMPO_0000104
1093688991,G19,Homo sapiens,NCBITaxon,9606,HeLa,EFO,EFO_0001185,,,,,SN1060736397,0.0125,1017,CDK2,,,Pass,Hoechst:DNA; Alexa Fluor 488 phalloidin:actin; mScarlet:fascin; iRFP:nuclear actin chromobody (nAC),8.395266533,10.73198986,,Yes,compound response across 12 wells,active,active,Nuclear fascin,regulation of protein localization to nucleus,GO_1900180,Nuclear actin,actin filament phenotype,CMPO_0000104
1093688991,G20,Homo sapiens,NCBITaxon,9606,HeLa,EFO,EFO_0001185,,,,,SN1060736397,0.003,1017,CDK2,,,Pass,Hoechst:DNA; Alexa Fluor 488 phalloidin:actin; mScarlet:fascin; iRFP:nuclear actin chromobody (nAC),-2.990405798,7.336154461,,Yes,compound response across 12 wells,active,active,Nuclear fascin,regulation of protein localization to nucleus,GO_1900180,Nuclear actin,actin filament phenotype,CMPO_0000104
1093688991,G21,Homo sapiens,NCBITaxon,9606,HeLa,EFO,EFO_0001185,,,,,SN1060736397,0.001,1017,CDK2,,,Pass,Hoechst:DNA; Alexa Fluor 488 phalloidin:actin; mScarlet:fascin; iRFP:nuclear actin chromobody (nAC),3.886190176,-20.7060566,,Yes,compound response across 12 wells,active,active,Nuclear fascin,regulation of protein localization to nucleus,GO_1900180,Nuclear actin,actin filament phenotype,CMPO_0000104
1093688991,G22,Homo sapiens,NCBITaxon,9606,HeLa,EFO,EFO_0001185,,,,,SN1060736397,0.0003,1017,CDK2,,,Pass,Hoechst:DNA; Alexa Fluor 488 phalloidin:actin; mScarlet:fascin; iRFP:nuclear actin chromobody (nAC),12.00191689,-24.0745335,,Yes,compound response across 12 wells,active,active,Nuclear fascin,regulation of protein localization to nucleus,GO_1900180,Nuclear actin,actin filament phenotype,CMPO_0000104
1093688991,G23,Homo sapiens,NCBITaxon,9606,HeLa,EFO,EFO_0001185,,,,,SN1060736397,0.00003,1017,CDK2,,,Pass,Hoechst:DNA; Alexa Fluor 488 phalloidin:actin; mScarlet:fascin; iRFP:nuclear actin chromobody (nAC),6.851257324,-21.7148857,,Yes,compound response across 12 wells,active,active,Nuclear fascin,regulation of protein localization to nucleus,GO_1900180,Nuclear actin,actin filament phenotype,CMPO_0000104
1093688991,G24,Homo sapiens,NCBITaxon,9606,HeLa,EFO,EFO_0001185,,,,,SN1013345304,30,2932,GSK3B,,,Pass,Hoechst:DNA; Alexa Fluor 488 phalloidin:actin; mScarlet:fascin; iRFP:nuclear actin chromobody (nAC),30.28090286,-127.78019,,Yes,compound response across 12 wells,inactive,active,,,,Nuclear actin,actin filament phenotype,CMPO_0000104
1093688991,H1,Homo sapiens,NCBITaxon,9606,HeLa,EFO,EFO_0001185,,,,,SN1013345304,10,2932,GSK3B,,,Pass,Hoechst:DNA; Alexa Fluor 488 phalloidin:actin; mScarlet:fascin; iRFP:nuclear actin chromobody (nAC),33.3494873,-52.4784164,,Yes,compound response across 12 wells,inactive,active,,,,Nuclear actin,actin filament phenotype,CMPO_0000104
1093688991,H2,Homo sapiens,NCBITaxon,9606,HeLa,EFO,EFO_0001185,DMSO,679,IAZDPXIOMUYVGZ-UHFFFAOYSA-N,CS(=O)C,,,,,Neutral Control,,Pass,Hoechst:DNA; Alexa Fluor 488 phalloidin:actin; mScarlet:fascin; iRFP:nuclear actin chromobody (nAC),2.870522022,21.19244576,,,,,,,,,,,
1093688991,H3,Homo sapiens,NCBITaxon,9606,HeLa,EFO,EFO_0001185,,,,,,,,,Stimulator Control,Leptomycin b blocks nuclear export of fascin,Pass,Hoechst:DNA; Alexa Fluor 488 phalloidin:actin; mScarlet:fascin; iRFP:nuclear actin chromobody (nAC),105.3028564,-15.6188393,,,,,,,,,,,
1093688991,H4,Homo sapiens,NCBITaxon,9606,HeLa,EFO,EFO_0001185,DMSO,679,IAZDPXIOMUYVGZ-UHFFFAOYSA-N,CS(=O)C,,,,,Neutral Control,,Pass,Hoechst:DNA; Alexa Fluor 488 phalloidin:actin; mScarlet:fascin; iRFP:nuclear actin chromobody (nAC),-4.993412018,-34.4992104,,,,,,,,,,,
1093688991,H5,Homo sapiens,NCBITaxon,9606,HeLa,EFO,EFO_0001185,,,,,SN1013345304,3.125,2932,GSK3B,,,Pass,Hoechst:DNA; Alexa Fluor 488 phalloidin:actin; mScarlet:fascin; iRFP:nuclear actin chromobody (nAC),41.72539902,-73.344902,,Yes,compound response across 12 wells,inactive,active,,,,Nuclear actin,actin filament phenotype,CMPO_0000104
1093688991,H6,Homo sapiens,NCBITaxon,9606,HeLa,EFO,EFO_0001185,,,,,SN1013345304,1.25,2932,GSK3B,,,Pass,Hoechst:DNA; Alexa Fluor 488 phalloidin:actin; mScarlet:fascin; iRFP:nuclear actin chromobody (nAC),38.73631287,-100.344345,,Yes,compound response across 12 wells,inactive,active,,,,Nuclear actin,actin filament phenotype,CMPO_0000104
1093688991,H7,Homo sapiens,NCBITaxon,9606,HeLa,EFO,EFO_0001185,,,,,SN1013345304,0.3,2932,GSK3B,,,Pass,Hoechst:DNA; Alexa Fluor 488 phalloidin:actin; mScarlet:fascin; iRFP:nuclear actin chromobody (nAC),32.79723358,-34.7060471,,Yes,compound response across 12 wells,inactive,active,,,,Nuclear actin,actin filament phenotype,CMPO_0000104
1093688991,H8,Homo sapiens,NCBITaxon,9606,HeLa,EFO,EFO_0001185,,,,,SN1013345304,0.1,2932,GSK3B,,,Pass,Hoechst:DNA; Alexa Fluor 488 phalloidin:actin; mScarlet:fascin; iRFP:nuclear actin chromobody (nAC),20.00932503,-13.6811323,,Yes,compound response across 12 wells,inactive,active,,,,Nuclear actin,actin filament phenotype,CMPO_0000104
1093688991,H9,Homo sapiens,NCBITaxon,9606,HeLa,EFO,EFO_0001185,,,,,SN1013345304,0.03,2932,GSK3B,,,Pass,Hoechst:DNA; Alexa Fluor 488 phalloidin:actin; mScarlet:fascin; iRFP:nuclear actin chromobody (nAC),12.04205704,-27.7713032,,Yes,compound response across 12 wells,inactive,active,,,,Nuclear actin,actin filament phenotype,CMPO_0000104
1093688991,H10,Homo sapiens,NCBITaxon,9606,HeLa,EFO,EFO_0001185,,,,,SN1013345304,0.0125,2932,GSK3B,,,Pass,Hoechst:DNA; Alexa Fluor 488 phalloidin:actin; mScarlet:fascin; iRFP:nuclear actin chromobody (nAC),12.658885,-9.77561569,,Yes,compound response across 12 wells,inactive,active,,,,Nuclear actin,actin filament phenotype,CMPO_0000104
1093688991,H11,Homo sapiens,NCBITaxon,9606,HeLa,EFO,EFO_0001185,,,,,SN1013345304,0.003,2932,GSK3B,,,Pass,Hoechst:DNA; Alexa Fluor 488 phalloidin:actin; mScarlet:fascin; iRFP:nuclear actin chromobody (nAC),13.9629879,-1.20763171,,Yes,compound response across 12 wells,inactive,active,,,,Nuclear actin,actin filament phenotype,CMPO_0000104
1093688991,H12,Homo sapiens,NCBITaxon,9606,HeLa,EFO,EFO_0001185,,,,,SN1013345304,0.001,2932,GSK3B,,,Pass,Hoechst:DNA; Alexa Fluor 488 phalloidin:actin; mScarlet:fascin; iRFP:nuclear actin chromobody (nAC),13.93461227,19.92043877,,Yes,compound response across 12 wells,inactive,active,,,,Nuclear actin,actin filament phenotype,CMPO_0000104
1093688991,H13,Homo sapiens,NCBITaxon,9606,HeLa,EFO,EFO_0001185,,,,,SN1013345304,0.0003,2932,GSK3B,,,Pass,Hoechst:DNA; Alexa Fluor 488 phalloidin:actin; mScarlet:fascin; iRFP:nuclear actin chromobody (nAC),8.125589371,12.98300838,,Yes,compound response across 12 wells,inactive,active,,,,Nuclear actin,actin filament phenotype,CMPO_0000104
1093688991,H14,Homo sapiens,NCBITaxon,9606,HeLa,EFO,EFO_0001185,,,,,SN1013345304,0.00003,2932,GSK3B,,,Pass,Hoechst:DNA; Alexa Fluor 488 phalloidin:actin; mScarlet:fascin; iRFP:nuclear actin chromobody (nAC),16.01081276,-15.5172977,,Yes,compound response across 12 wells,inactive,active,,,,Nuclear actin,actin filament phenotype,CMPO_0000104
1093688991,H15,Homo sapiens,NCBITaxon,9606,HeLa,EFO,EFO_0001185,,,,,SN0031212809,30,8325,FZD8,,,Pass,Hoechst:DNA; Alexa Fluor 488 phalloidin:actin; mScarlet:fascin; iRFP:nuclear actin chromobody (nAC),129.59935,,Yes,Yes,compound response across 12 wells,active,inactive,Nuclear fascin,regulation of protein localization to nucleus,GO_1900180,,,
1093688991,H16,Homo sapiens,NCBITaxon,9606,HeLa,EFO,EFO_0001185,,,,,SN0031212809,10,8325,FZD8,,,Pass,Hoechst:DNA; Alexa Fluor 488 phalloidin:actin; mScarlet:fascin; iRFP:nuclear actin chromobody (nAC),169.8529205,-44.4995842,Yes,Yes,compound response across 12 wells,active,inactive,Nuclear fascin,regulation of protein localization to nucleus,GO_1900180,,,
1093688991,H17,Homo sapiens,NCBITaxon,9606,HeLa,EFO,EFO_0001185,,,,,SN0031212809,3.125,8325,FZD8,,,Pass,Hoechst:DNA; Alexa Fluor 488 phalloidin:actin; mScarlet:fascin; iRFP:nuclear actin chromobody (nAC),71.79219818,,Yes,Yes,compound response across 12 wells,active,inactive,Nuclear fascin,regulation of protein localization to nucleus,GO_1900180,,,
1093688991,H18,Homo sapiens,NCBITaxon,9606,HeLa,EFO,EFO_0001185,,,,,SN0031212809,1.25,8325,FZD8,,,Pass,Hoechst:DNA; Alexa Fluor 488 phalloidin:actin; mScarlet:fascin; iRFP:nuclear actin chromobody (nAC),54.65880585,71.72479248,Yes,Yes,compound response across 12 wells,active,inactive,Nuclear fascin,regulation of protein localization to nucleus,GO_1900180,,,
1093688991,H19,Homo sapiens,NCBITaxon,9606,HeLa,EFO,EFO_0001185,,,,,SN0031212809,0.3,8325,FZD8,,,Pass,Hoechst:DNA; Alexa Fluor 488 phalloidin:actin; mScarlet:fascin; iRFP:nuclear actin chromobody (nAC),3.45963335,22.87527084,Yes,Yes,compound response across 12 wells,active,inactive,Nuclear fascin,regulation of protein localization to nucleus,GO_1900180,,,
1093688991,H20,Homo sapiens,NCBITaxon,9606,HeLa,EFO,EFO_0001185,,,,,SN0031212809,0.1,8325,FZD8,,,Pass,Hoechst:DNA; Alexa Fluor 488 phalloidin:actin; mScarlet:fascin; iRFP:nuclear actin chromobody (nAC),-8.044694901,-26.7600822,Yes,Yes,compound response across 12 wells,active,inactive,Nuclear fascin,regulation of protein localization to nucleus,GO_1900180,,,
1093688991,H21,Homo sapiens,NCBITaxon,9606,HeLa,EFO,EFO_0001185,,,,,SN0031212809,0.03,8325,FZD8,,,Pass,Hoechst:DNA; Alexa Fluor 488 phalloidin:actin; mScarlet:fascin; iRFP:nuclear actin chromobody (nAC),5.439709187,-12.1614561,Yes,Yes,compound response across 12 wells,active,inactive,Nuclear fascin,regulation of protein localization to nucleus,GO_1900180,,,
1093688991,H22,Homo sapiens,NCBITaxon,9606,HeLa,EFO,EFO_0001185,,,,,SN0031212809,0.0125,8325,FZD8,,,Pass,Hoechst:DNA; Alexa Fluor 488 phalloidin:actin; mScarlet:fascin; iRFP:nuclear actin chromobody (nAC),2.137338638,16.48666954,Yes,Yes,compound response across 12 wells,active,inactive,Nuclear fascin,regulation of protein localization to nucleus,GO_1900180,,,
1093688991,H23,Homo sapiens,NCBITaxon,9606,HeLa,EFO,EFO_0001185,,,,,SN0031212809,0.003,8325,FZD8,,,Pass,Hoechst:DNA; Alexa Fluor 488 phalloidin:actin; mScarlet:fascin; iRFP:nuclear actin chromobody (nAC),2.14721632,-15.4857264,Yes,Yes,compound response across 12 wells,active,inactive,Nuclear fascin,regulation of protein localization to nucleus,GO_1900180,,,
1093688991,H24,Homo sapiens,NCBITaxon,9606,HeLa,EFO,EFO_0001185,,,,,SN0031212809,0.001,8325,FZD8,,,Pass,Hoechst:DNA; Alexa Fluor 488 phalloidin:actin; mScarlet:fascin; iRFP:nuclear actin chromobody (nAC),6.125650883,-10.784605,Yes,Yes,compound response across 12 wells,active,inactive,Nuclear fascin,regulation of protein localization to nucleus,GO_1900180,,,
1093688991,I1,Homo sapiens,NCBITaxon,9606,HeLa,EFO,EFO_0001185,,,,,SN0031212809,0.0003,8325,FZD8,,,Pass,Hoechst:DNA; Alexa Fluor 488 phalloidin:actin; mScarlet:fascin; iRFP:nuclear actin chromobody (nAC),4.468077183,-17.7395611,Yes,Yes,compound response across 12 wells,active,inactive,Nuclear fascin,regulation of protein localization to nucleus,GO_1900180,,,
1093688991,I2,Homo sapiens,NCBITaxon,9606,HeLa,EFO,EFO_0001185,,,,,SN0031212809,0.00003,8325,FZD8,,,Pass,Hoechst:DNA; Alexa Fluor 488 phalloidin:actin; mScarlet:fascin; iRFP:nuclear actin chromobody (nAC),1.550773382,-20.3726292,Yes,Yes,compound response across 12 wells,active,inactive,Nuclear fascin,regulation of protein localization to nucleus,GO_1900180,,,
1093688991,I3,Homo sapiens,NCBITaxon,9606,HeLa,EFO,EFO_0001185,,,,,SN1037110060,30,2932,GSK3B,,,Fail,Hoechst:DNA; Alexa Fluor 488 phalloidin:actin; mScarlet:fascin; iRFP:nuclear actin chromobody (nAC),-92.97376251,-4.40291405,,,compound response across 12 wells,inactive,inactive,,,,,,
1093688991,I4,Homo sapiens,NCBITaxon,9606,HeLa,EFO,EFO_0001185,,,,,SN1037110060,10,2932,GSK3B,,,Pass,Hoechst:DNA; Alexa Fluor 488 phalloidin:actin; mScarlet:fascin; iRFP:nuclear actin chromobody (nAC),51.67640686,-57.6174774,,,compound response across 12 wells,inactive,inactive,,,,,,
1093688991,I5,Homo sapiens,NCBITaxon,9606,HeLa,EFO,EFO_0001185,,,,,SN1037110060,3.125,2932,GSK3B,,,Pass,Hoechst:DNA; Alexa Fluor 488 phalloidin:actin; mScarlet:fascin; iRFP:nuclear actin chromobody (nAC),34.22872162,-53.6140099,,,compound response across 12 wells,inactive,inactive,,,,,,
1093688991,I6,Homo sapiens,NCBITaxon,9606,HeLa,EFO,EFO_0001185,,,,,SN1037110060,1.25,2932,GSK3B,,,Pass,Hoechst:DNA; Alexa Fluor 488 phalloidin:actin; mScarlet:fascin; iRFP:nuclear actin chromobody (nAC),45.73917007,-34.2487068,,,compound response across 12 wells,inactive,inactive,,,,,,
1093688991,I7,Homo sapiens,NCBITaxon,9606,HeLa,EFO,EFO_0001185,,,,,SN1037110060,0.3,2932,GSK3B,,,Pass,Hoechst:DNA; Alexa Fluor 488 phalloidin:actin; mScarlet:fascin; iRFP:nuclear actin chromobody (nAC),28.5020504,-94.522171,,,compound response across 12 wells,inactive,inactive,,,,,,
1093688991,I8,Homo sapiens,NCBITaxon,9606,HeLa,EFO,EFO_0001185,,,,,SN1037110060,0.1,2932,GSK3B,,,Pass,Hoechst:DNA; Alexa Fluor 488 phalloidin:actin; mScarlet:fascin; iRFP:nuclear actin chromobody (nAC),16.48945808,-30.0401878,,,compound response across 12 wells,inactive,inactive,,,,,,
1093688991,I9,Homo sapiens,NCBITaxon,9606,HeLa,EFO,EFO_0001185,,,,,SN1037110060,0.03,2932,GSK3B,,,Pass,Hoechst:DNA; Alexa Fluor 488 phalloidin:actin; mScarlet:fascin; iRFP:nuclear actin chromobody (nAC),22.09650803,-41.7286835,,,compound response across 12 wells,inactive,inactive,,,,,,
1093688991,I10,Homo sapiens,NCBITaxon,9606,HeLa,EFO,EFO_0001185,,,,,SN1037110060,0.0125,2932,GSK3B,,,Pass,Hoechst:DNA; Alexa Fluor 488 phalloidin:actin; mScarlet:fascin; iRFP:nuclear actin chromobody (nAC),18.16313744,9.971591949,,,compound response across 12 wells,inactive,inactive,,,,,,
1093688991,I11,Homo sapiens,NCBITaxon,9606,HeLa,EFO,EFO_0001185,,,,,SN1037110060,0.003,2932,GSK3B,,,Pass,Hoechst:DNA; Alexa Fluor 488 phalloidin:actin; mScarlet:fascin; iRFP:nuclear actin chromobody (nAC),1.723205924,-2.3803947,,,compound response across 12 wells,inactive,inactive,,,,,,
1093688991,I12,Homo sapiens,NCBITaxon,9606,HeLa,EFO,EFO_0001185,,,,,SN1037110060,0.001,2932,GSK3B,,,Pass,Hoechst:DNA; Alexa Fluor 488 phalloidin:actin; mScarlet:fascin; iRFP:nuclear actin chromobody (nAC),20.16425705,-10.2649736,,,compound response across 12 wells,inactive,inactive,,,,,,
1093688991,I13,Homo sapiens,NCBITaxon,9606,HeLa,EFO,EFO_0001185,,,,,SN1037110060,0.0003,2932,GSK3B,,,Pass,Hoechst:DNA; Alexa Fluor 488 phalloidin:actin; mScarlet:fascin; iRFP:nuclear actin chromobody (nAC),15.08867741,-17.7308712,,,compound response across 12 wells,inactive,inactive,,,,,,
1093688991,I14,Homo sapiens,NCBITaxon,9606,HeLa,EFO,EFO_0001185,,,,,SN1037110060,0.00003,2932,GSK3B,,,Pass,Hoechst:DNA; Alexa Fluor 488 phalloidin:actin; mScarlet:fascin; iRFP:nuclear actin chromobody (nAC),10.86642647,6.990871906,,,compound response across 12 wells,inactive,inactive,,,,,,
1093688991,I15,Homo sapiens,NCBITaxon,9606,HeLa,EFO,EFO_0001185,,,,,SN0178629597,30,1017,CDK2,,,Fail,Hoechst:DNA; Alexa Fluor 488 phalloidin:actin; mScarlet:fascin; iRFP:nuclear actin chromobody (nAC),218.477951,,,Yes,compound response across 12 wells,active,inactive,Nuclear fascin,regulation of protein localization to nucleus,GO_1900180,,,
1093688991,I16,Homo sapiens,NCBITaxon,9606,HeLa,EFO,EFO_0001185,,,,,SN0178629597,10,1017,CDK2,,,Fail,Hoechst:DNA; Alexa Fluor 488 phalloidin:actin; mScarlet:fascin; iRFP:nuclear actin chromobody (nAC),15.99415588,-48.2116241,,Yes,compound response across 12 wells,active,inactive,Nuclear fascin,regulation of protein localization to nucleus,GO_1900180,,,
1093688991,I17,Homo sapiens,NCBITaxon,9606,HeLa,EFO,EFO_0001185,DMSO,679,IAZDPXIOMUYVGZ-UHFFFAOYSA-N,CS(=O)C,,,,,Neutral Control,,Pass,Hoechst:DNA; Alexa Fluor 488 phalloidin:actin; mScarlet:fascin; iRFP:nuclear actin chromobody (nAC),-10.98327351,25.21587944,,,,,,,,,,,
1093688991,I18,Homo sapiens,NCBITaxon,9606,HeLa,EFO,EFO_0001185,,,,,,,,,Stimulator Control,Leptomycin b blocks nuclear export of fascin,Pass,Hoechst:DNA; Alexa Fluor 488 phalloidin:actin; mScarlet:fascin; iRFP:nuclear actin chromobody (nAC),102.7232132,46.75907135,,,,,,,,,,,
1093688991,I19,Homo sapiens,NCBITaxon,9606,HeLa,EFO,EFO_0001185,DMSO,679,IAZDPXIOMUYVGZ-UHFFFAOYSA-N,CS(=O)C,,,,,Neutral Control,,Pass,Hoechst:DNA; Alexa Fluor 488 phalloidin:actin; mScarlet:fascin; iRFP:nuclear actin chromobody (nAC),-2.45918107,-18.4887638,,,,,,,,,,,
1093688991,I20,Homo sapiens,NCBITaxon,9606,HeLa,EFO,EFO_0001185,,,,,SN0178629597,3.125,1017,CDK2,,,Pass,Hoechst:DNA; Alexa Fluor 488 phalloidin:actin; mScarlet:fascin; iRFP:nuclear actin chromobody (nAC),67.30754089,-35.7407532,,Yes,compound response across 12 wells,active,inactive,Nuclear fascin,regulation of protein localization to nucleus,GO_1900180,,,
1093688991,I21,Homo sapiens,NCBITaxon,9606,HeLa,EFO,EFO_0001185,,,,,SN0178629597,1.25,1017,CDK2,,,Pass,Hoechst:DNA; Alexa Fluor 488 phalloidin:actin; mScarlet:fascin; iRFP:nuclear actin chromobody (nAC),12.26986027,28.56480789,,Yes,compound response across 12 wells,active,inactive,Nuclear fascin,regulation of protein localization to nucleus,GO_1900180,,,
1093688991,I22,Homo sapiens,NCBITaxon,9606,HeLa,EFO,EFO_0001185,,,,,SN0178629597,0.3,1017,CDK2,,,Pass,Hoechst:DNA; Alexa Fluor 488 phalloidin:actin; mScarlet:fascin; iRFP:nuclear actin chromobody (nAC),13.41510582,-27.6765575,,Yes,compound response across 12 wells,active,inactive,Nuclear fascin,regulation of protein localization to nucleus,GO_1900180,,,
1093688991,I23,Homo sapiens,NCBITaxon,9606,HeLa,EFO,EFO_0001185,,,,,SN0178629597,0.1,1017,CDK2,,,Pass,Hoechst:DNA; Alexa Fluor 488 phalloidin:actin; mScarlet:fascin; iRFP:nuclear actin chromobody (nAC),0.818832278,-21.8904552,,Yes,compound response across 12 wells,active,inactive,Nuclear fascin,regulation of protein localization to nucleus,GO_1900180,,,
1093688991,I24,Homo sapiens,NCBITaxon,9606,HeLa,EFO,EFO_0001185,,,,,SN0178629597,0.03,1017,CDK2,,,Pass,Hoechst:DNA; Alexa Fluor 488 phalloidin:actin; mScarlet:fascin; iRFP:nuclear actin chromobody (nAC),13.2828598,-35.8381577,,Yes,compound response across 12 wells,active,inactive,Nuclear fascin,regulation of protein localization to nucleus,GO_1900180,,,
1093688991,J1,Homo sapiens,NCBITaxon,9606,HeLa,EFO,EFO_0001185,,,,,SN0178629597,0.0125,1017,CDK2,,,Pass,Hoechst:DNA; Alexa Fluor 488 phalloidin:actin; mScarlet:fascin; iRFP:nuclear actin chromobody (nAC),11.27075768,-22.9429131,,Yes,compound response across 12 wells,active,inactive,Nuclear fascin,regulation of protein localization to nucleus,GO_1900180,,,
1093688991,J2,Homo sapiens,NCBITaxon,9606,HeLa,EFO,EFO_0001185,,,,,SN0178629597,0.003,1017,CDK2,,,Pass,Hoechst:DNA; Alexa Fluor 488 phalloidin:actin; mScarlet:fascin; iRFP:nuclear actin chromobody (nAC),11.98463058,-26.5211601,,Yes,compound response across 12 wells,active,inactive,Nuclear fascin,regulation of protein localization to nucleus,GO_1900180,,,
1093688991,J3,Homo sapiens,NCBITaxon,9606,HeLa,EFO,EFO_0001185,,,,,SN0178629597,0.001,1017,CDK2,,,Pass,Hoechst:DNA; Alexa Fluor 488 phalloidin:actin; mScarlet:fascin; iRFP:nuclear actin chromobody (nAC),9.92844677,-23.9799614,,Yes,compound response across 12 wells,active,inactive,Nuclear fascin,regulation of protein localization to nucleus,GO_1900180,,,
1093688991,J4,Homo sapiens,NCBITaxon,9606,HeLa,EFO,EFO_0001185,,,,,SN0178629597,0.0003,1017,CDK2,,,Pass,Hoechst:DNA; Alexa Fluor 488 phalloidin:actin; mScarlet:fascin; iRFP:nuclear actin chromobody (nAC),4.686554909,-16.9165726,,Yes,compound response across 12 wells,active,inactive,Nuclear fascin,regulation of protein localization to nucleus,GO_1900180,,,
1093688991,J5,Homo sapiens,NCBITaxon,9606,HeLa,EFO,EFO_0001185,,,,,SN0178629597,0.00003,1017,CDK2,,,Pass,Hoechst:DNA; Alexa Fluor 488 phalloidin:actin; mScarlet:fascin; iRFP:nuclear actin chromobody (nAC),19.27900887,12.19354534,,Yes,compound response across 12 wells,active,inactive,Nuclear fascin,regulation of protein localization to nucleus,GO_1900180,,,
1093688991,J6,Homo sapiens,NCBITaxon,9606,HeLa,EFO,EFO_0001185,DMSO,679,IAZDPXIOMUYVGZ-UHFFFAOYSA-N,CS(=O)C,,,,,Neutral Control,,Pass,Hoechst:DNA; Alexa Fluor 488 phalloidin:actin; mScarlet:fascin; iRFP:nuclear actin chromobody (nAC),5.802872658,8.570775032,,,,,,,,,,,
1093688991,J7,Homo sapiens,NCBITaxon,9606,HeLa,EFO,EFO_0001185,,,,,,,,,Stimulator Control,Leptomycin b blocks nuclear export of fascin,Pass,Hoechst:DNA; Alexa Fluor 488 phalloidin:actin; mScarlet:fascin; iRFP:nuclear actin chromobody (nAC),90.85913849,23.01710129,,,,,,,,,,,
1093688991,J8,Homo sapiens,NCBITaxon,9606,HeLa,EFO,EFO_0001185,DMSO,679,IAZDPXIOMUYVGZ-UHFFFAOYSA-N,CS(=O)C,,,,,Neutral Control,,Pass,Hoechst:DNA; Alexa Fluor 488 phalloidin:actin; mScarlet:fascin; iRFP:nuclear actin chromobody (nAC),4.026826382,-7.64558029,,,,,,,,,,,
1093688991,J9,Homo sapiens,NCBITaxon,9606,HeLa,EFO,EFO_0001185,,,,,SN1051480580,30,1025,CDK9,,,Pass,Hoechst:DNA; Alexa Fluor 488 phalloidin:actin; mScarlet:fascin; iRFP:nuclear actin chromobody (nAC),47.0021553,-10.8483315,,Yes,compound response across 12 wells,active,inactive,Nuclear fascin,regulation of protein localization to nucleus,GO_1900180,,,
1093688991,J10,Homo sapiens,NCBITaxon,9606,HeLa,EFO,EFO_0001185,,,,,SN1051480580,10,1025,CDK9,,,Pass,Hoechst:DNA; Alexa Fluor 488 phalloidin:actin; mScarlet:fascin; iRFP:nuclear actin chromobody (nAC),67.59040833,,,Yes,compound response across 12 wells,active,inactive,Nuclear fascin,regulation of protein localization to nucleus,GO_1900180,,,
1093688991,J11,Homo sapiens,NCBITaxon,9606,HeLa,EFO,EFO_0001185,,,,,SN1051480580,3.125,1025,CDK9,,,Pass,Hoechst:DNA; Alexa Fluor 488 phalloidin:actin; mScarlet:fascin; iRFP:nuclear actin chromobody (nAC),44.4942131,-81.7648849,,Yes,compound response across 12 wells,active,inactive,Nuclear fascin,regulation of protein localization to nucleus,GO_1900180,,,
1093688991,J12,Homo sapiens,NCBITaxon,9606,HeLa,EFO,EFO_0001185,,,,,SN1051480580,1.25,1025,CDK9,,,Pass,Hoechst:DNA; Alexa Fluor 488 phalloidin:actin; mScarlet:fascin; iRFP:nuclear actin chromobody (nAC),18.72215462,-52.7664185,,Yes,compound response across 12 wells,active,inactive,Nuclear fascin,regulation of protein localization to nucleus,GO_1900180,,,
1093688991,J13,Homo sapiens,NCBITaxon,9606,HeLa,EFO,EFO_0001185,,,,,SN1051480580,0.3,1025,CDK9,,,Pass,Hoechst:DNA; Alexa Fluor 488 phalloidin:actin; mScarlet:fascin; iRFP:nuclear actin chromobody (nAC),22.94475937,-16.246315,,Yes,compound response across 12 wells,active,inactive,Nuclear fascin,regulation of protein localization to nucleus,GO_1900180,,,
1093688991,J14,Homo sapiens,NCBITaxon,9606,HeLa,EFO,EFO_0001185,,,,,SN1051480580,0.1,1025,CDK9,,,Pass,Hoechst:DNA; Alexa Fluor 488 phalloidin:actin; mScarlet:fascin; iRFP:nuclear actin chromobody (nAC),13.68148518,28.16567802,,Yes,compound response across 12 wells,active,inactive,Nuclear fascin,regulation of protein localization to nucleus,GO_1900180,,,
1093688991,J15,Homo sapiens,NCBITaxon,9606,HeLa,EFO,EFO_0001185,,,,,SN1051480580,0.03,1025,CDK9,,,Pass,Hoechst:DNA; Alexa Fluor 488 phalloidin:actin; mScarlet:fascin; iRFP:nuclear actin chromobody (nAC),18.00197792,29.64090919,,Yes,compound response across 12 wells,active,inactive,Nuclear fascin,regulation of protein localization to nucleus,GO_1900180,,,
1093688991,J16,Homo sapiens,NCBITaxon,9606,HeLa,EFO,EFO_0001185,,,,,SN1051480580,0.0125,1025,CDK9,,,Pass,Hoechst:DNA; Alexa Fluor 488 phalloidin:actin; mScarlet:fascin; iRFP:nuclear actin chromobody (nAC),5.792734146,-21.2213974,,Yes,compound response across 12 wells,active,inactive,Nuclear fascin,regulation of protein localization to nucleus,GO_1900180,,,
1093688991,J17,Homo sapiens,NCBITaxon,9606,HeLa,EFO,EFO_0001185,,,,,SN1051480580,0.003,1025,CDK9,,,Pass,Hoechst:DNA; Alexa Fluor 488 phalloidin:actin; mScarlet:fascin; iRFP:nuclear actin chromobody (nAC),-1.374122739,26.439991,,Yes,compound response across 12 wells,active,inactive,Nuclear fascin,regulation of protein localization to nucleus,GO_1900180,,,
1093688991,J18,Homo sapiens,NCBITaxon,9606,HeLa,EFO,EFO_0001185,,,,,SN1051480580,0.001,1025,CDK9,,,Pass,Hoechst:DNA; Alexa Fluor 488 phalloidin:actin; mScarlet:fascin; iRFP:nuclear actin chromobody (nAC),3.206629038,-13.0632858,,Yes,compound response across 12 wells,active,inactive,Nuclear fascin,regulation of protein localization to nucleus,GO_1900180,,,
1093688991,J19,Homo sapiens,NCBITaxon,9606,HeLa,EFO,EFO_0001185,,,,,SN1051480580,0.0003,1025,CDK9,,,Pass,Hoechst:DNA; Alexa Fluor 488 phalloidin:actin; mScarlet:fascin; iRFP:nuclear actin chromobody (nAC),18.5611496,1.709094048,,Yes,compound response across 12 wells,active,inactive,Nuclear fascin,regulation of protein localization to nucleus,GO_1900180,,,
1093688991,J20,Homo sapiens,NCBITaxon,9606,HeLa,EFO,EFO_0001185,,,,,SN1051480580,0.00003,1025,CDK9,,,Pass,Hoechst:DNA; Alexa Fluor 488 phalloidin:actin; mScarlet:fascin; iRFP:nuclear actin chromobody (nAC),10.80375481,-21.386261,,Yes,compound response across 12 wells,active,inactive,Nuclear fascin,regulation of protein localization to nucleus,GO_1900180,,,
1093688991,J21,Homo sapiens,NCBITaxon,9606,HeLa,EFO,EFO_0001185,,,,,SN1107710470,30,23569,PADI4,,,Pass,Hoechst:DNA; Alexa Fluor 488 phalloidin:actin; mScarlet:fascin; iRFP:nuclear actin chromobody (nAC),-44.95661545,-19.0426159,,,compound response across 12 wells,inactive,inactive,,,,,,
1093688991,J22,Homo sapiens,NCBITaxon,9606,HeLa,EFO,EFO_0001185,,,,,SN1107710470,10,23569,PADI4,,,Pass,Hoechst:DNA; Alexa Fluor 488 phalloidin:actin; mScarlet:fascin; iRFP:nuclear actin chromobody (nAC),10.33843803,-47.0988617,,,compound response across 12 wells,inactive,inactive,,,,,,
1093688991,J23,Homo sapiens,NCBITaxon,9606,HeLa,EFO,EFO_0001185,,,,,SN1107710470,3.125,23569,PADI4,,,Pass,Hoechst:DNA; Alexa Fluor 488 phalloidin:actin; mScarlet:fascin; iRFP:nuclear actin chromobody (nAC),11.00703239,-13.0799017,,,compound response across 12 wells,inactive,inactive,,,,,,
1093688991,J24,Homo sapiens,NCBITaxon,9606,HeLa,EFO,EFO_0001185,,,,,SN1107710470,1.25,23569,PADI4,,,Pass,Hoechst:DNA; Alexa Fluor 488 phalloidin:actin; mScarlet:fascin; iRFP:nuclear actin chromobody (nAC),18.84470749,-72.1963425,,,compound response across 12 wells,inactive,inactive,,,,,,
1093688991,K1,Homo sapiens,NCBITaxon,9606,HeLa,EFO,EFO_0001185,,,,,SN1107710470,0.3,23569,PADI4,,,Pass,Hoechst:DNA; Alexa Fluor 488 phalloidin:actin; mScarlet:fascin; iRFP:nuclear actin chromobody (nAC),8.982398987,-39.4503593,,,compound response across 12 wells,inactive,inactive,,,,,,
1093688991,K2,Homo sapiens,NCBITaxon,9606,HeLa,EFO,EFO_0001185,,,,,SN1107710470,0.1,23569,PADI4,,,Pass,Hoechst:DNA; Alexa Fluor 488 phalloidin:actin; mScarlet:fascin; iRFP:nuclear actin chromobody (nAC),8.723689079,-16.8587456,,,compound response across 12 wells,inactive,inactive,,,,,,
1093688991,K3,Homo sapiens,NCBITaxon,9606,HeLa,EFO,EFO_0001185,,,,,SN1107710470,0.03,23569,PADI4,,,Pass,Hoechst:DNA; Alexa Fluor 488 phalloidin:actin; mScarlet:fascin; iRFP:nuclear actin chromobody (nAC),18.51605415,-3.59043646,,,compound response across 12 wells,inactive,inactive,,,,,,
1093688991,K4,Homo sapiens,NCBITaxon,9606,HeLa,EFO,EFO_0001185,,,,,SN1107710470,0.0125,23569,PADI4,,,Pass,Hoechst:DNA; Alexa Fluor 488 phalloidin:actin; mScarlet:fascin; iRFP:nuclear actin chromobody (nAC),15.32045364,-2.92478967,,,compound response across 12 wells,inactive,inactive,,,,,,
1093688991,K5,Homo sapiens,NCBITaxon,9606,HeLa,EFO,EFO_0001185,,,,,SN1107710470,0.003,23569,PADI4,,,Pass,Hoechst:DNA; Alexa Fluor 488 phalloidin:actin; mScarlet:fascin; iRFP:nuclear actin chromobody (nAC),0.196697667,-15.9177847,,,compound response across 12 wells,inactive,inactive,,,,,,
1093688991,K6,Homo sapiens,NCBITaxon,9606,HeLa,EFO,EFO_0001185,,,,,SN1107710470,0.001,23569,PADI4,,,Pass,Hoechst:DNA; Alexa Fluor 488 phalloidin:actin; mScarlet:fascin; iRFP:nuclear actin chromobody (nAC),9.408096313,-45.3221016,,,compound response across 12 wells,inactive,inactive,,,,,,
1093688991,K7,Homo sapiens,NCBITaxon,9606,HeLa,EFO,EFO_0001185,,,,,SN1107710470,0.0003,23569,PADI4,,,Pass,Hoechst:DNA; Alexa Fluor 488 phalloidin:actin; mScarlet:fascin; iRFP:nuclear actin chromobody (nAC),6.865767002,-25.2543736,,,compound response across 12 wells,inactive,inactive,,,,,,
1093688991,K8,Homo sapiens,NCBITaxon,9606,HeLa,EFO,EFO_0001185,,,,,SN1107710470,0.00003,23569,PADI4,,,Pass,Hoechst:DNA; Alexa Fluor 488 phalloidin:actin; mScarlet:fascin; iRFP:nuclear actin chromobody (nAC),2.614818096,25.48806953,,,compound response across 12 wells,inactive,inactive,,,,,,
1093688991,K9,Homo sapiens,NCBITaxon,9606,HeLa,EFO,EFO_0001185,,,,,SN1060338315,30,1020,CDK5,,,Pass,Hoechst:DNA; Alexa Fluor 488 phalloidin:actin; mScarlet:fascin; iRFP:nuclear actin chromobody (nAC),-12.37909985,,,Yes,compound response across 12 wells,inactive,active,,,,Nuclear actin,actin filament phenotype,CMPO_0000104
1093688991,K10,Homo sapiens,NCBITaxon,9606,HeLa,EFO,EFO_0001185,,,,,SN1060338315,10,1020,CDK5,,,Pass,Hoechst:DNA; Alexa Fluor 488 phalloidin:actin; mScarlet:fascin; iRFP:nuclear actin chromobody (nAC),217.7980957,-366.974579,,Yes,compound response across 12 wells,inactive,active,,,,Nuclear actin,actin filament phenotype,CMPO_0000104
1093688991,K11,Homo sapiens,NCBITaxon,9606,HeLa,EFO,EFO_0001185,,,,,SN1060338315,3.125,1020,CDK5,,,Pass,Hoechst:DNA; Alexa Fluor 488 phalloidin:actin; mScarlet:fascin; iRFP:nuclear actin chromobody (nAC),54.52021027,-98.3423843,,Yes,compound response across 12 wells,inactive,active,,,,Nuclear actin,actin filament phenotype,CMPO_0000104
1093688991,K12,Homo sapiens,NCBITaxon,9606,HeLa,EFO,EFO_0001185,,,,,SN1060338315,1.25,1020,CDK5,,,Pass,Hoechst:DNA; Alexa Fluor 488 phalloidin:actin; mScarlet:fascin; iRFP:nuclear actin chromobody (nAC),34.73221588,,,Yes,compound response across 12 wells,inactive,active,,,,Nuclear actin,actin filament phenotype,CMPO_0000104
1093688991,K13,Homo sapiens,NCBITaxon,9606,HeLa,EFO,EFO_0001185,,,,,SN1060338315,0.3,1020,CDK5,,,Pass,Hoechst:DNA; Alexa Fluor 488 phalloidin:actin; mScarlet:fascin; iRFP:nuclear actin chromobody (nAC),124.436676,-49.6031685,,Yes,compound response across 12 wells,inactive,active,,,,Nuclear actin,actin filament phenotype,CMPO_0000104
1093688991,K14,Homo sapiens,NCBITaxon,9606,HeLa,EFO,EFO_0001185,,,,,SN1060338315,0.1,1020,CDK5,,,Pass,Hoechst:DNA; Alexa Fluor 488 phalloidin:actin; mScarlet:fascin; iRFP:nuclear actin chromobody (nAC),120.0943298,-130.080978,,Yes,compound response across 12 wells,inactive,active,,,,Nuclear actin,actin filament phenotype,CMPO_0000104
1093688991,K15,Homo sapiens,NCBITaxon,9606,HeLa,EFO,EFO_0001185,,,,,SN1060338315,0.03,1020,CDK5,,,Pass,Hoechst:DNA; Alexa Fluor 488 phalloidin:actin; mScarlet:fascin; iRFP:nuclear actin chromobody (nAC),2.563266277,-102.330696,,Yes,compound response across 12 wells,inactive,active,,,,Nuclear actin,actin filament phenotype,CMPO_0000104
1093688991,K16,Homo sapiens,NCBITaxon,9606,HeLa,EFO,EFO_0001185,,,,,SN1060338315,0.0125,1020,CDK5,,,Pass,Hoechst:DNA; Alexa Fluor 488 phalloidin:actin; mScarlet:fascin; iRFP:nuclear actin chromobody (nAC),21.84417725,-22.1837654,,Yes,compound response across 12 wells,inactive,active,,,,Nuclear actin,actin filament phenotype,CMPO_0000104
1093688991,K17,Homo sapiens,NCBITaxon,9606,HeLa,EFO,EFO_0001185,,,,,SN1060338315,0.003,1020,CDK5,,,Pass,Hoechst:DNA; Alexa Fluor 488 phalloidin:actin; mScarlet:fascin; iRFP:nuclear actin chromobody (nAC),16.70548248,-5.92295313,,Yes,compound response across 12 wells,inactive,active,,,,Nuclear actin,actin filament phenotype,CMPO_0000104
1093688991,K18,Homo sapiens,NCBITaxon,9606,HeLa,EFO,EFO_0001185,,,,,SN1060338315,0.001,1020,CDK5,,,Pass,Hoechst:DNA; Alexa Fluor 488 phalloidin:actin; mScarlet:fascin; iRFP:nuclear actin chromobody (nAC),15.28015995,3.553556442,,Yes,compound response across 12 wells,inactive,active,,,,Nuclear actin,actin filament phenotype,CMPO_0000104
1093688991,K19,Homo sapiens,NCBITaxon,9606,HeLa,EFO,EFO_0001185,,,,,SN1060338315,0.0003,1020,CDK5,,,Pass,Hoechst:DNA; Alexa Fluor 488 phalloidin:actin; mScarlet:fascin; iRFP:nuclear actin chromobody (nAC),11.34286308,15.92393875,,Yes,compound response across 12 wells,inactive,active,,,,Nuclear actin,actin filament phenotype,CMPO_0000104
1093688991,K20,Homo sapiens,NCBITaxon,9606,HeLa,EFO,EFO_0001185,,,,,SN1060338315,0.00003,1020,CDK5,,,Pass,Hoechst:DNA; Alexa Fluor 488 phalloidin:actin; mScarlet:fascin; iRFP:nuclear actin chromobody (nAC),7.79121542,0.308943838,,Yes,compound response across 12 wells,inactive,active,,,,Nuclear actin,actin filament phenotype,CMPO_0000104
1093688991,K21,Homo sapiens,NCBITaxon,9606,HeLa,EFO,EFO_0001185,DMSO,679,IAZDPXIOMUYVGZ-UHFFFAOYSA-N,CS(=O)C,,,,,Neutral Control,,Pass,Hoechst:DNA; Alexa Fluor 488 phalloidin:actin; mScarlet:fascin; iRFP:nuclear actin chromobody (nAC),3.672359705,8.010210037,,,,,,,,,,,
1093688991,K22,Homo sapiens,NCBITaxon,9606,HeLa,EFO,EFO_0001185,,,,,,,,,Stimulator Control,Leptomycin b blocks nuclear export of fascin,Pass,Hoechst:DNA; Alexa Fluor 488 phalloidin:actin; mScarlet:fascin; iRFP:nuclear actin chromobody (nAC),110.9050903,16.34412384,,,,,,,,,,,
1093688991,K23,Homo sapiens,NCBITaxon,9606,HeLa,EFO,EFO_0001185,DMSO,679,IAZDPXIOMUYVGZ-UHFFFAOYSA-N,CS(=O)C,,,,,Neutral Control,,Pass,Hoechst:DNA; Alexa Fluor 488 phalloidin:actin; mScarlet:fascin; iRFP:nuclear actin chromobody (nAC),-7.229436874,-10.5076733,,,,,,,,,,,
1093688991,K24,Homo sapiens,NCBITaxon,9606,HeLa,EFO,EFO_0001185,,,,,SN1081710780,30,5663,PSEN1,,,Pass,Hoechst:DNA; Alexa Fluor 488 phalloidin:actin; mScarlet:fascin; iRFP:nuclear actin chromobody (nAC),-0.416019261,-27.6732311,,,compound response across 12 wells,inactive,inactive,,,,,,
1093688991,L1,Homo sapiens,NCBITaxon,9606,HeLa,EFO,EFO_0001185,,,,,SN1081710780,10,5663,PSEN1,,,Pass,Hoechst:DNA; Alexa Fluor 488 phalloidin:actin; mScarlet:fascin; iRFP:nuclear actin chromobody (nAC),16.79185104,-6.83179951,,,compound response across 12 wells,inactive,inactive,,,,,,
1093688991,L2,Homo sapiens,NCBITaxon,9606,HeLa,EFO,EFO_0001185,,,,,SN1081710780,3.125,5663,PSEN1,,,Pass,Hoechst:DNA; Alexa Fluor 488 phalloidin:actin; mScarlet:fascin; iRFP:nuclear actin chromobody (nAC),6.132614136,-32.0367546,,,compound response across 12 wells,inactive,inactive,,,,,,
1093688991,L3,Homo sapiens,NCBITaxon,9606,HeLa,EFO,EFO_0001185,,,,,SN1081710780,1.25,5663,PSEN1,,,Pass,Hoechst:DNA; Alexa Fluor 488 phalloidin:actin; mScarlet:fascin; iRFP:nuclear actin chromobody (nAC),15.70223808,-10.5775299,,,compound response across 12 wells,inactive,inactive,,,,,,
1093688991,L4,Homo sapiens,NCBITaxon,9606,HeLa,EFO,EFO_0001185,,,,,SN1081710780,0.3,5663,PSEN1,,,Pass,Hoechst:DNA; Alexa Fluor 488 phalloidin:actin; mScarlet:fascin; iRFP:nuclear actin chromobody (nAC),10.20737267,-2.00098753,,,compound response across 12 wells,inactive,inactive,,,,,,
1093688991,L5,Homo sapiens,NCBITaxon,9606,HeLa,EFO,EFO_0001185,,,,,SN1081710780,0.1,5663,PSEN1,,,Pass,Hoechst:DNA; Alexa Fluor 488 phalloidin:actin; mScarlet:fascin; iRFP:nuclear actin chromobody (nAC),16.12543488,-33.6639328,,,compound response across 12 wells,inactive,inactive,,,,,,
1093688991,L6,Homo sapiens,NCBITaxon,9606,HeLa,EFO,EFO_0001185,,,,,SN1081710780,0.03,5663,PSEN1,,,Pass,Hoechst:DNA; Alexa Fluor 488 phalloidin:actin; mScarlet:fascin; iRFP:nuclear actin chromobody (nAC),16.45091248,0.272557586,,,compound response across 12 wells,inactive,inactive,,,,,,
1093688991,L7,Homo sapiens,NCBITaxon,9606,HeLa,EFO,EFO_0001185,,,,,SN1081710780,0.0125,5663,PSEN1,,,Pass,Hoechst:DNA; Alexa Fluor 488 phalloidin:actin; mScarlet:fascin; iRFP:nuclear actin chromobody (nAC),0.476252556,-29.1071377,,,compound response across 12 wells,inactive,inactive,,,,,,
1093688991,L8,Homo sapiens,NCBITaxon,9606,HeLa,EFO,EFO_0001185,,,,,SN1081710780,0.003,5663,PSEN1,,,Pass,Hoechst:DNA; Alexa Fluor 488 phalloidin:actin; mScarlet:fascin; iRFP:nuclear actin chromobody (nAC),16.33621407,20.9950161,,,compound response across 12 wells,inactive,inactive,,,,,,
1093688991,L9,Homo sapiens,NCBITaxon,9606,HeLa,EFO,EFO_0001185,,,,,SN1081710780,0.001,5663,PSEN1,,,Pass,Hoechst:DNA; Alexa Fluor 488 phalloidin:actin; mScarlet:fascin; iRFP:nuclear actin chromobody (nAC),14.38583279,-22.6111031,,,compound response across 12 wells,inactive,inactive,,,,,,
1093688991,L10,Homo sapiens,NCBITaxon,9606,HeLa,EFO,EFO_0001185,,,,,SN1081710780,0.0003,5663,PSEN1,,,Pass,Hoechst:DNA; Alexa Fluor 488 phalloidin:actin; mScarlet:fascin; iRFP:nuclear actin chromobody (nAC),16.69311905,-0.96977609,,,compound response across 12 wells,inactive,inactive,,,,,,
1093688991,L11,Homo sapiens,NCBITaxon,9606,HeLa,EFO,EFO_0001185,,,,,SN1081710780,0.00003,5663,PSEN1,,,Pass,Hoechst:DNA; Alexa Fluor 488 phalloidin:actin; mScarlet:fascin; iRFP:nuclear actin chromobody (nAC),-2.169993639,10.70819664,,,compound response across 12 wells,inactive,inactive,,,,,,
1093688991,L12,Homo sapiens,NCBITaxon,9606,HeLa,EFO,EFO_0001185,,,,,SN1070379479,30,4914,NTRK1,,,Pass,Hoechst:DNA; Alexa Fluor 488 phalloidin:actin; mScarlet:fascin; iRFP:nuclear actin chromobody (nAC),129.1891632,-236.621323,,Yes,compound response across 12 wells,inactive,active,,,,Nuclear actin,actin filament phenotype,CMPO_0000104
1093688991,L13,Homo sapiens,NCBITaxon,9606,HeLa,EFO,EFO_0001185,,,,,SN1070379479,10,4914,NTRK1,,,Pass,Hoechst:DNA; Alexa Fluor 488 phalloidin:actin; mScarlet:fascin; iRFP:nuclear actin chromobody (nAC),125.6524124,-114.237793,,Yes,compound response across 12 wells,inactive,active,,,,Nuclear actin,actin filament phenotype,CMPO_0000104
1093688991,L14,Homo sapiens,NCBITaxon,9606,HeLa,EFO,EFO_0001185,,,,,SN1070379479,3.125,4914,NTRK1,,,Pass,Hoechst:DNA; Alexa Fluor 488 phalloidin:actin; mScarlet:fascin; iRFP:nuclear actin chromobody (nAC),73.79334259,-84.0805359,,Yes,compound response across 12 wells,inactive,active,,,,Nuclear actin,actin filament phenotype,CMPO_0000104
1093688991,L15,Homo sapiens,NCBITaxon,9606,HeLa,EFO,EFO_0001185,,,,,SN1070379479,1.25,4914,NTRK1,,,Pass,Hoechst:DNA; Alexa Fluor 488 phalloidin:actin; mScarlet:fascin; iRFP:nuclear actin chromobody (nAC),53.75613403,-114.15696,,Yes,compound response across 12 wells,inactive,active,,,,Nuclear actin,actin filament phenotype,CMPO_0000104
1093688991,L16,Homo sapiens,NCBITaxon,9606,HeLa,EFO,EFO_0001185,,,,,SN1070379479,0.3,4914,NTRK1,,,Pass,Hoechst:DNA; Alexa Fluor 488 phalloidin:actin; mScarlet:fascin; iRFP:nuclear actin chromobody (nAC),41.61181641,-31.6875973,,Yes,compound response across 12 wells,inactive,active,,,,Nuclear actin,actin filament phenotype,CMPO_0000104
1093688991,L17,Homo sapiens,NCBITaxon,9606,HeLa,EFO,EFO_0001185,,,,,SN1070379479,0.1,4914,NTRK1,,,Pass,Hoechst:DNA; Alexa Fluor 488 phalloidin:actin; mScarlet:fascin; iRFP:nuclear actin chromobody (nAC),20.37758064,-13.515132,,Yes,compound response across 12 wells,inactive,active,,,,Nuclear actin,actin filament phenotype,CMPO_0000104
1093688991,L18,Homo sapiens,NCBITaxon,9606,HeLa,EFO,EFO_0001185,,,,,SN1070379479,0.03,4914,NTRK1,,,Pass,Hoechst:DNA; Alexa Fluor 488 phalloidin:actin; mScarlet:fascin; iRFP:nuclear actin chromobody (nAC),2.747049093,-30.5799713,,Yes,compound response across 12 wells,inactive,active,,,,Nuclear actin,actin filament phenotype,CMPO_0000104
1093688991,L19,Homo sapiens,NCBITaxon,9606,HeLa,EFO,EFO_0001185,,,,,SN1070379479,0.0125,4914,NTRK1,,,Pass,Hoechst:DNA; Alexa Fluor 488 phalloidin:actin; mScarlet:fascin; iRFP:nuclear actin chromobody (nAC),11.46572208,13.9711628,,Yes,compound response across 12 wells,inactive,active,,,,Nuclear actin,actin filament phenotype,CMPO_0000104
1093688991,L20,Homo sapiens,NCBITaxon,9606,HeLa,EFO,EFO_0001185,,,,,SN1070379479,0.003,4914,NTRK1,,,Pass,Hoechst:DNA; Alexa Fluor 488 phalloidin:actin; mScarlet:fascin; iRFP:nuclear actin chromobody (nAC),15.15792942,-19.33811,,Yes,compound response across 12 wells,inactive,active,,,,Nuclear actin,actin filament phenotype,CMPO_0000104
1093688991,L21,Homo sapiens,NCBITaxon,9606,HeLa,EFO,EFO_0001185,,,,,SN1070379479,0.001,4914,NTRK1,,,Pass,Hoechst:DNA; Alexa Fluor 488 phalloidin:actin; mScarlet:fascin; iRFP:nuclear actin chromobody (nAC),9.905822754,-53.6984329,,Yes,compound response across 12 wells,inactive,active,,,,Nuclear actin,actin filament phenotype,CMPO_0000104
1093688991,L22,Homo sapiens,NCBITaxon,9606,HeLa,EFO,EFO_0001185,,,,,SN1070379479,0.0003,4914,NTRK1,,,Pass,Hoechst:DNA; Alexa Fluor 488 phalloidin:actin; mScarlet:fascin; iRFP:nuclear actin chromobody (nAC),11.69068813,-43.119709,,Yes,compound response across 12 wells,inactive,active,,,,Nuclear actin,actin filament phenotype,CMPO_0000104
1093688991,L23,Homo sapiens,NCBITaxon,9606,HeLa,EFO,EFO_0001185,,,,,SN1070379479,0.00003,4914,NTRK1,,,Pass,Hoechst:DNA; Alexa Fluor 488 phalloidin:actin; mScarlet:fascin; iRFP:nuclear actin chromobody (nAC),3.507902861,-32.7464752,,Yes,compound response across 12 wells,inactive,active,,,,Nuclear actin,actin filament phenotype,CMPO_0000104
1093688991,L24,Homo sapiens,NCBITaxon,9606,HeLa,EFO,EFO_0001185,,,,,SN1060629401,30,898,CCNE1,,,Pass,Hoechst:DNA; Alexa Fluor 488 phalloidin:actin; mScarlet:fascin; iRFP:nuclear actin chromobody (nAC),75.5460434,-247.486145,,Yes,compound response across 12 wells,active,active,Nuclear fascin,regulation of protein localization to nucleus,GO_1900180,Nuclear actin,actin filament phenotype,CMPO_0000104
1093688991,M1,Homo sapiens,NCBITaxon,9606,HeLa,EFO,EFO_0001185,,,,,SN1060629401,10,898,CCNE1,,,Pass,Hoechst:DNA; Alexa Fluor 488 phalloidin:actin; mScarlet:fascin; iRFP:nuclear actin chromobody (nAC),53.07013321,-28.4252796,,Yes,compound response across 12 wells,active,active,Nuclear fascin,regulation of protein localization to nucleus,GO_1900180,Nuclear actin,actin filament phenotype,CMPO_0000104
1093688991,M2,Homo sapiens,NCBITaxon,9606,HeLa,EFO,EFO_0001185,,,,,SN1060629401,3.125,898,CCNE1,,,Pass,Hoechst:DNA; Alexa Fluor 488 phalloidin:actin; mScarlet:fascin; iRFP:nuclear actin chromobody (nAC),11.65625381,-79.31707,,Yes,compound response across 12 wells,active,active,Nuclear fascin,regulation of protein localization to nucleus,GO_1900180,Nuclear actin,actin filament phenotype,CMPO_0000104
1093688991,M3,Homo sapiens,NCBITaxon,9606,HeLa,EFO,EFO_0001185,,,,,SN1060629401,1.25,898,CCNE1,,,Pass,Hoechst:DNA; Alexa Fluor 488 phalloidin:actin; mScarlet:fascin; iRFP:nuclear actin chromobody (nAC),22.06567764,-49.9502831,,Yes,compound response across 12 wells,active,active,Nuclear fascin,regulation of protein localization to nucleus,GO_1900180,Nuclear actin,actin filament phenotype,CMPO_0000104
1093688991,M4,Homo sapiens,NCBITaxon,9606,HeLa,EFO,EFO_0001185,,,,,SN1060629401,0.3,898,CCNE1,,,Pass,Hoechst:DNA; Alexa Fluor 488 phalloidin:actin; mScarlet:fascin; iRFP:nuclear actin chromobody (nAC),17.94275665,2.289738417,,Yes,compound response across 12 wells,active,active,Nuclear fascin,regulation of protein localization to nucleus,GO_1900180,Nuclear actin,actin filament phenotype,CMPO_0000104
1093688991,M5,Homo sapiens,NCBITaxon,9606,HeLa,EFO,EFO_0001185,,,,,SN1060629401,0.1,898,CCNE1,,,Pass,Hoechst:DNA; Alexa Fluor 488 phalloidin:actin; mScarlet:fascin; iRFP:nuclear actin chromobody (nAC),22.24789619,3.205631495,,Yes,compound response across 12 wells,active,active,Nuclear fascin,regulation of protein localization to nucleus,GO_1900180,Nuclear actin,actin filament phenotype,CMPO_0000104
1093688991,M6,Homo sapiens,NCBITaxon,9606,HeLa,EFO,EFO_0001185,,,,,SN1060629401,0.03,898,CCNE1,,,Pass,Hoechst:DNA; Alexa Fluor 488 phalloidin:actin; mScarlet:fascin; iRFP:nuclear actin chromobody (nAC),19.26106453,7.102518559,,Yes,compound response across 12 wells,active,active,Nuclear fascin,regulation of protein localization to nucleus,GO_1900180,Nuclear actin,actin filament phenotype,CMPO_0000104
1093688991,M7,Homo sapiens,NCBITaxon,9606,HeLa,EFO,EFO_0001185,,,,,SN1060629401,0.0125,898,CCNE1,,,Pass,Hoechst:DNA; Alexa Fluor 488 phalloidin:actin; mScarlet:fascin; iRFP:nuclear actin chromobody (nAC),6.251853943,-4.85534334,,Yes,compound response across 12 wells,active,active,Nuclear fascin,regulation of protein localization to nucleus,GO_1900180,Nuclear actin,actin filament phenotype,CMPO_0000104
1093688991,M8,Homo sapiens,NCBITaxon,9606,HeLa,EFO,EFO_0001185,,,,,SN1060629401,0.003,898,CCNE1,,,Pass,Hoechst:DNA; Alexa Fluor 488 phalloidin:actin; mScarlet:fascin; iRFP:nuclear actin chromobody (nAC),16.93063164,2.476835489,,Yes,compound response across 12 wells,active,active,Nuclear fascin,regulation of protein localization to nucleus,GO_1900180,Nuclear actin,actin filament phenotype,CMPO_0000104
1093688991,M9,Homo sapiens,NCBITaxon,9606,HeLa,EFO,EFO_0001185,,,,,SN1060629401,0.001,898,CCNE1,,,Pass,Hoechst:DNA; Alexa Fluor 488 phalloidin:actin; mScarlet:fascin; iRFP:nuclear actin chromobody (nAC),14.95373154,2.043473721,,Yes,compound response across 12 wells,active,active,Nuclear fascin,regulation of protein localization to nucleus,GO_1900180,Nuclear actin,actin filament phenotype,CMPO_0000104
1093688991,M10,Homo sapiens,NCBITaxon,9606,HeLa,EFO,EFO_0001185,,,,,SN1060629401,0.0003,898,CCNE1,,,Pass,Hoechst:DNA; Alexa Fluor 488 phalloidin:actin; mScarlet:fascin; iRFP:nuclear actin chromobody (nAC),18.40808868,-22.8042946,,Yes,compound response across 12 wells,active,active,Nuclear fascin,regulation of protein localization to nucleus,GO_1900180,Nuclear actin,actin filament phenotype,CMPO_0000104
1093688991,M11,Homo sapiens,NCBITaxon,9606,HeLa,EFO,EFO_0001185,,,,,SN1060629401,0.00003,898,CCNE1,,,Pass,Hoechst:DNA; Alexa Fluor 488 phalloidin:actin; mScarlet:fascin; iRFP:nuclear actin chromobody (nAC),12.60438824,-9.40678978,,Yes,compound response across 12 wells,active,active,Nuclear fascin,regulation of protein localization to nucleus,GO_1900180,Nuclear actin,actin filament phenotype,CMPO_0000104
1093688991,M12,Homo sapiens,NCBITaxon,9606,HeLa,EFO,EFO_0001185,,,,,SN0054406580,30,2902,GRIN1,,,Pass,Hoechst:DNA; Alexa Fluor 488 phalloidin:actin; mScarlet:fascin; iRFP:nuclear actin chromobody (nAC),29.56298256,4.207175732,,,compound response across 12 wells,inactive,inactive,,,,,,
1093688991,M13,Homo sapiens,NCBITaxon,9606,HeLa,EFO,EFO_0001185,,,,,SN0054406580,10,2902,GRIN1,,,Pass,Hoechst:DNA; Alexa Fluor 488 phalloidin:actin; mScarlet:fascin; iRFP:nuclear actin chromobody (nAC),23.24954414,-6.56113482,,,compound response across 12 wells,inactive,inactive,,,,,,
1093688991,M14,Homo sapiens,NCBITaxon,9606,HeLa,EFO,EFO_0001185,,,,,SN0054406580,3.125,2902,GRIN1,,,Pass,Hoechst:DNA; Alexa Fluor 488 phalloidin:actin; mScarlet:fascin; iRFP:nuclear actin chromobody (nAC),16.27493668,2.300248384,,,compound response across 12 wells,inactive,inactive,,,,,,
1093688991,M15,Homo sapiens,NCBITaxon,9606,HeLa,EFO,EFO_0001185,,,,,SN0054406580,1.25,2902,GRIN1,,,Pass,Hoechst:DNA; Alexa Fluor 488 phalloidin:actin; mScarlet:fascin; iRFP:nuclear actin chromobody (nAC),22.56641006,-8.62734795,,,compound response across 12 wells,inactive,inactive,,,,,,
1093688991,M16,Homo sapiens,NCBITaxon,9606,HeLa,EFO,EFO_0001185,,,,,SN0054406580,0.3,2902,GRIN1,,,Pass,Hoechst:DNA; Alexa Fluor 488 phalloidin:actin; mScarlet:fascin; iRFP:nuclear actin chromobody (nAC),13.57422543,-8.24767876,,,compound response across 12 wells,inactive,inactive,,,,,,
1093688991,M17,Homo sapiens,NCBITaxon,9606,HeLa,EFO,EFO_0001185,,,,,SN0054406580,0.1,2902,GRIN1,,,Pass,Hoechst:DNA; Alexa Fluor 488 phalloidin:actin; mScarlet:fascin; iRFP:nuclear actin chromobody (nAC),3.894288778,0.070713334,,,compound response across 12 wells,inactive,inactive,,,,,,
1093688991,M18,Homo sapiens,NCBITaxon,9606,HeLa,EFO,EFO_0001185,,,,,SN0054406580,0.03,2902,GRIN1,,,Pass,Hoechst:DNA; Alexa Fluor 488 phalloidin:actin; mScarlet:fascin; iRFP:nuclear actin chromobody (nAC),6.931307316,-6.7162075,,,compound response across 12 wells,inactive,inactive,,,,,,
1093688991,M19,Homo sapiens,NCBITaxon,9606,HeLa,EFO,EFO_0001185,,,,,SN0054406580,0.0125,2902,GRIN1,,,Pass,Hoechst:DNA; Alexa Fluor 488 phalloidin:actin; mScarlet:fascin; iRFP:nuclear actin chromobody (nAC),15.16954041,-14.2782373,,,compound response across 12 wells,inactive,inactive,,,,,,
1093688991,M20,Homo sapiens,NCBITaxon,9606,HeLa,EFO,EFO_0001185,,,,,SN0054406580,0.003,2902,GRIN1,,,Pass,Hoechst:DNA; Alexa Fluor 488 phalloidin:actin; mScarlet:fascin; iRFP:nuclear actin chromobody (nAC),22.5248127,-53.2937889,,,compound response across 12 wells,inactive,inactive,,,,,,
1093688991,M21,Homo sapiens,NCBITaxon,9606,HeLa,EFO,EFO_0001185,,,,,SN0054406580,0.001,2902,GRIN1,,,Pass,Hoechst:DNA; Alexa Fluor 488 phalloidin:actin; mScarlet:fascin; iRFP:nuclear actin chromobody (nAC),15.50112343,-21.510334,,,compound response across 12 wells,inactive,inactive,,,,,,
1093688991,M22,Homo sapiens,NCBITaxon,9606,HeLa,EFO,EFO_0001185,,,,,SN0054406580,0.0003,2902,GRIN1,,,Pass,Hoechst:DNA; Alexa Fluor 488 phalloidin:actin; mScarlet:fascin; iRFP:nuclear actin chromobody (nAC),22.85835838,-22.8794422,,,compound response across 12 wells,inactive,inactive,,,,,,
1093688991,M23,Homo sapiens,NCBITaxon,9606,HeLa,EFO,EFO_0001185,,,,,SN0054406580,0.00003,2902,GRIN1,,,Pass,Hoechst:DNA; Alexa Fluor 488 phalloidin:actin; mScarlet:fascin; iRFP:nuclear actin chromobody (nAC),4.059635162,-16.0403099,,,compound response across 12 wells,inactive,inactive,,,,,,
1093688991,M24,Homo sapiens,NCBITaxon,9606,HeLa,EFO,EFO_0001185,,,,,SN1060124720,30,8621,CDK13,,,Fail,Hoechst:DNA; Alexa Fluor 488 phalloidin:actin; mScarlet:fascin; iRFP:nuclear actin chromobody (nAC),33.55827332,,Yes,Yes,compound response across 12 wells,active,active,Nuclear fascin,regulation of protein localization to nucleus,GO_1900180,Nuclear actin,actin filament phenotype,CMPO_0000104
1093688991,N1,Homo sapiens,NCBITaxon,9606,HeLa,EFO,EFO_0001185,,,,,SN1060124720,10,8621,CDK13,,,Pass,Hoechst:DNA; Alexa Fluor 488 phalloidin:actin; mScarlet:fascin; iRFP:nuclear actin chromobody (nAC),91.86646271,-91.5176392,Yes,Yes,compound response across 12 wells,active,active,Nuclear fascin,regulation of protein localization to nucleus,GO_1900180,Nuclear actin,actin filament phenotype,CMPO_0000104
1093688991,N2,Homo sapiens,NCBITaxon,9606,HeLa,EFO,EFO_0001185,,,,,SN1060124720,3.125,8621,CDK13,,,Pass,Hoechst:DNA; Alexa Fluor 488 phalloidin:actin; mScarlet:fascin; iRFP:nuclear actin chromobody (nAC),74.38733673,-256.906891,Yes,Yes,compound response across 12 wells,active,active,Nuclear fascin,regulation of protein localization to nucleus,GO_1900180,Nuclear actin,actin filament phenotype,CMPO_0000104
1093688991,N3,Homo sapiens,NCBITaxon,9606,HeLa,EFO,EFO_0001185,,,,,SN1060124720,1.25,8621,CDK13,,,Pass,Hoechst:DNA; Alexa Fluor 488 phalloidin:actin; mScarlet:fascin; iRFP:nuclear actin chromobody (nAC),90.08431244,-177.896805,Yes,Yes,compound response across 12 wells,active,active,Nuclear fascin,regulation of protein localization to nucleus,GO_1900180,Nuclear actin,actin filament phenotype,CMPO_0000104
1093688991,N4,Homo sapiens,NCBITaxon,9606,HeLa,EFO,EFO_0001185,,,,,SN1060124720,0.3,8621,CDK13,,,Pass,Hoechst:DNA; Alexa Fluor 488 phalloidin:actin; mScarlet:fascin; iRFP:nuclear actin chromobody (nAC),21.69800377,-49.7781525,Yes,Yes,compound response across 12 wells,active,active,Nuclear fascin,regulation of protein localization to nucleus,GO_1900180,Nuclear actin,actin filament phenotype,CMPO_0000104
1093688991,N5,Homo sapiens,NCBITaxon,9606,HeLa,EFO,EFO_0001185,,,,,SN1060124720,0.1,8621,CDK13,,,Pass,Hoechst:DNA; Alexa Fluor 488 phalloidin:actin; mScarlet:fascin; iRFP:nuclear actin chromobody (nAC),-3.380687475,4.342401028,Yes,Yes,compound response across 12 wells,active,active,Nuclear fascin,regulation of protein localization to nucleus,GO_1900180,Nuclear actin,actin filament phenotype,CMPO_0000104
1093688991,N6,Homo sapiens,NCBITaxon,9606,HeLa,EFO,EFO_0001185,,,,,SN1060124720,0.03,8621,CDK13,,,Pass,Hoechst:DNA; Alexa Fluor 488 phalloidin:actin; mScarlet:fascin; iRFP:nuclear actin chromobody (nAC),7.76860714,-20.3111534,Yes,Yes,compound response across 12 wells,active,active,Nuclear fascin,regulation of protein localization to nucleus,GO_1900180,Nuclear actin,actin filament phenotype,CMPO_0000104
1093688991,N7,Homo sapiens,NCBITaxon,9606,HeLa,EFO,EFO_0001185,,,,,SN1060124720,0.0125,8621,CDK13,,,Pass,Hoechst:DNA; Alexa Fluor 488 phalloidin:actin; mScarlet:fascin; iRFP:nuclear actin chromobody (nAC),10.70341206,0.613686025,Yes,Yes,compound response across 12 wells,active,active,Nuclear fascin,regulation of protein localization to nucleus,GO_1900180,Nuclear actin,actin filament phenotype,CMPO_0000104
1093688991,N8,Homo sapiens,NCBITaxon,9606,HeLa,EFO,EFO_0001185,,,,,SN1060124720,0.003,8621,CDK13,,,Pass,Hoechst:DNA; Alexa Fluor 488 phalloidin:actin; mScarlet:fascin; iRFP:nuclear actin chromobody (nAC),9.402728081,5.088265419,Yes,Yes,compound response across 12 wells,active,active,Nuclear fascin,regulation of protein localization to nucleus,GO_1900180,Nuclear actin,actin filament phenotype,CMPO_0000104
1093688991,N9,Homo sapiens,NCBITaxon,9606,HeLa,EFO,EFO_0001185,,,,,SN1060124720,0.001,8621,CDK13,,,Pass,Hoechst:DNA; Alexa Fluor 488 phalloidin:actin; mScarlet:fascin; iRFP:nuclear actin chromobody (nAC),6.142829418,21.45126724,Yes,Yes,compound response across 12 wells,active,active,Nuclear fascin,regulation of protein localization to nucleus,GO_1900180,Nuclear actin,actin filament phenotype,CMPO_0000104
1093688991,N10,Homo sapiens,NCBITaxon,9606,HeLa,EFO,EFO_0001185,,,,,SN1060124720,0.0003,8621,CDK13,,,Pass,Hoechst:DNA; Alexa Fluor 488 phalloidin:actin; mScarlet:fascin; iRFP:nuclear actin chromobody (nAC),7.558503628,16.98879242,Yes,Yes,compound response across 12 wells,active,active,Nuclear fascin,regulation of protein localization to nucleus,GO_1900180,Nuclear actin,actin filament phenotype,CMPO_0000104
1093688991,N11,Homo sapiens,NCBITaxon,9606,HeLa,EFO,EFO_0001185,,,,,SN1060124720,0.00003,8621,CDK13,,,Pass,Hoechst:DNA; Alexa Fluor 488 phalloidin:actin; mScarlet:fascin; iRFP:nuclear actin chromobody (nAC),12.03949547,0.238361433,Yes,Yes,compound response across 12 wells,active,active,Nuclear fascin,regulation of protein localization to nucleus,GO_1900180,Nuclear actin,actin filament phenotype,CMPO_0000104
1093688991,N12,Homo sapiens,NCBITaxon,9606,HeLa,EFO,EFO_0001185,,,,,SN1151683786,30,890,CCNA2,,,Pass,Hoechst:DNA; Alexa Fluor 488 phalloidin:actin; mScarlet:fascin; iRFP:nuclear actin chromobody (nAC),83.59727478,135.3047791,,Yes,compound response across 12 wells,active,inactive,Nuclear fascin,regulation of protein localization to nucleus,GO_1900180,,,
1093688991,N13,Homo sapiens,NCBITaxon,9606,HeLa,EFO,EFO_0001185,,,,,SN1151683786,10,890,CCNA2,,,Pass,Hoechst:DNA; Alexa Fluor 488 phalloidin:actin; mScarlet:fascin; iRFP:nuclear actin chromobody (nAC),48.57639313,39.42731857,,Yes,compound response across 12 wells,active,inactive,Nuclear fascin,regulation of protein localization to nucleus,GO_1900180,,,
1093688991,N14,Homo sapiens,NCBITaxon,9606,HeLa,EFO,EFO_0001185,DMSO,679,IAZDPXIOMUYVGZ-UHFFFAOYSA-N,CS(=O)C,,,,,Neutral Control,,Pass,Hoechst:DNA; Alexa Fluor 488 phalloidin:actin; mScarlet:fascin; iRFP:nuclear actin chromobody (nAC),4.2750144,-25.1716671,,,,,,,,,,,
1093688991,N15,Homo sapiens,NCBITaxon,9606,HeLa,EFO,EFO_0001185,,,,,,,,,Stimulator Control,Leptomycin b blocks nuclear export of fascin,Pass,Hoechst:DNA; Alexa Fluor 488 phalloidin:actin; mScarlet:fascin; iRFP:nuclear actin chromobody (nAC),100.6226349,21.39333725,,,,,,,,,,,
1093688991,N16,Homo sapiens,NCBITaxon,9606,HeLa,EFO,EFO_0001185,DMSO,679,IAZDPXIOMUYVGZ-UHFFFAOYSA-N,CS(=O)C,,,,,Neutral Control,,Pass,Hoechst:DNA; Alexa Fluor 488 phalloidin:actin; mScarlet:fascin; iRFP:nuclear actin chromobody (nAC),-1.558595896,22.52482224,,,,,,,,,,,
1093688991,N17,Homo sapiens,NCBITaxon,9606,HeLa,EFO,EFO_0001185,,,,,SN1151683786,3.125,890,CCNA2,,,Pass,Hoechst:DNA; Alexa Fluor 488 phalloidin:actin; mScarlet:fascin; iRFP:nuclear actin chromobody (nAC),12.00575161,-41.7077827,,Yes,compound response across 12 wells,active,inactive,Nuclear fascin,regulation of protein localization to nucleus,GO_1900180,,,
1093688991,N18,Homo sapiens,NCBITaxon,9606,HeLa,EFO,EFO_0001185,,,,,SN1151683786,1.25,890,CCNA2,,,Pass,Hoechst:DNA; Alexa Fluor 488 phalloidin:actin; mScarlet:fascin; iRFP:nuclear actin chromobody (nAC),-38.30733109,-6.9514327,,Yes,compound response across 12 wells,active,inactive,Nuclear fascin,regulation of protein localization to nucleus,GO_1900180,,,
1093688991,N19,Homo sapiens,NCBITaxon,9606,HeLa,EFO,EFO_0001185,,,,,SN1151683786,0.3,890,CCNA2,,,Pass,Hoechst:DNA; Alexa Fluor 488 phalloidin:actin; mScarlet:fascin; iRFP:nuclear actin chromobody (nAC),-10.83604145,-51.2122269,,Yes,compound response across 12 wells,active,inactive,Nuclear fascin,regulation of protein localization to nucleus,GO_1900180,,,
1093688991,N20,Homo sapiens,NCBITaxon,9606,HeLa,EFO,EFO_0001185,,,,,SN1151683786,0.1,890,CCNA2,,,Pass,Hoechst:DNA; Alexa Fluor 488 phalloidin:actin; mScarlet:fascin; iRFP:nuclear actin chromobody (nAC),8.223171234,-15.0678616,,Yes,compound response across 12 wells,active,inactive,Nuclear fascin,regulation of protein localization to nucleus,GO_1900180,,,
1093688991,N21,Homo sapiens,NCBITaxon,9606,HeLa,EFO,EFO_0001185,,,,,SN1151683786,0.03,890,CCNA2,,,Pass,Hoechst:DNA; Alexa Fluor 488 phalloidin:actin; mScarlet:fascin; iRFP:nuclear actin chromobody (nAC),7.594333649,-0.0481103,,Yes,compound response across 12 wells,active,inactive,Nuclear fascin,regulation of protein localization to nucleus,GO_1900180,,,
1093688991,N22,Homo sapiens,NCBITaxon,9606,HeLa,EFO,EFO_0001185,,,,,SN1151683786,0.0125,890,CCNA2,,,Pass,Hoechst:DNA; Alexa Fluor 488 phalloidin:actin; mScarlet:fascin; iRFP:nuclear actin chromobody (nAC),8.677796364,20.94287109,,Yes,compound response across 12 wells,active,inactive,Nuclear fascin,regulation of protein localization to nucleus,GO_1900180,,,
1093688991,N23,Homo sapiens,NCBITaxon,9606,HeLa,EFO,EFO_0001185,,,,,SN1151683786,0.003,890,CCNA2,,,Pass,Hoechst:DNA; Alexa Fluor 488 phalloidin:actin; mScarlet:fascin; iRFP:nuclear actin chromobody (nAC),7.835926533,-43.5092735,,Yes,compound response across 12 wells,active,inactive,Nuclear fascin,regulation of protein localization to nucleus,GO_1900180,,,
1093688991,N24,Homo sapiens,NCBITaxon,9606,HeLa,EFO,EFO_0001185,,,,,SN1151683786,0.001,890,CCNA2,,,Pass,Hoechst:DNA; Alexa Fluor 488 phalloidin:actin; mScarlet:fascin; iRFP:nuclear actin chromobody (nAC),13.36585522,8.387784958,,Yes,compound response across 12 wells,active,inactive,Nuclear fascin,regulation of protein localization to nucleus,GO_1900180,,,
1093688991,O1,Homo sapiens,NCBITaxon,9606,HeLa,EFO,EFO_0001185,,,,,SN1151683786,0.0003,890,CCNA2,,,Pass,Hoechst:DNA; Alexa Fluor 488 phalloidin:actin; mScarlet:fascin; iRFP:nuclear actin chromobody (nAC),10.4029665,1.700381398,,Yes,compound response across 12 wells,active,inactive,Nuclear fascin,regulation of protein localization to nucleus,GO_1900180,,,
1093688991,O2,Homo sapiens,NCBITaxon,9606,HeLa,EFO,EFO_0001185,,,,,SN1151683786,0.00003,890,CCNA2,,,Pass,Hoechst:DNA; Alexa Fluor 488 phalloidin:actin; mScarlet:fascin; iRFP:nuclear actin chromobody (nAC),3.829377174,-43.1086502,,Yes,compound response across 12 wells,active,inactive,Nuclear fascin,regulation of protein localization to nucleus,GO_1900180,,,
1093688991,O3,Homo sapiens,NCBITaxon,9606,HeLa,EFO,EFO_0001185,,,,,SN1057031606,30,898,CCNE1,,,Pass,Hoechst:DNA; Alexa Fluor 488 phalloidin:actin; mScarlet:fascin; iRFP:nuclear actin chromobody (nAC),183.6611786,-163.366608,Yes,Yes,compound response across 12 wells,active,inactive,Nuclear fascin,regulation of protein localization to nucleus,GO_1900180,,,
1093688991,O4,Homo sapiens,NCBITaxon,9606,HeLa,EFO,EFO_0001185,,,,,SN1057031606,10,898,CCNE1,,,Pass,Hoechst:DNA; Alexa Fluor 488 phalloidin:actin; mScarlet:fascin; iRFP:nuclear actin chromobody (nAC),87.58660126,,Yes,Yes,compound response across 12 wells,active,inactive,Nuclear fascin,regulation of protein localization to nucleus,GO_1900180,,,
1093688991,O5,Homo sapiens,NCBITaxon,9606,HeLa,EFO,EFO_0001185,,,,,SN1057031606,3.125,898,CCNE1,,,Pass,Hoechst:DNA; Alexa Fluor 488 phalloidin:actin; mScarlet:fascin; iRFP:nuclear actin chromobody (nAC),56.10251999,-241.476334,Yes,Yes,compound response across 12 wells,active,inactive,Nuclear fascin,regulation of protein localization to nucleus,GO_1900180,,,
1093688991,O6,Homo sapiens,NCBITaxon,9606,HeLa,EFO,EFO_0001185,,,,,SN1057031606,1.25,898,CCNE1,,,Pass,Hoechst:DNA; Alexa Fluor 488 phalloidin:actin; mScarlet:fascin; iRFP:nuclear actin chromobody (nAC),15.17774677,-32.1191788,Yes,Yes,compound response across 12 wells,active,inactive,Nuclear fascin,regulation of protein localization to nucleus,GO_1900180,,,
1093688991,O7,Homo sapiens,NCBITaxon,9606,HeLa,EFO,EFO_0001185,DMSO,679,IAZDPXIOMUYVGZ-UHFFFAOYSA-N,CS(=O)C,,,,,Neutral Control,,Pass,Hoechst:DNA; Alexa Fluor 488 phalloidin:actin; mScarlet:fascin; iRFP:nuclear actin chromobody (nAC),5.557736874,1.872207284,,,,,,,,,,,
1093688991,O8,Homo sapiens,NCBITaxon,9606,HeLa,EFO,EFO_0001185,,,,,,,,,Stimulator Control,Leptomycin b blocks nuclear export of fascin,Pass,Hoechst:DNA; Alexa Fluor 488 phalloidin:actin; mScarlet:fascin; iRFP:nuclear actin chromobody (nAC),99.37732697,39.53787231,,,,,,,,,,,
1093688991,O9,Homo sapiens,NCBITaxon,9606,HeLa,EFO,EFO_0001185,DMSO,679,IAZDPXIOMUYVGZ-UHFFFAOYSA-N,CS(=O)C,,,,,Neutral Control,,Pass,Hoechst:DNA; Alexa Fluor 488 phalloidin:actin; mScarlet:fascin; iRFP:nuclear actin chromobody (nAC),-3.101255417,-8.12556458,,,,,,,,,,,
1093688991,O10,Homo sapiens,NCBITaxon,9606,HeLa,EFO,EFO_0001185,,,,,SN1057031606,0.3,898,CCNE1,,,Pass,Hoechst:DNA; Alexa Fluor 488 phalloidin:actin; mScarlet:fascin; iRFP:nuclear actin chromobody (nAC),-12.08521843,10.02122593,Yes,Yes,compound response across 12 wells,active,inactive,Nuclear fascin,regulation of protein localization to nucleus,GO_1900180,,,
1093688991,O11,Homo sapiens,NCBITaxon,9606,HeLa,EFO,EFO_0001185,,,,,SN1057031606,0.1,898,CCNE1,,,Pass,Hoechst:DNA; Alexa Fluor 488 phalloidin:actin; mScarlet:fascin; iRFP:nuclear actin chromobody (nAC),4.927319527,11.18109798,Yes,Yes,compound response across 12 wells,active,inactive,Nuclear fascin,regulation of protein localization to nucleus,GO_1900180,,,
1093688991,O12,Homo sapiens,NCBITaxon,9606,HeLa,EFO,EFO_0001185,,,,,SN1057031606,0.03,898,CCNE1,,,Pass,Hoechst:DNA; Alexa Fluor 488 phalloidin:actin; mScarlet:fascin; iRFP:nuclear actin chromobody (nAC),10.38624763,28.17424774,Yes,Yes,compound response across 12 wells,active,inactive,Nuclear fascin,regulation of protein localization to nucleus,GO_1900180,,,
1093688991,O13,Homo sapiens,NCBITaxon,9606,HeLa,EFO,EFO_0001185,,,,,SN1057031606,0.0125,898,CCNE1,,,Pass,Hoechst:DNA; Alexa Fluor 488 phalloidin:actin; mScarlet:fascin; iRFP:nuclear actin chromobody (nAC),2.710114717,-3.73655295,Yes,Yes,compound response across 12 wells,active,inactive,Nuclear fascin,regulation of protein localization to nucleus,GO_1900180,,,
1093688991,O14,Homo sapiens,NCBITaxon,9606,HeLa,EFO,EFO_0001185,,,,,SN1057031606,0.003,898,CCNE1,,,Pass,Hoechst:DNA; Alexa Fluor 488 phalloidin:actin; mScarlet:fascin; iRFP:nuclear actin chromobody (nAC),8.06337738,-18.1474457,Yes,Yes,compound response across 12 wells,active,inactive,Nuclear fascin,regulation of protein localization to nucleus,GO_1900180,,,
1093688991,O15,Homo sapiens,NCBITaxon,9606,HeLa,EFO,EFO_0001185,,,,,SN1057031606,0.001,898,CCNE1,,,Pass,Hoechst:DNA; Alexa Fluor 488 phalloidin:actin; mScarlet:fascin; iRFP:nuclear actin chromobody (nAC),0.351675302,-9.86783123,Yes,Yes,compound response across 12 wells,active,inactive,Nuclear fascin,regulation of protein localization to nucleus,GO_1900180,,,
1093688991,O16,Homo sapiens,NCBITaxon,9606,HeLa,EFO,EFO_0001185,,,,,SN1057031606,0.0003,898,CCNE1,,,Pass,Hoechst:DNA; Alexa Fluor 488 phalloidin:actin; mScarlet:fascin; iRFP:nuclear actin chromobody (nAC),4.084483147,-2.0435214,Yes,Yes,compound response across 12 wells,active,inactive,Nuclear fascin,regulation of protein localization to nucleus,GO_1900180,,,
1093688991,O17,Homo sapiens,NCBITaxon,9606,HeLa,EFO,EFO_0001185,,,,,SN1057031606,0.00003,898,CCNE1,,,Pass,Hoechst:DNA; Alexa Fluor 488 phalloidin:actin; mScarlet:fascin; iRFP:nuclear actin chromobody (nAC),21.36574745,-0.57405633,Yes,Yes,compound response across 12 wells,active,inactive,Nuclear fascin,regulation of protein localization to nucleus,GO_1900180,,,
1093688991,O18,Homo sapiens,NCBITaxon,9606,HeLa,EFO,EFO_0001185,,,,,SN1061311185,30,890,CCNA2,,,Pass,Hoechst:DNA; Alexa Fluor 488 phalloidin:actin; mScarlet:fascin; iRFP:nuclear actin chromobody (nAC),56.66600037,,,Yes,compound response across 12 wells,active,inactive,Nuclear fascin,regulation of protein localization to nucleus,GO_1900180,,,
1093688991,O19,Homo sapiens,NCBITaxon,9606,HeLa,EFO,EFO_0001185,,,,,SN1061311185,10,890,CCNA2,,,Pass,Hoechst:DNA; Alexa Fluor 488 phalloidin:actin; mScarlet:fascin; iRFP:nuclear actin chromobody (nAC),77.16040039,-130.62059,,Yes,compound response across 12 wells,active,inactive,Nuclear fascin,regulation of protein localization to nucleus,GO_1900180,,,
1093688991,O20,Homo sapiens,NCBITaxon,9606,HeLa,EFO,EFO_0001185,,,,,SN1061311185,3.125,890,CCNA2,,,Pass,Hoechst:DNA; Alexa Fluor 488 phalloidin:actin; mScarlet:fascin; iRFP:nuclear actin chromobody (nAC),5.382083416,-7.46655321,,Yes,compound response across 12 wells,active,inactive,Nuclear fascin,regulation of protein localization to nucleus,GO_1900180,,,
1093688991,O21,Homo sapiens,NCBITaxon,9606,HeLa,EFO,EFO_0001185,,,,,SN1061311185,1.25,890,CCNA2,,,Pass,Hoechst:DNA; Alexa Fluor 488 phalloidin:actin; mScarlet:fascin; iRFP:nuclear actin chromobody (nAC),-48.73830414,13.27900219,,Yes,compound response across 12 wells,active,inactive,Nuclear fascin,regulation of protein localization to nucleus,GO_1900180,,,
1093688991,O22,Homo sapiens,NCBITaxon,9606,HeLa,EFO,EFO_0001185,,,,,SN1061311185,0.3,890,CCNA2,,,Pass,Hoechst:DNA; Alexa Fluor 488 phalloidin:actin; mScarlet:fascin; iRFP:nuclear actin chromobody (nAC),0.590783238,-31.7075386,,Yes,compound response across 12 wells,active,inactive,Nuclear fascin,regulation of protein localization to nucleus,GO_1900180,,,
1093688991,O23,Homo sapiens,NCBITaxon,9606,HeLa,EFO,EFO_0001185,,,,,SN1061311185,0.1,890,CCNA2,,,Pass,Hoechst:DNA; Alexa Fluor 488 phalloidin:actin; mScarlet:fascin; iRFP:nuclear actin chromobody (nAC),-0.4715437,-17.0813046,,Yes,compound response across 12 wells,active,inactive,Nuclear fascin,regulation of protein localization to nucleus,GO_1900180,,,
1093688991,O24,Homo sapiens,NCBITaxon,9606,HeLa,EFO,EFO_0001185,DMSO,679,IAZDPXIOMUYVGZ-UHFFFAOYSA-N,CS(=O)C,,,,,Neutral Control,,Pass,Hoechst:DNA; Alexa Fluor 488 phalloidin:actin; mScarlet:fascin; iRFP:nuclear actin chromobody (nAC),2.934789419,-10.0132332,,,,,,,,,,,
1093688991,P1,Homo sapiens,NCBITaxon,9606,HeLa,EFO,EFO_0001185,DMSO,679,IAZDPXIOMUYVGZ-UHFFFAOYSA-N,CS(=O)C,,,,,Neutral Control,,Pass,Hoechst:DNA; Alexa Fluor 488 phalloidin:actin; mScarlet:fascin; iRFP:nuclear actin chromobody (nAC),-0.921997309,10.64057732,,,,,,,,,,,
1093688991,P2,Homo sapiens,NCBITaxon,9606,HeLa,EFO,EFO_0001185,,,,,,,,,Stimulator Control,Leptomycin b blocks nuclear export of fascin,Pass,Hoechst:DNA; Alexa Fluor 488 phalloidin:actin; mScarlet:fascin; iRFP:nuclear actin chromobody (nAC),97.50596619,31.60815811,,,,,,,,,,,
1093688991,P3,Homo sapiens,NCBITaxon,9606,HeLa,EFO,EFO_0001185,DMSO,679,IAZDPXIOMUYVGZ-UHFFFAOYSA-N,CS(=O)C,,,,,Neutral Control,,Pass,Hoechst:DNA; Alexa Fluor 488 phalloidin:actin; mScarlet:fascin; iRFP:nuclear actin chromobody (nAC),-7.626820087,-5.59767294,,,,,,,,,,,
1093688991,P4,Homo sapiens,NCBITaxon,9606,HeLa,EFO,EFO_0001185,,,,,SN1061311185,0.03,890,CCNA2,,,Pass,Hoechst:DNA; Alexa Fluor 488 phalloidin:actin; mScarlet:fascin; iRFP:nuclear actin chromobody (nAC),6.835305214,-20.5823765,,Yes,compound response across 12 wells,active,inactive,Nuclear fascin,regulation of protein localization to nucleus,GO_1900180,,,
1093688991,P5,Homo sapiens,NCBITaxon,9606,HeLa,EFO,EFO_0001185,,,,,SN1061311185,0.0125,890,CCNA2,,,Pass,Hoechst:DNA; Alexa Fluor 488 phalloidin:actin; mScarlet:fascin; iRFP:nuclear actin chromobody (nAC),-0.969223797,-3.93051171,,Yes,compound response across 12 wells,active,inactive,Nuclear fascin,regulation of protein localization to nucleus,GO_1900180,,,
1093688991,P6,Homo sapiens,NCBITaxon,9606,HeLa,EFO,EFO_0001185,,,,,SN1061311185,0.003,890,CCNA2,,,Pass,Hoechst:DNA; Alexa Fluor 488 phalloidin:actin; mScarlet:fascin; iRFP:nuclear actin chromobody (nAC),11.12371063,7.86197567,,Yes,compound response across 12 wells,active,inactive,Nuclear fascin,regulation of protein localization to nucleus,GO_1900180,,,
1093688991,P7,Homo sapiens,NCBITaxon,9606,HeLa,EFO,EFO_0001185,,,,,SN1061311185,0.001,890,CCNA2,,,Pass,Hoechst:DNA; Alexa Fluor 488 phalloidin:actin; mScarlet:fascin; iRFP:nuclear actin chromobody (nAC),14.29960155,-17.5963249,,Yes,compound response across 12 wells,active,inactive,Nuclear fascin,regulation of protein localization to nucleus,GO_1900180,,,
1093688991,P8,Homo sapiens,NCBITaxon,9606,HeLa,EFO,EFO_0001185,,,,,SN1061311185,0.0003,890,CCNA2,,,Pass,Hoechst:DNA; Alexa Fluor 488 phalloidin:actin; mScarlet:fascin; iRFP:nuclear actin chromobody (nAC),14.82640934,9.832736015,,Yes,compound response across 12 wells,active,inactive,Nuclear fascin,regulation of protein localization to nucleus,GO_1900180,,,
1093688991,P9,Homo sapiens,NCBITaxon,9606,HeLa,EFO,EFO_0001185,,,,,SN1061311185,0.00003,890,CCNA2,,,Pass,Hoechst:DNA; Alexa Fluor 488 phalloidin:actin; mScarlet:fascin; iRFP:nuclear actin chromobody (nAC),18.45033073,10.60463142,,Yes,compound response across 12 wells,active,inactive,Nuclear fascin,regulation of protein localization to nucleus,GO_1900180,,,
1093688991,P10,Homo sapiens,NCBITaxon,9606,HeLa,EFO,EFO_0001185,,,,,SN1110326940,30,904,CCNT1,,,Pass,Hoechst:DNA; Alexa Fluor 488 phalloidin:actin; mScarlet:fascin; iRFP:nuclear actin chromobody (nAC),128.8420715,,Yes,Yes,compound response across 12 wells,active,inactive,Nuclear fascin,regulation of protein localization to nucleus,GO_1900180,,,
1093688991,P11,Homo sapiens,NCBITaxon,9606,HeLa,EFO,EFO_0001185,,,,,SN1110326940,10,904,CCNT1,,,Pass,Hoechst:DNA; Alexa Fluor 488 phalloidin:actin; mScarlet:fascin; iRFP:nuclear actin chromobody (nAC),64.41718292,,Yes,Yes,compound response across 12 wells,active,inactive,Nuclear fascin,regulation of protein localization to nucleus,GO_1900180,,,
1093688991,P12,Homo sapiens,NCBITaxon,9606,HeLa,EFO,EFO_0001185,,,,,SN1110326940,3.125,904,CCNT1,,,Pass,Hoechst:DNA; Alexa Fluor 488 phalloidin:actin; mScarlet:fascin; iRFP:nuclear actin chromobody (nAC),79.5313797,,Yes,Yes,compound response across 12 wells,active,inactive,Nuclear fascin,regulation of protein localization to nucleus,GO_1900180,,,
1093688991,P13,Homo sapiens,NCBITaxon,9606,HeLa,EFO,EFO_0001185,,,,,SN1110326940,1.25,904,CCNT1,,,Pass,Hoechst:DNA; Alexa Fluor 488 phalloidin:actin; mScarlet:fascin; iRFP:nuclear actin chromobody (nAC),74.76833344,-356.85495,Yes,Yes,compound response across 12 wells,active,inactive,Nuclear fascin,regulation of protein localization to nucleus,GO_1900180,,,
1093688991,P14,Homo sapiens,NCBITaxon,9606,HeLa,EFO,EFO_0001185,,,,,SN1110326940,0.3,904,CCNT1,,,Pass,Hoechst:DNA; Alexa Fluor 488 phalloidin:actin; mScarlet:fascin; iRFP:nuclear actin chromobody (nAC),47.50128937,-233.443756,Yes,Yes,compound response across 12 wells,active,inactive,Nuclear fascin,regulation of protein localization to nucleus,GO_1900180,,,
1093688991,P15,Homo sapiens,NCBITaxon,9606,HeLa,EFO,EFO_0001185,,,,,SN1110326940,0.1,904,CCNT1,,,Pass,Hoechst:DNA; Alexa Fluor 488 phalloidin:actin; mScarlet:fascin; iRFP:nuclear actin chromobody (nAC),1.327187777,-19.5645676,Yes,Yes,compound response across 12 wells,active,inactive,Nuclear fascin,regulation of protein localization to nucleus,GO_1900180,,,
1093688991,P16,Homo sapiens,NCBITaxon,9606,HeLa,EFO,EFO_0001185,,,,,SN1110326940,0.03,904,CCNT1,,,Pass,Hoechst:DNA; Alexa Fluor 488 phalloidin:actin; mScarlet:fascin; iRFP:nuclear actin chromobody (nAC),10.49235725,-18.4720058,Yes,Yes,compound response across 12 wells,active,inactive,Nuclear fascin,regulation of protein localization to nucleus,GO_1900180,,,
1093688991,P17,Homo sapiens,NCBITaxon,9606,HeLa,EFO,EFO_0001185,,,,,SN1110326940,0.0125,904,CCNT1,,,Pass,Hoechst:DNA; Alexa Fluor 488 phalloidin:actin; mScarlet:fascin; iRFP:nuclear actin chromobody (nAC),13.80759621,32.68179703,Yes,Yes,compound response across 12 wells,active,inactive,Nuclear fascin,regulation of protein localization to nucleus,GO_1900180,,,
1093688991,P18,Homo sapiens,NCBITaxon,9606,HeLa,EFO,EFO_0001185,DMSO,679,IAZDPXIOMUYVGZ-UHFFFAOYSA-N,CS(=O)C,,,,,Neutral Control,,Pass,Hoechst:DNA; Alexa Fluor 488 phalloidin:actin; mScarlet:fascin; iRFP:nuclear actin chromobody (nAC),-3.678955078,-19.4583206,,,,,,,,,,,
1093688991,P19,Homo sapiens,NCBITaxon,9606,HeLa,EFO,EFO_0001185,,,,,,,,,Stimulator Control,Leptomycin b blocks nuclear export of fascin,Pass,Hoechst:DNA; Alexa Fluor 488 phalloidin:actin; mScarlet:fascin; iRFP:nuclear actin chromobody (nAC),103.7989426,2.771662712,,,,,,,,,,,
1093688991,P20,Homo sapiens,NCBITaxon,9606,HeLa,EFO,EFO_0001185,DMSO,679,IAZDPXIOMUYVGZ-UHFFFAOYSA-N,CS(=O)C,,,,,Neutral Control,,Pass,Hoechst:DNA; Alexa Fluor 488 phalloidin:actin; mScarlet:fascin; iRFP:nuclear actin chromobody (nAC),9.843641281,-27.5166817,,,,,,,,,,,
1093688991,P21,Homo sapiens,NCBITaxon,9606,HeLa,EFO,EFO_0001185,,,,,SN1110326940,0.003,904,CCNT1,,,Pass,Hoechst:DNA; Alexa Fluor 488 phalloidin:actin; mScarlet:fascin; iRFP:nuclear actin chromobody (nAC),17.10188293,-2.81269693,Yes,Yes,compound response across 12 wells,active,inactive,Nuclear fascin,regulation of protein localization to nucleus,GO_1900180,,,
1093688991,P22,Homo sapiens,NCBITaxon,9606,HeLa,EFO,EFO_0001185,,,,,SN1110326940,0.001,904,CCNT1,,,Pass,Hoechst:DNA; Alexa Fluor 488 phalloidin:actin; mScarlet:fascin; iRFP:nuclear actin chromobody (nAC),21.35229492,-11.231226,Yes,Yes,compound response across 12 wells,active,inactive,Nuclear fascin,regulation of protein localization to nucleus,GO_1900180,,,
1093688991,P23,Homo sapiens,NCBITaxon,9606,HeLa,EFO,EFO_0001185,,,,,SN1110326940,0.0003,904,CCNT1,,,Pass,Hoechst:DNA; Alexa Fluor 488 phalloidin:actin; mScarlet:fascin; iRFP:nuclear actin chromobody (nAC),9.761413574,-25.7288876,Yes,Yes,compound response across 12 wells,active,inactive,Nuclear fascin,regulation of protein localization to nucleus,GO_1900180,,,
1093688991,P24,Homo sapiens,NCBITaxon,9606,HeLa,EFO,EFO_0001185,,,,,SN1110326940,0.00003,904,CCNT1,,,Pass,Hoechst:DNA; Alexa Fluor 488 phalloidin:actin; mScarlet:fascin; iRFP:nuclear actin chromobody (nAC),21.19872856,-1.06011081,Yes,Yes,compound response across 12 wells,active,inactive,Nuclear fascin,regulation of protein localization to nucleus,GO_1900180,,,
1093689004,A1,Homo sapiens,NCBITaxon,9606,HeLa,EFO,EFO_0001185,DMSO,679,IAZDPXIOMUYVGZ-UHFFFAOYSA-N,CS(=O)C,,,,,Neutral Control,,Pass,Hoechst:DNA; Alexa Fluor 488 phalloidin:actin; mScarlet:fascin; iRFP:nuclear actin chromobody (nAC),10.37760735,0.89826721,,,,,,,,,,,
1093689004,A2,Homo sapiens,NCBITaxon,9606,HeLa,EFO,EFO_0001185,,,,,,,,,Stimulator Control,Leptomycin b blocks nuclear export of fascin,Pass,Hoechst:DNA; Alexa Fluor 488 phalloidin:actin; mScarlet:fascin; iRFP:nuclear actin chromobody (nAC),101.6310806,45.88576508,,,,,,,,,,,
1093689004,A3,Homo sapiens,NCBITaxon,9606,HeLa,EFO,EFO_0001185,DMSO,679,IAZDPXIOMUYVGZ-UHFFFAOYSA-N,CS(=O)C,,,,,Neutral Control,,Pass,Hoechst:DNA; Alexa Fluor 488 phalloidin:actin; mScarlet:fascin; iRFP:nuclear actin chromobody (nAC),9.67155838,-15.4723015,,,,,,,,,,,
1093689004,A4,Homo sapiens,NCBITaxon,9606,HeLa,EFO,EFO_0001185,,,,,SN1077557362,30,6714,SRC,,,Pass,Hoechst:DNA; Alexa Fluor 488 phalloidin:actin; mScarlet:fascin; iRFP:nuclear actin chromobody (nAC),44.66809845,-38.2134819,,,compound response across 12 wells,inactive,inactive,,,,,,
1093689004,A5,Homo sapiens,NCBITaxon,9606,HeLa,EFO,EFO_0001185,,,,,SN1077557362,10,6714,SRC,,,Pass,Hoechst:DNA; Alexa Fluor 488 phalloidin:actin; mScarlet:fascin; iRFP:nuclear actin chromobody (nAC),121.6464386,-45.7869568,,,compound response across 12 wells,inactive,inactive,,,,,,
1093689004,A6,Homo sapiens,NCBITaxon,9606,HeLa,EFO,EFO_0001185,,,,,SN1077557362,3.125,6714,SRC,,,Pass,Hoechst:DNA; Alexa Fluor 488 phalloidin:actin; mScarlet:fascin; iRFP:nuclear actin chromobody (nAC),137.5696259,48.80437088,,,compound response across 12 wells,inactive,inactive,,,,,,
1093689004,A7,Homo sapiens,NCBITaxon,9606,HeLa,EFO,EFO_0001185,,,,,SN1077557362,1.25,6714,SRC,,,Pass,Hoechst:DNA; Alexa Fluor 488 phalloidin:actin; mScarlet:fascin; iRFP:nuclear actin chromobody (nAC),118.4364548,82.37104034,,,compound response across 12 wells,inactive,inactive,,,,,,
1093689004,A8,Homo sapiens,NCBITaxon,9606,HeLa,EFO,EFO_0001185,,,,,SN1077557362,0.3,6714,SRC,,,Pass,Hoechst:DNA; Alexa Fluor 488 phalloidin:actin; mScarlet:fascin; iRFP:nuclear actin chromobody (nAC),62.68621445,-39.7610893,,,compound response across 12 wells,inactive,inactive,,,,,,
1093689004,A9,Homo sapiens,NCBITaxon,9606,HeLa,EFO,EFO_0001185,,,,,SN1077557362,0.1,6714,SRC,,,Pass,Hoechst:DNA; Alexa Fluor 488 phalloidin:actin; mScarlet:fascin; iRFP:nuclear actin chromobody (nAC),31.09033012,-23.7384548,,,compound response across 12 wells,inactive,inactive,,,,,,
1093689004,A10,Homo sapiens,NCBITaxon,9606,HeLa,EFO,EFO_0001185,,,,,SN1077557362,0.03,6714,SRC,,,Pass,Hoechst:DNA; Alexa Fluor 488 phalloidin:actin; mScarlet:fascin; iRFP:nuclear actin chromobody (nAC),11.88788509,12.61131287,,,compound response across 12 wells,inactive,inactive,,,,,,
1093689004,A11,Homo sapiens,NCBITaxon,9606,HeLa,EFO,EFO_0001185,,,,,SN1077557362,0.0125,6714,SRC,,,Pass,Hoechst:DNA; Alexa Fluor 488 phalloidin:actin; mScarlet:fascin; iRFP:nuclear actin chromobody (nAC),10.55212021,-41.6151962,,,compound response across 12 wells,inactive,inactive,,,,,,
1093689004,A12,Homo sapiens,NCBITaxon,9606,HeLa,EFO,EFO_0001185,DMSO,679,IAZDPXIOMUYVGZ-UHFFFAOYSA-N,CS(=O)C,,,,,Neutral Control,,Pass,Hoechst:DNA; Alexa Fluor 488 phalloidin:actin; mScarlet:fascin; iRFP:nuclear actin chromobody (nAC),0.928451002,34.47797012,,,,,,,,,,,
1093689004,A13,Homo sapiens,NCBITaxon,9606,HeLa,EFO,EFO_0001185,,,,,,,,,Stimulator Control,Leptomycin b blocks nuclear export of fascin,Pass,Hoechst:DNA; Alexa Fluor 488 phalloidin:actin; mScarlet:fascin; iRFP:nuclear actin chromobody (nAC),97.1725235,24.25248718,,,,,,,,,,,
1093689004,A14,Homo sapiens,NCBITaxon,9606,HeLa,EFO,EFO_0001185,DMSO,679,IAZDPXIOMUYVGZ-UHFFFAOYSA-N,CS(=O)C,,,,,Neutral Control,,Pass,Hoechst:DNA; Alexa Fluor 488 phalloidin:actin; mScarlet:fascin; iRFP:nuclear actin chromobody (nAC),1.21038723,25.73051834,,,,,,,,,,,
1093689004,A15,Homo sapiens,NCBITaxon,9606,HeLa,EFO,EFO_0001185,,,,,SN1077557362,0.003,6714,SRC,,,Pass,Hoechst:DNA; Alexa Fluor 488 phalloidin:actin; mScarlet:fascin; iRFP:nuclear actin chromobody (nAC),17.26417732,-1.21276069,,,compound response across 12 wells,inactive,inactive,,,,,,
1093689004,A16,Homo sapiens,NCBITaxon,9606,HeLa,EFO,EFO_0001185,,,,,SN1077557362,0.001,6714,SRC,,,Pass,Hoechst:DNA; Alexa Fluor 488 phalloidin:actin; mScarlet:fascin; iRFP:nuclear actin chromobody (nAC),17.44130516,-4.89051342,,,compound response across 12 wells,inactive,inactive,,,,,,
1093689004,A17,Homo sapiens,NCBITaxon,9606,HeLa,EFO,EFO_0001185,,,,,SN1077557362,0.0003,6714,SRC,,,Pass,Hoechst:DNA; Alexa Fluor 488 phalloidin:actin; mScarlet:fascin; iRFP:nuclear actin chromobody (nAC),13.28721333,33.17871475,,,compound response across 12 wells,inactive,inactive,,,,,,
1093689004,A18,Homo sapiens,NCBITaxon,9606,HeLa,EFO,EFO_0001185,,,,,SN1077557362,0.00003,6714,SRC,,,Pass,Hoechst:DNA; Alexa Fluor 488 phalloidin:actin; mScarlet:fascin; iRFP:nuclear actin chromobody (nAC),-0.517078102,-7.92470121,,,compound response across 12 wells,inactive,inactive,,,,,,
1093689004,A19,Homo sapiens,NCBITaxon,9606,HeLa,EFO,EFO_0001185,,,,,SN1064810981,30,1017,CDK2,,,Fail,Hoechst:DNA; Alexa Fluor 488 phalloidin:actin; mScarlet:fascin; iRFP:nuclear actin chromobody (nAC),-87.34462738,,Yes,Yes,compound response across 12 wells,active,active,Nuclear fascin,regulation of protein localization to nucleus,GO_1900180,Nuclear actin,actin filament phenotype,CMPO_0000104
1093689004,A20,Homo sapiens,NCBITaxon,9606,HeLa,EFO,EFO_0001185,,,,,SN1064810981,10,1017,CDK2,,,Pass,Hoechst:DNA; Alexa Fluor 488 phalloidin:actin; mScarlet:fascin; iRFP:nuclear actin chromobody (nAC),49.15552902,,Yes,Yes,compound response across 12 wells,active,active,Nuclear fascin,regulation of protein localization to nucleus,GO_1900180,Nuclear actin,actin filament phenotype,CMPO_0000104
1093689004,A21,Homo sapiens,NCBITaxon,9606,HeLa,EFO,EFO_0001185,,,,,SN1064810981,3.125,1017,CDK2,,,Pass,Hoechst:DNA; Alexa Fluor 488 phalloidin:actin; mScarlet:fascin; iRFP:nuclear actin chromobody (nAC),41.92475128,-189.231934,Yes,Yes,compound response across 12 wells,active,active,Nuclear fascin,regulation of protein localization to nucleus,GO_1900180,Nuclear actin,actin filament phenotype,CMPO_0000104
1093689004,A22,Homo sapiens,NCBITaxon,9606,HeLa,EFO,EFO_0001185,,,,,SN1064810981,1.25,1017,CDK2,,,Pass,Hoechst:DNA; Alexa Fluor 488 phalloidin:actin; mScarlet:fascin; iRFP:nuclear actin chromobody (nAC),97.32382202,-357.418732,Yes,Yes,compound response across 12 wells,active,active,Nuclear fascin,regulation of protein localization to nucleus,GO_1900180,Nuclear actin,actin filament phenotype,CMPO_0000104
1093689004,A23,Homo sapiens,NCBITaxon,9606,HeLa,EFO,EFO_0001185,DMSO,679,IAZDPXIOMUYVGZ-UHFFFAOYSA-N,CS(=O)C,,,,,Neutral Control,,Pass,Hoechst:DNA; Alexa Fluor 488 phalloidin:actin; mScarlet:fascin; iRFP:nuclear actin chromobody (nAC),14.37734604,1.185769677,,,,,,,,,,,
1093689004,A24,Homo sapiens,NCBITaxon,9606,HeLa,EFO,EFO_0001185,,,,,,,,,Stimulator Control,Leptomycin b blocks nuclear export of fascin,Pass,Hoechst:DNA; Alexa Fluor 488 phalloidin:actin; mScarlet:fascin; iRFP:nuclear actin chromobody (nAC),108.1486206,-8.94103146,,,,,,,,,,,
1093689004,B1,Homo sapiens,NCBITaxon,9606,HeLa,EFO,EFO_0001185,,,,,SN1064810981,0.3,1017,CDK2,,,Pass,Hoechst:DNA; Alexa Fluor 488 phalloidin:actin; mScarlet:fascin; iRFP:nuclear actin chromobody (nAC),54.20353317,-17.7057877,Yes,Yes,compound response across 12 wells,active,active,Nuclear fascin,regulation of protein localization to nucleus,GO_1900180,Nuclear actin,actin filament phenotype,CMPO_0000104
1093689004,B2,Homo sapiens,NCBITaxon,9606,HeLa,EFO,EFO_0001185,,,,,SN1064810981,0.1,1017,CDK2,,,Pass,Hoechst:DNA; Alexa Fluor 488 phalloidin:actin; mScarlet:fascin; iRFP:nuclear actin chromobody (nAC),69.18447876,-134.255707,Yes,Yes,compound response across 12 wells,active,active,Nuclear fascin,regulation of protein localization to nucleus,GO_1900180,Nuclear actin,actin filament phenotype,CMPO_0000104
1093689004,B3,Homo sapiens,NCBITaxon,9606,HeLa,EFO,EFO_0001185,,,,,SN1064810981,0.03,1017,CDK2,,,Pass,Hoechst:DNA; Alexa Fluor 488 phalloidin:actin; mScarlet:fascin; iRFP:nuclear actin chromobody (nAC),25.85730934,-50.7268906,Yes,Yes,compound response across 12 wells,active,active,Nuclear fascin,regulation of protein localization to nucleus,GO_1900180,Nuclear actin,actin filament phenotype,CMPO_0000104
1093689004,B4,Homo sapiens,NCBITaxon,9606,HeLa,EFO,EFO_0001185,,,,,SN1064810981,0.0125,1017,CDK2,,,Pass,Hoechst:DNA; Alexa Fluor 488 phalloidin:actin; mScarlet:fascin; iRFP:nuclear actin chromobody (nAC),16.64294624,-12.052454,Yes,Yes,compound response across 12 wells,active,active,Nuclear fascin,regulation of protein localization to nucleus,GO_1900180,Nuclear actin,actin filament phenotype,CMPO_0000104
1093689004,B5,Homo sapiens,NCBITaxon,9606,HeLa,EFO,EFO_0001185,,,,,SN1064810981,0.003,1017,CDK2,,,Pass,Hoechst:DNA; Alexa Fluor 488 phalloidin:actin; mScarlet:fascin; iRFP:nuclear actin chromobody (nAC),16.69077301,-48.6994705,Yes,Yes,compound response across 12 wells,active,active,Nuclear fascin,regulation of protein localization to nucleus,GO_1900180,Nuclear actin,actin filament phenotype,CMPO_0000104
1093689004,B6,Homo sapiens,NCBITaxon,9606,HeLa,EFO,EFO_0001185,,,,,SN1064810981,0.001,1017,CDK2,,,Pass,Hoechst:DNA; Alexa Fluor 488 phalloidin:actin; mScarlet:fascin; iRFP:nuclear actin chromobody (nAC),1.240929604,-33.2425575,Yes,Yes,compound response across 12 wells,active,active,Nuclear fascin,regulation of protein localization to nucleus,GO_1900180,Nuclear actin,actin filament phenotype,CMPO_0000104
1093689004,B7,Homo sapiens,NCBITaxon,9606,HeLa,EFO,EFO_0001185,,,,,SN1064810981,0.0003,1017,CDK2,,,Pass,Hoechst:DNA; Alexa Fluor 488 phalloidin:actin; mScarlet:fascin; iRFP:nuclear actin chromobody (nAC),0.19537136,-16.1431503,Yes,Yes,compound response across 12 wells,active,active,Nuclear fascin,regulation of protein localization to nucleus,GO_1900180,Nuclear actin,actin filament phenotype,CMPO_0000104
1093689004,B8,Homo sapiens,NCBITaxon,9606,HeLa,EFO,EFO_0001185,,,,,SN1064810981,0.00003,1017,CDK2,,,Pass,Hoechst:DNA; Alexa Fluor 488 phalloidin:actin; mScarlet:fascin; iRFP:nuclear actin chromobody (nAC),12.17608547,-17.3459377,Yes,Yes,compound response across 12 wells,active,active,Nuclear fascin,regulation of protein localization to nucleus,GO_1900180,Nuclear actin,actin filament phenotype,CMPO_0000104
1093689004,B9,Homo sapiens,NCBITaxon,9606,HeLa,EFO,EFO_0001185,,,,,SN1051354848,30,51755,CDK12,,,Pass,Hoechst:DNA; Alexa Fluor 488 phalloidin:actin; mScarlet:fascin; iRFP:nuclear actin chromobody (nAC),78.65719604,70.98033905,,Yes,compound response across 12 wells,active,active,Nuclear fascin,regulation of protein localization to nucleus,GO_1900180,Nuclear actin,actin filament phenotype,CMPO_0000104
1093689004,B10,Homo sapiens,NCBITaxon,9606,HeLa,EFO,EFO_0001185,,,,,SN1051354848,10,51755,CDK12,,,Pass,Hoechst:DNA; Alexa Fluor 488 phalloidin:actin; mScarlet:fascin; iRFP:nuclear actin chromobody (nAC),71.5342865,-265.922485,,Yes,compound response across 12 wells,active,active,Nuclear fascin,regulation of protein localization to nucleus,GO_1900180,Nuclear actin,actin filament phenotype,CMPO_0000104
1093689004,B11,Homo sapiens,NCBITaxon,9606,HeLa,EFO,EFO_0001185,,,,,SN1051354848,3.125,51755,CDK12,,,Pass,Hoechst:DNA; Alexa Fluor 488 phalloidin:actin; mScarlet:fascin; iRFP:nuclear actin chromobody (nAC),49.71972275,102.6261444,,Yes,compound response across 12 wells,active,active,Nuclear fascin,regulation of protein localization to nucleus,GO_1900180,Nuclear actin,actin filament phenotype,CMPO_0000104
1093689004,B12,Homo sapiens,NCBITaxon,9606,HeLa,EFO,EFO_0001185,,,,,SN1051354848,1.25,51755,CDK12,,,Pass,Hoechst:DNA; Alexa Fluor 488 phalloidin:actin; mScarlet:fascin; iRFP:nuclear actin chromobody (nAC),44.70104599,-67.02285,,Yes,compound response across 12 wells,active,active,Nuclear fascin,regulation of protein localization to nucleus,GO_1900180,Nuclear actin,actin filament phenotype,CMPO_0000104
1093689004,B13,Homo sapiens,NCBITaxon,9606,HeLa,EFO,EFO_0001185,,,,,SN1051354848,0.3,51755,CDK12,,,Pass,Hoechst:DNA; Alexa Fluor 488 phalloidin:actin; mScarlet:fascin; iRFP:nuclear actin chromobody (nAC),19.29192924,-123.677994,,Yes,compound response across 12 wells,active,active,Nuclear fascin,regulation of protein localization to nucleus,GO_1900180,Nuclear actin,actin filament phenotype,CMPO_0000104
1093689004,B14,Homo sapiens,NCBITaxon,9606,HeLa,EFO,EFO_0001185,,,,,SN1051354848,0.1,51755,CDK12,,,Pass,Hoechst:DNA; Alexa Fluor 488 phalloidin:actin; mScarlet:fascin; iRFP:nuclear actin chromobody (nAC),25.78731537,-16.3575153,,Yes,compound response across 12 wells,active,active,Nuclear fascin,regulation of protein localization to nucleus,GO_1900180,Nuclear actin,actin filament phenotype,CMPO_0000104
1093689004,B15,Homo sapiens,NCBITaxon,9606,HeLa,EFO,EFO_0001185,,,,,SN1051354848,0.03,51755,CDK12,,,Pass,Hoechst:DNA; Alexa Fluor 488 phalloidin:actin; mScarlet:fascin; iRFP:nuclear actin chromobody (nAC),18.32852745,-0.5909301,,Yes,compound response across 12 wells,active,active,Nuclear fascin,regulation of protein localization to nucleus,GO_1900180,Nuclear actin,actin filament phenotype,CMPO_0000104
1093689004,B16,Homo sapiens,NCBITaxon,9606,HeLa,EFO,EFO_0001185,,,,,SN1051354848,0.0125,51755,CDK12,,,Pass,Hoechst:DNA; Alexa Fluor 488 phalloidin:actin; mScarlet:fascin; iRFP:nuclear actin chromobody (nAC),10.13180828,5.443497181,,Yes,compound response across 12 wells,active,active,Nuclear fascin,regulation of protein localization to nucleus,GO_1900180,Nuclear actin,actin filament phenotype,CMPO_0000104
1093689004,B17,Homo sapiens,NCBITaxon,9606,HeLa,EFO,EFO_0001185,,,,,SN1051354848,0.003,51755,CDK12,,,Pass,Hoechst:DNA; Alexa Fluor 488 phalloidin:actin; mScarlet:fascin; iRFP:nuclear actin chromobody (nAC),11.43543434,-22.8284473,,Yes,compound response across 12 wells,active,active,Nuclear fascin,regulation of protein localization to nucleus,GO_1900180,Nuclear actin,actin filament phenotype,CMPO_0000104
1093689004,B18,Homo sapiens,NCBITaxon,9606,HeLa,EFO,EFO_0001185,,,,,SN1051354848,0.001,51755,CDK12,,,Pass,Hoechst:DNA; Alexa Fluor 488 phalloidin:actin; mScarlet:fascin; iRFP:nuclear actin chromobody (nAC),12.39435196,11.33493996,,Yes,compound response across 12 wells,active,active,Nuclear fascin,regulation of protein localization to nucleus,GO_1900180,Nuclear actin,actin filament phenotype,CMPO_0000104
1093689004,B19,Homo sapiens,NCBITaxon,9606,HeLa,EFO,EFO_0001185,,,,,SN1051354848,0.0003,51755,CDK12,,,Pass,Hoechst:DNA; Alexa Fluor 488 phalloidin:actin; mScarlet:fascin; iRFP:nuclear actin chromobody (nAC),16.792799,-34.1834717,,Yes,compound response across 12 wells,active,active,Nuclear fascin,regulation of protein localization to nucleus,GO_1900180,Nuclear actin,actin filament phenotype,CMPO_0000104
1093689004,B20,Homo sapiens,NCBITaxon,9606,HeLa,EFO,EFO_0001185,,,,,SN1051354848,0.00003,51755,CDK12,,,Pass,Hoechst:DNA; Alexa Fluor 488 phalloidin:actin; mScarlet:fascin; iRFP:nuclear actin chromobody (nAC),12.55992603,-37.7146225,,Yes,compound response across 12 wells,active,active,Nuclear fascin,regulation of protein localization to nucleus,GO_1900180,Nuclear actin,actin filament phenotype,CMPO_0000104
1093689004,B21,Homo sapiens,NCBITaxon,9606,HeLa,EFO,EFO_0001185,,,,,SN1076054535,30,2475,MTOR,,,Pass,Hoechst:DNA; Alexa Fluor 488 phalloidin:actin; mScarlet:fascin; iRFP:nuclear actin chromobody (nAC),28.29883575,-18.8788967,,,compound response across 12 wells,inactive,inactive,,,,,,
1093689004,B22,Homo sapiens,NCBITaxon,9606,HeLa,EFO,EFO_0001185,,,,,SN1076054535,10,2475,MTOR,,,Pass,Hoechst:DNA; Alexa Fluor 488 phalloidin:actin; mScarlet:fascin; iRFP:nuclear actin chromobody (nAC),16.08478928,-12.3080788,,,compound response across 12 wells,inactive,inactive,,,,,,
1093689004,B23,Homo sapiens,NCBITaxon,9606,HeLa,EFO,EFO_0001185,,,,,SN1076054535,3.125,2475,MTOR,,,Pass,Hoechst:DNA; Alexa Fluor 488 phalloidin:actin; mScarlet:fascin; iRFP:nuclear actin chromobody (nAC),26.57137108,11.87783051,,,compound response across 12 wells,inactive,inactive,,,,,,
1093689004,B24,Homo sapiens,NCBITaxon,9606,HeLa,EFO,EFO_0001185,,,,,SN1076054535,1.25,2475,MTOR,,,Pass,Hoechst:DNA; Alexa Fluor 488 phalloidin:actin; mScarlet:fascin; iRFP:nuclear actin chromobody (nAC),15.80645657,16.75119209,,,compound response across 12 wells,inactive,inactive,,,,,,
1093689004,C1,Homo sapiens,NCBITaxon,9606,HeLa,EFO,EFO_0001185,,,,,SN1076054535,0.3,2475,MTOR,,,Pass,Hoechst:DNA; Alexa Fluor 488 phalloidin:actin; mScarlet:fascin; iRFP:nuclear actin chromobody (nAC),10.82628822,17.65223122,,,compound response across 12 wells,inactive,inactive,,,,,,
1093689004,C2,Homo sapiens,NCBITaxon,9606,HeLa,EFO,EFO_0001185,,,,,SN1076054535,0.1,2475,MTOR,,,Pass,Hoechst:DNA; Alexa Fluor 488 phalloidin:actin; mScarlet:fascin; iRFP:nuclear actin chromobody (nAC),26.93652725,-18.0899124,,,compound response across 12 wells,inactive,inactive,,,,,,
1093689004,C3,Homo sapiens,NCBITaxon,9606,HeLa,EFO,EFO_0001185,,,,,SN1076054535,0.03,2475,MTOR,,,Pass,Hoechst:DNA; Alexa Fluor 488 phalloidin:actin; mScarlet:fascin; iRFP:nuclear actin chromobody (nAC),9.771684647,5.878588676,,,compound response across 12 wells,inactive,inactive,,,,,,
1093689004,C4,Homo sapiens,NCBITaxon,9606,HeLa,EFO,EFO_0001185,,,,,SN1076054535,0.0125,2475,MTOR,,,Pass,Hoechst:DNA; Alexa Fluor 488 phalloidin:actin; mScarlet:fascin; iRFP:nuclear actin chromobody (nAC),9.524608612,-52.6357193,,,compound response across 12 wells,inactive,inactive,,,,,,
1093689004,C5,Homo sapiens,NCBITaxon,9606,HeLa,EFO,EFO_0001185,DMSO,679,IAZDPXIOMUYVGZ-UHFFFAOYSA-N,CS(=O)C,,,,,Neutral Control,,Pass,Hoechst:DNA; Alexa Fluor 488 phalloidin:actin; mScarlet:fascin; iRFP:nuclear actin chromobody (nAC),4.864398479,-17.2397461,,,,,,,,,,,
1093689004,C6,Homo sapiens,NCBITaxon,9606,HeLa,EFO,EFO_0001185,,,,,,,,,Stimulator Control,Leptomycin b blocks nuclear export of fascin,Pass,Hoechst:DNA; Alexa Fluor 488 phalloidin:actin; mScarlet:fascin; iRFP:nuclear actin chromobody (nAC),102.5378647,13.25870991,,,,,,,,,,,
1093689004,C7,Homo sapiens,NCBITaxon,9606,HeLa,EFO,EFO_0001185,DMSO,679,IAZDPXIOMUYVGZ-UHFFFAOYSA-N,CS(=O)C,,,,,Neutral Control,,Pass,Hoechst:DNA; Alexa Fluor 488 phalloidin:actin; mScarlet:fascin; iRFP:nuclear actin chromobody (nAC),-5.386888981,2.272808075,,,,,,,,,,,
1093689004,C8,Homo sapiens,NCBITaxon,9606,HeLa,EFO,EFO_0001185,,,,,SN1076054535,0.003,2475,MTOR,,,Pass,Hoechst:DNA; Alexa Fluor 488 phalloidin:actin; mScarlet:fascin; iRFP:nuclear actin chromobody (nAC),18.98416328,-4.82802773,,,compound response across 12 wells,inactive,inactive,,,,,,
1093689004,C9,Homo sapiens,NCBITaxon,9606,HeLa,EFO,EFO_0001185,,,,,SN1076054535,0.001,2475,MTOR,,,Pass,Hoechst:DNA; Alexa Fluor 488 phalloidin:actin; mScarlet:fascin; iRFP:nuclear actin chromobody (nAC),-1.884510279,6.754624367,,,compound response across 12 wells,inactive,inactive,,,,,,
1093689004,C10,Homo sapiens,NCBITaxon,9606,HeLa,EFO,EFO_0001185,,,,,SN1076054535,0.0003,2475,MTOR,,,Pass,Hoechst:DNA; Alexa Fluor 488 phalloidin:actin; mScarlet:fascin; iRFP:nuclear actin chromobody (nAC),4.587813854,-26.3443527,,,compound response across 12 wells,inactive,inactive,,,,,,
1093689004,C11,Homo sapiens,NCBITaxon,9606,HeLa,EFO,EFO_0001185,,,,,SN1076054535,0.00003,2475,MTOR,,,Pass,Hoechst:DNA; Alexa Fluor 488 phalloidin:actin; mScarlet:fascin; iRFP:nuclear actin chromobody (nAC),10.83700657,-6.52604055,,,compound response across 12 wells,inactive,inactive,,,,,,
1093689004,C12,Homo sapiens,NCBITaxon,9606,HeLa,EFO,EFO_0001185,,,,,SN1140238681,30,3832,KIF11,,,Pass,Hoechst:DNA; Alexa Fluor 488 phalloidin:actin; mScarlet:fascin; iRFP:nuclear actin chromobody (nAC),-3.391930103,-314.318176,,,compound response across 12 wells,inactive,inactive,,,,,,
1093689004,C13,Homo sapiens,NCBITaxon,9606,HeLa,EFO,EFO_0001185,,,,,SN1140238681,10,3832,KIF11,,,Pass,Hoechst:DNA; Alexa Fluor 488 phalloidin:actin; mScarlet:fascin; iRFP:nuclear actin chromobody (nAC),1.18992424,-37.3200417,,,compound response across 12 wells,inactive,inactive,,,,,,
1093689004,C14,Homo sapiens,NCBITaxon,9606,HeLa,EFO,EFO_0001185,,,,,SN1140238681,3.125,3832,KIF11,,,Fail,Hoechst:DNA; Alexa Fluor 488 phalloidin:actin; mScarlet:fascin; iRFP:nuclear actin chromobody (nAC),8.324892998,-230.804535,,,compound response across 12 wells,inactive,inactive,,,,,,
1093689004,C15,Homo sapiens,NCBITaxon,9606,HeLa,EFO,EFO_0001185,,,,,SN1140238681,1.25,3832,KIF11,,,Pass,Hoechst:DNA; Alexa Fluor 488 phalloidin:actin; mScarlet:fascin; iRFP:nuclear actin chromobody (nAC),40.56747437,39.85471725,,,compound response across 12 wells,inactive,inactive,,,,,,
1093689004,C16,Homo sapiens,NCBITaxon,9606,HeLa,EFO,EFO_0001185,DMSO,679,IAZDPXIOMUYVGZ-UHFFFAOYSA-N,CS(=O)C,,,,,Neutral Control,,Pass,Hoechst:DNA; Alexa Fluor 488 phalloidin:actin; mScarlet:fascin; iRFP:nuclear actin chromobody (nAC),4.671110153,5.853751183,,,,,,,,,,,
1093689004,C17,Homo sapiens,NCBITaxon,9606,HeLa,EFO,EFO_0001185,,,,,,,,,Stimulator Control,Leptomycin b blocks nuclear export of fascin,Pass,Hoechst:DNA; Alexa Fluor 488 phalloidin:actin; mScarlet:fascin; iRFP:nuclear actin chromobody (nAC),102.6261673,8.185997009,,,,,,,,,,,
1093689004,C18,Homo sapiens,NCBITaxon,9606,HeLa,EFO,EFO_0001185,DMSO,679,IAZDPXIOMUYVGZ-UHFFFAOYSA-N,CS(=O)C,,,,,Neutral Control,,Pass,Hoechst:DNA; Alexa Fluor 488 phalloidin:actin; mScarlet:fascin; iRFP:nuclear actin chromobody (nAC),-2.99636817,-0.90539044,,,,,,,,,,,
1093689004,C19,Homo sapiens,NCBITaxon,9606,HeLa,EFO,EFO_0001185,,,,,SN1140238681,0.3,3832,KIF11,,,Pass,Hoechst:DNA; Alexa Fluor 488 phalloidin:actin; mScarlet:fascin; iRFP:nuclear actin chromobody (nAC),53.23809433,64.91542053,,,compound response across 12 wells,inactive,inactive,,,,,,
1093689004,C20,Homo sapiens,NCBITaxon,9606,HeLa,EFO,EFO_0001185,,,,,SN1140238681,0.1,3832,KIF11,,,Pass,Hoechst:DNA; Alexa Fluor 488 phalloidin:actin; mScarlet:fascin; iRFP:nuclear actin chromobody (nAC),59.57612991,-113.623741,,,compound response across 12 wells,inactive,inactive,,,,,,
1093689004,C21,Homo sapiens,NCBITaxon,9606,HeLa,EFO,EFO_0001185,,,,,SN1140238681,0.03,3832,KIF11,,,Pass,Hoechst:DNA; Alexa Fluor 488 phalloidin:actin; mScarlet:fascin; iRFP:nuclear actin chromobody (nAC),-14.71921158,,,,compound response across 12 wells,inactive,inactive,,,,,,
1093689004,C22,Homo sapiens,NCBITaxon,9606,HeLa,EFO,EFO_0001185,,,,,SN1140238681,0.0125,3832,KIF11,,,Pass,Hoechst:DNA; Alexa Fluor 488 phalloidin:actin; mScarlet:fascin; iRFP:nuclear actin chromobody (nAC),18.81977463,,,,compound response across 12 wells,inactive,inactive,,,,,,
1093689004,C23,Homo sapiens,NCBITaxon,9606,HeLa,EFO,EFO_0001185,,,,,SN1140238681,0.003,3832,KIF11,,,Pass,Hoechst:DNA; Alexa Fluor 488 phalloidin:actin; mScarlet:fascin; iRFP:nuclear actin chromobody (nAC),15.41790295,3.263633251,,,compound response across 12 wells,inactive,inactive,,,,,,
1093689004,C24,Homo sapiens,NCBITaxon,9606,HeLa,EFO,EFO_0001185,,,,,SN1140238681,0.001,3832,KIF11,,,Pass,Hoechst:DNA; Alexa Fluor 488 phalloidin:actin; mScarlet:fascin; iRFP:nuclear actin chromobody (nAC),9.788012505,-24.431881,,,compound response across 12 wells,inactive,inactive,,,,,,
1093689004,D1,Homo sapiens,NCBITaxon,9606,HeLa,EFO,EFO_0001185,,,,,SN1140238681,0.0003,3832,KIF11,,,Pass,Hoechst:DNA; Alexa Fluor 488 phalloidin:actin; mScarlet:fascin; iRFP:nuclear actin chromobody (nAC),0.206469402,-25.2397938,,,compound response across 12 wells,inactive,inactive,,,,,,
1093689004,D2,Homo sapiens,NCBITaxon,9606,HeLa,EFO,EFO_0001185,,,,,SN1140238681,0.00003,3832,KIF11,,,Pass,Hoechst:DNA; Alexa Fluor 488 phalloidin:actin; mScarlet:fascin; iRFP:nuclear actin chromobody (nAC),10.97434807,-34.3052444,,,compound response across 12 wells,inactive,inactive,,,,,,
1093689004,D3,Homo sapiens,NCBITaxon,9606,HeLa,EFO,EFO_0001185,,,,,SN1109508827,30,904,CCNT1,,,Pass,Hoechst:DNA; Alexa Fluor 488 phalloidin:actin; mScarlet:fascin; iRFP:nuclear actin chromobody (nAC),0.500126958,63.78245163,,Yes,compound response across 12 wells,active,active,Nuclear fascin,regulation of protein localization to nucleus,GO_1900180,Nuclear actin,actin filament phenotype,CMPO_0000104
1093689004,D4,Homo sapiens,NCBITaxon,9606,HeLa,EFO,EFO_0001185,,,,,SN1109508827,10,904,CCNT1,,,Pass,Hoechst:DNA; Alexa Fluor 488 phalloidin:actin; mScarlet:fascin; iRFP:nuclear actin chromobody (nAC),59.91156769,-110.823067,,Yes,compound response across 12 wells,active,active,Nuclear fascin,regulation of protein localization to nucleus,GO_1900180,Nuclear actin,actin filament phenotype,CMPO_0000104
1093689004,D5,Homo sapiens,NCBITaxon,9606,HeLa,EFO,EFO_0001185,,,,,SN1109508827,3.125,904,CCNT1,,,Pass,Hoechst:DNA; Alexa Fluor 488 phalloidin:actin; mScarlet:fascin; iRFP:nuclear actin chromobody (nAC),44.21575546,-118.373466,,Yes,compound response across 12 wells,active,active,Nuclear fascin,regulation of protein localization to nucleus,GO_1900180,Nuclear actin,actin filament phenotype,CMPO_0000104
1093689004,D6,Homo sapiens,NCBITaxon,9606,HeLa,EFO,EFO_0001185,,,,,SN1109508827,1.25,904,CCNT1,,,Pass,Hoechst:DNA; Alexa Fluor 488 phalloidin:actin; mScarlet:fascin; iRFP:nuclear actin chromobody (nAC),77.13713074,-83.4850235,,Yes,compound response across 12 wells,active,active,Nuclear fascin,regulation of protein localization to nucleus,GO_1900180,Nuclear actin,actin filament phenotype,CMPO_0000104
1093689004,D7,Homo sapiens,NCBITaxon,9606,HeLa,EFO,EFO_0001185,,,,,SN1109508827,0.3,904,CCNT1,,,Pass,Hoechst:DNA; Alexa Fluor 488 phalloidin:actin; mScarlet:fascin; iRFP:nuclear actin chromobody (nAC),17.86388397,-42.6998863,,Yes,compound response across 12 wells,active,active,Nuclear fascin,regulation of protein localization to nucleus,GO_1900180,Nuclear actin,actin filament phenotype,CMPO_0000104
1093689004,D8,Homo sapiens,NCBITaxon,9606,HeLa,EFO,EFO_0001185,,,,,SN1109508827,0.1,904,CCNT1,,,Pass,Hoechst:DNA; Alexa Fluor 488 phalloidin:actin; mScarlet:fascin; iRFP:nuclear actin chromobody (nAC),19.76622581,-20.8922749,,Yes,compound response across 12 wells,active,active,Nuclear fascin,regulation of protein localization to nucleus,GO_1900180,Nuclear actin,actin filament phenotype,CMPO_0000104
1093689004,D9,Homo sapiens,NCBITaxon,9606,HeLa,EFO,EFO_0001185,,,,,SN1109508827,0.03,904,CCNT1,,,Pass,Hoechst:DNA; Alexa Fluor 488 phalloidin:actin; mScarlet:fascin; iRFP:nuclear actin chromobody (nAC),15.1047554,14.71793461,,Yes,compound response across 12 wells,active,active,Nuclear fascin,regulation of protein localization to nucleus,GO_1900180,Nuclear actin,actin filament phenotype,CMPO_0000104
1093689004,D10,Homo sapiens,NCBITaxon,9606,HeLa,EFO,EFO_0001185,,,,,SN1109508827,0.0125,904,CCNT1,,,Pass,Hoechst:DNA; Alexa Fluor 488 phalloidin:actin; mScarlet:fascin; iRFP:nuclear actin chromobody (nAC),14.03789806,-3.69360042,,Yes,compound response across 12 wells,active,active,Nuclear fascin,regulation of protein localization to nucleus,GO_1900180,Nuclear actin,actin filament phenotype,CMPO_0000104
1093689004,D11,Homo sapiens,NCBITaxon,9606,HeLa,EFO,EFO_0001185,,,,,SN1109508827,0.003,904,CCNT1,,,Pass,Hoechst:DNA; Alexa Fluor 488 phalloidin:actin; mScarlet:fascin; iRFP:nuclear actin chromobody (nAC),0.231645271,14.48492241,,Yes,compound response across 12 wells,active,active,Nuclear fascin,regulation of protein localization to nucleus,GO_1900180,Nuclear actin,actin filament phenotype,CMPO_0000104
1093689004,D12,Homo sapiens,NCBITaxon,9606,HeLa,EFO,EFO_0001185,,,,,SN1109508827,0.001,904,CCNT1,,,Pass,Hoechst:DNA; Alexa Fluor 488 phalloidin:actin; mScarlet:fascin; iRFP:nuclear actin chromobody (nAC),17.80521584,-27.9263783,,Yes,compound response across 12 wells,active,active,Nuclear fascin,regulation of protein localization to nucleus,GO_1900180,Nuclear actin,actin filament phenotype,CMPO_0000104
1093689004,D13,Homo sapiens,NCBITaxon,9606,HeLa,EFO,EFO_0001185,,,,,SN1109508827,0.0003,904,CCNT1,,,Pass,Hoechst:DNA; Alexa Fluor 488 phalloidin:actin; mScarlet:fascin; iRFP:nuclear actin chromobody (nAC),6.19861269,7.320286751,,Yes,compound response across 12 wells,active,active,Nuclear fascin,regulation of protein localization to nucleus,GO_1900180,Nuclear actin,actin filament phenotype,CMPO_0000104
1093689004,D14,Homo sapiens,NCBITaxon,9606,HeLa,EFO,EFO_0001185,,,,,SN1109508827,0.00003,904,CCNT1,,,Pass,Hoechst:DNA; Alexa Fluor 488 phalloidin:actin; mScarlet:fascin; iRFP:nuclear actin chromobody (nAC),11.91538715,-18.3709106,,Yes,compound response across 12 wells,active,active,Nuclear fascin,regulation of protein localization to nucleus,GO_1900180,Nuclear actin,actin filament phenotype,CMPO_0000104
1093689004,D15,Homo sapiens,NCBITaxon,9606,HeLa,EFO,EFO_0001185,,,,,SN0027171634,30,4521,NUDT1,,,Pass,Hoechst:DNA; Alexa Fluor 488 phalloidin:actin; mScarlet:fascin; iRFP:nuclear actin chromobody (nAC),-16.83699417,,,,compound response across 12 wells,inactive,inactive,,,,,,
1093689004,D16,Homo sapiens,NCBITaxon,9606,HeLa,EFO,EFO_0001185,,,,,SN0027171634,10,4521,NUDT1,,,Pass,Hoechst:DNA; Alexa Fluor 488 phalloidin:actin; mScarlet:fascin; iRFP:nuclear actin chromobody (nAC),41.70954132,-53.7760429,,,compound response across 12 wells,inactive,inactive,,,,,,
1093689004,D17,Homo sapiens,NCBITaxon,9606,HeLa,EFO,EFO_0001185,,,,,SN0027171634,3.125,4521,NUDT1,,,Pass,Hoechst:DNA; Alexa Fluor 488 phalloidin:actin; mScarlet:fascin; iRFP:nuclear actin chromobody (nAC),17.69426537,5.389294147,,,compound response across 12 wells,inactive,inactive,,,,,,
1093689004,D18,Homo sapiens,NCBITaxon,9606,HeLa,EFO,EFO_0001185,,,,,SN0027171634,1.25,4521,NUDT1,,,Pass,Hoechst:DNA; Alexa Fluor 488 phalloidin:actin; mScarlet:fascin; iRFP:nuclear actin chromobody (nAC),8.498053551,-42.2278099,,,compound response across 12 wells,inactive,inactive,,,,,,
1093689004,D19,Homo sapiens,NCBITaxon,9606,HeLa,EFO,EFO_0001185,,,,,SN0027171634,0.3,4521,NUDT1,,,Pass,Hoechst:DNA; Alexa Fluor 488 phalloidin:actin; mScarlet:fascin; iRFP:nuclear actin chromobody (nAC),9.010631561,-48.7183151,,,compound response across 12 wells,inactive,inactive,,,,,,
1093689004,D20,Homo sapiens,NCBITaxon,9606,HeLa,EFO,EFO_0001185,,,,,SN0027171634,0.1,4521,NUDT1,,,Pass,Hoechst:DNA; Alexa Fluor 488 phalloidin:actin; mScarlet:fascin; iRFP:nuclear actin chromobody (nAC),13.19611835,21.40504837,,,compound response across 12 wells,inactive,inactive,,,,,,
1093689004,D21,Homo sapiens,NCBITaxon,9606,HeLa,EFO,EFO_0001185,,,,,SN0027171634,0.03,4521,NUDT1,,,Pass,Hoechst:DNA; Alexa Fluor 488 phalloidin:actin; mScarlet:fascin; iRFP:nuclear actin chromobody (nAC),12.54362869,-3.31633401,,,compound response across 12 wells,inactive,inactive,,,,,,
1093689004,D22,Homo sapiens,NCBITaxon,9606,HeLa,EFO,EFO_0001185,,,,,SN0027171634,0.0125,4521,NUDT1,,,Pass,Hoechst:DNA; Alexa Fluor 488 phalloidin:actin; mScarlet:fascin; iRFP:nuclear actin chromobody (nAC),21.3689537,-30.3532429,,,compound response across 12 wells,inactive,inactive,,,,,,
1093689004,D23,Homo sapiens,NCBITaxon,9606,HeLa,EFO,EFO_0001185,,,,,SN0027171634,0.003,4521,NUDT1,,,Pass,Hoechst:DNA; Alexa Fluor 488 phalloidin:actin; mScarlet:fascin; iRFP:nuclear actin chromobody (nAC),6.93482399,4.946372509,,,compound response across 12 wells,inactive,inactive,,,,,,
1093689004,D24,Homo sapiens,NCBITaxon,9606,HeLa,EFO,EFO_0001185,,,,,SN0027171634,0.001,4521,NUDT1,,,Pass,Hoechst:DNA; Alexa Fluor 488 phalloidin:actin; mScarlet:fascin; iRFP:nuclear actin chromobody (nAC),8.560506821,-18.1431389,,,compound response across 12 wells,inactive,inactive,,,,,,
1093689004,E1,Homo sapiens,NCBITaxon,9606,HeLa,EFO,EFO_0001185,,,,,SN0027171634,0.0003,4521,NUDT1,,,Pass,Hoechst:DNA; Alexa Fluor 488 phalloidin:actin; mScarlet:fascin; iRFP:nuclear actin chromobody (nAC),6.609924793,3.650474548,,,compound response across 12 wells,inactive,inactive,,,,,,
1093689004,E2,Homo sapiens,NCBITaxon,9606,HeLa,EFO,EFO_0001185,,,,,SN0027171634,0.00003,4521,NUDT1,,,Pass,Hoechst:DNA; Alexa Fluor 488 phalloidin:actin; mScarlet:fascin; iRFP:nuclear actin chromobody (nAC),9.118419647,-35.6738205,,,compound response across 12 wells,inactive,inactive,,,,,,
1093689004,E3,Homo sapiens,NCBITaxon,9606,HeLa,EFO,EFO_0001185,,,,,SN1150832963,30,7514,XPO1,,,Pass,Hoechst:DNA; Alexa Fluor 488 phalloidin:actin; mScarlet:fascin; iRFP:nuclear actin chromobody (nAC),54.29109955,-41.2944603,,Yes,compound response across 12 wells,active,inactive,Nuclear fascin,regulation of protein localization to nucleus,GO_1900180,,,
1093689004,E4,Homo sapiens,NCBITaxon,9606,HeLa,EFO,EFO_0001185,,,,,SN1150832963,10,7514,XPO1,,,Pass,Hoechst:DNA; Alexa Fluor 488 phalloidin:actin; mScarlet:fascin; iRFP:nuclear actin chromobody (nAC),86.82886505,-35.0527306,,Yes,compound response across 12 wells,active,inactive,Nuclear fascin,regulation of protein localization to nucleus,GO_1900180,,,
1093689004,E5,Homo sapiens,NCBITaxon,9606,HeLa,EFO,EFO_0001185,,,,,SN1150832963,3.125,7514,XPO1,,,Pass,Hoechst:DNA; Alexa Fluor 488 phalloidin:actin; mScarlet:fascin; iRFP:nuclear actin chromobody (nAC),81.16687775,3.137535334,,Yes,compound response across 12 wells,active,inactive,Nuclear fascin,regulation of protein localization to nucleus,GO_1900180,,,
1093689004,E6,Homo sapiens,NCBITaxon,9606,HeLa,EFO,EFO_0001185,,,,,SN1150832963,1.25,7514,XPO1,,,Pass,Hoechst:DNA; Alexa Fluor 488 phalloidin:actin; mScarlet:fascin; iRFP:nuclear actin chromobody (nAC),106.4126968,-0.67671812,,Yes,compound response across 12 wells,active,inactive,Nuclear fascin,regulation of protein localization to nucleus,GO_1900180,,,
1093689004,E7,Homo sapiens,NCBITaxon,9606,HeLa,EFO,EFO_0001185,,,,,SN1150832963,0.3,7514,XPO1,,,Pass,Hoechst:DNA; Alexa Fluor 488 phalloidin:actin; mScarlet:fascin; iRFP:nuclear actin chromobody (nAC),88.80449677,-33.4727325,,Yes,compound response across 12 wells,active,inactive,Nuclear fascin,regulation of protein localization to nucleus,GO_1900180,,,
1093689004,E8,Homo sapiens,NCBITaxon,9606,HeLa,EFO,EFO_0001185,,,,,SN1150832963,0.1,7514,XPO1,,,Pass,Hoechst:DNA; Alexa Fluor 488 phalloidin:actin; mScarlet:fascin; iRFP:nuclear actin chromobody (nAC),74.23083496,-15.7645807,,Yes,compound response across 12 wells,active,inactive,Nuclear fascin,regulation of protein localization to nucleus,GO_1900180,,,
1093689004,E9,Homo sapiens,NCBITaxon,9606,HeLa,EFO,EFO_0001185,DMSO,679,IAZDPXIOMUYVGZ-UHFFFAOYSA-N,CS(=O)C,,,,,Neutral Control,,Pass,Hoechst:DNA; Alexa Fluor 488 phalloidin:actin; mScarlet:fascin; iRFP:nuclear actin chromobody (nAC),-4.098161697,-2.24712038,,,,,,,,,,,
1093689004,E10,Homo sapiens,NCBITaxon,9606,HeLa,EFO,EFO_0001185,,,,,,,,,Stimulator Control,Leptomycin b blocks nuclear export of fascin,Pass,Hoechst:DNA; Alexa Fluor 488 phalloidin:actin; mScarlet:fascin; iRFP:nuclear actin chromobody (nAC),97.98693848,-63.1337624,,,,,,,,,,,
1093689004,E11,Homo sapiens,NCBITaxon,9606,HeLa,EFO,EFO_0001185,DMSO,679,IAZDPXIOMUYVGZ-UHFFFAOYSA-N,CS(=O)C,,,,,Neutral Control,,Pass,Hoechst:DNA; Alexa Fluor 488 phalloidin:actin; mScarlet:fascin; iRFP:nuclear actin chromobody (nAC),-7.343475819,10.17172241,,,,,,,,,,,
1093689004,E12,Homo sapiens,NCBITaxon,9606,HeLa,EFO,EFO_0001185,,,,,SN1150832963,0.03,7514,XPO1,,,Pass,Hoechst:DNA; Alexa Fluor 488 phalloidin:actin; mScarlet:fascin; iRFP:nuclear actin chromobody (nAC),39.90172958,-27.7233829,,Yes,compound response across 12 wells,active,inactive,Nuclear fascin,regulation of protein localization to nucleus,GO_1900180,,,
1093689004,E13,Homo sapiens,NCBITaxon,9606,HeLa,EFO,EFO_0001185,,,,,SN1150832963,0.0125,7514,XPO1,,,Pass,Hoechst:DNA; Alexa Fluor 488 phalloidin:actin; mScarlet:fascin; iRFP:nuclear actin chromobody (nAC),8.767371178,-6.38875532,,Yes,compound response across 12 wells,active,inactive,Nuclear fascin,regulation of protein localization to nucleus,GO_1900180,,,
1093689004,E14,Homo sapiens,NCBITaxon,9606,HeLa,EFO,EFO_0001185,,,,,SN1150832963,0.003,7514,XPO1,,,Pass,Hoechst:DNA; Alexa Fluor 488 phalloidin:actin; mScarlet:fascin; iRFP:nuclear actin chromobody (nAC),18.20073128,2.074274302,,Yes,compound response across 12 wells,active,inactive,Nuclear fascin,regulation of protein localization to nucleus,GO_1900180,,,
1093689004,E15,Homo sapiens,NCBITaxon,9606,HeLa,EFO,EFO_0001185,,,,,SN1150832963,0.001,7514,XPO1,,,Pass,Hoechst:DNA; Alexa Fluor 488 phalloidin:actin; mScarlet:fascin; iRFP:nuclear actin chromobody (nAC),0.999463379,6.460053921,,Yes,compound response across 12 wells,active,inactive,Nuclear fascin,regulation of protein localization to nucleus,GO_1900180,,,
1093689004,E16,Homo sapiens,NCBITaxon,9606,HeLa,EFO,EFO_0001185,,,,,SN1150832963,0.0003,7514,XPO1,,,Pass,Hoechst:DNA; Alexa Fluor 488 phalloidin:actin; mScarlet:fascin; iRFP:nuclear actin chromobody (nAC),1.404223084,-32.1485291,,Yes,compound response across 12 wells,active,inactive,Nuclear fascin,regulation of protein localization to nucleus,GO_1900180,,,
1093689004,E17,Homo sapiens,NCBITaxon,9606,HeLa,EFO,EFO_0001185,,,,,SN1150832963,0.00003,7514,XPO1,,,Pass,Hoechst:DNA; Alexa Fluor 488 phalloidin:actin; mScarlet:fascin; iRFP:nuclear actin chromobody (nAC),2.978231192,10.84516048,,Yes,compound response across 12 wells,active,inactive,Nuclear fascin,regulation of protein localization to nucleus,GO_1900180,,,
1093689004,E18,Homo sapiens,NCBITaxon,9606,HeLa,EFO,EFO_0001185,,,,,SN1062297445,30,5979,RET,,,Fail,Hoechst:DNA; Alexa Fluor 488 phalloidin:actin; mScarlet:fascin; iRFP:nuclear actin chromobody (nAC),,,,,compound response across 12 wells,inactive,inactive,,,,,,
1093689004,E19,Homo sapiens,NCBITaxon,9606,HeLa,EFO,EFO_0001185,,,,,SN1062297445,10,5979,RET,,,Pass,Hoechst:DNA; Alexa Fluor 488 phalloidin:actin; mScarlet:fascin; iRFP:nuclear actin chromobody (nAC),102.9921265,-119.519058,,,compound response across 12 wells,inactive,inactive,,,,,,
1093689004,E20,Homo sapiens,NCBITaxon,9606,HeLa,EFO,EFO_0001185,DMSO,679,IAZDPXIOMUYVGZ-UHFFFAOYSA-N,CS(=O)C,,,,,Neutral Control,,Pass,Hoechst:DNA; Alexa Fluor 488 phalloidin:actin; mScarlet:fascin; iRFP:nuclear actin chromobody (nAC),1.032879114,4.055294991,,,,,,,,,,,
1093689004,E21,Homo sapiens,NCBITaxon,9606,HeLa,EFO,EFO_0001185,,,,,,,,,Stimulator Control,Leptomycin b blocks nuclear export of fascin,Pass,Hoechst:DNA; Alexa Fluor 488 phalloidin:actin; mScarlet:fascin; iRFP:nuclear actin chromobody (nAC),100.7866287,-14.0986109,,,,,,,,,,,
1093689004,E22,Homo sapiens,NCBITaxon,9606,HeLa,EFO,EFO_0001185,DMSO,679,IAZDPXIOMUYVGZ-UHFFFAOYSA-N,CS(=O)C,,,,,Neutral Control,,Pass,Hoechst:DNA; Alexa Fluor 488 phalloidin:actin; mScarlet:fascin; iRFP:nuclear actin chromobody (nAC),2.990864754,-4.01064491,,,,,,,,,,,
1093689004,E23,Homo sapiens,NCBITaxon,9606,HeLa,EFO,EFO_0001185,,,,,SN1062297445,3.125,5979,RET,,,Pass,Hoechst:DNA; Alexa Fluor 488 phalloidin:actin; mScarlet:fascin; iRFP:nuclear actin chromobody (nAC),13.83168697,-117.213089,,,compound response across 12 wells,inactive,inactive,,,,,,
1093689004,E24,Homo sapiens,NCBITaxon,9606,HeLa,EFO,EFO_0001185,,,,,SN1062297445,1.25,5979,RET,,,Pass,Hoechst:DNA; Alexa Fluor 488 phalloidin:actin; mScarlet:fascin; iRFP:nuclear actin chromobody (nAC),-21.25222588,-45.5568428,,,compound response across 12 wells,inactive,inactive,,,,,,
1093689004,F1,Homo sapiens,NCBITaxon,9606,HeLa,EFO,EFO_0001185,,,,,SN1062297445,0.3,5979,RET,,,Pass,Hoechst:DNA; Alexa Fluor 488 phalloidin:actin; mScarlet:fascin; iRFP:nuclear actin chromobody (nAC),-12.37277889,-7.58046103,,,compound response across 12 wells,inactive,inactive,,,,,,
1093689004,F2,Homo sapiens,NCBITaxon,9606,HeLa,EFO,EFO_0001185,,,,,SN1062297445,0.1,5979,RET,,,Pass,Hoechst:DNA; Alexa Fluor 488 phalloidin:actin; mScarlet:fascin; iRFP:nuclear actin chromobody (nAC),8.595852852,-15.3782864,,,compound response across 12 wells,inactive,inactive,,,,,,
1093689004,F3,Homo sapiens,NCBITaxon,9606,HeLa,EFO,EFO_0001185,,,,,SN1062297445,0.03,5979,RET,,,Pass,Hoechst:DNA; Alexa Fluor 488 phalloidin:actin; mScarlet:fascin; iRFP:nuclear actin chromobody (nAC),-12.56781578,-8.43812084,,,compound response across 12 wells,inactive,inactive,,,,,,
1093689004,F4,Homo sapiens,NCBITaxon,9606,HeLa,EFO,EFO_0001185,,,,,SN1062297445,0.0125,5979,RET,,,Pass,Hoechst:DNA; Alexa Fluor 488 phalloidin:actin; mScarlet:fascin; iRFP:nuclear actin chromobody (nAC),-2.168787718,5.33459425,,,compound response across 12 wells,inactive,inactive,,,,,,
1093689004,F5,Homo sapiens,NCBITaxon,9606,HeLa,EFO,EFO_0001185,,,,,SN1062297445,0.003,5979,RET,,,Pass,Hoechst:DNA; Alexa Fluor 488 phalloidin:actin; mScarlet:fascin; iRFP:nuclear actin chromobody (nAC),9.9851017,-48.7324753,,,compound response across 12 wells,inactive,inactive,,,,,,
1093689004,F6,Homo sapiens,NCBITaxon,9606,HeLa,EFO,EFO_0001185,,,,,SN1062297445,0.001,5979,RET,,,Pass,Hoechst:DNA; Alexa Fluor 488 phalloidin:actin; mScarlet:fascin; iRFP:nuclear actin chromobody (nAC),7.020157337,-21.4559269,,,compound response across 12 wells,inactive,inactive,,,,,,
1093689004,F7,Homo sapiens,NCBITaxon,9606,HeLa,EFO,EFO_0001185,,,,,SN1062297445,0.0003,5979,RET,,,Pass,Hoechst:DNA; Alexa Fluor 488 phalloidin:actin; mScarlet:fascin; iRFP:nuclear actin chromobody (nAC),-1.554502845,-9.47710228,,,compound response across 12 wells,inactive,inactive,,,,,,
1093689004,F8,Homo sapiens,NCBITaxon,9606,HeLa,EFO,EFO_0001185,,,,,SN1062297445,0.00003,5979,RET,,,Pass,Hoechst:DNA; Alexa Fluor 488 phalloidin:actin; mScarlet:fascin; iRFP:nuclear actin chromobody (nAC),7.110066891,-5.04192352,,,compound response across 12 wells,inactive,inactive,,,,,,
1093689004,F9,Homo sapiens,NCBITaxon,9606,HeLa,EFO,EFO_0001185,,,,,SN0028003533,30,23435,TARDBP,,,Pass,Hoechst:DNA; Alexa Fluor 488 phalloidin:actin; mScarlet:fascin; iRFP:nuclear actin chromobody (nAC),13.92177868,-11.1408844,,,compound response across 12 wells,inactive,inactive,,,,,,
1093689004,F10,Homo sapiens,NCBITaxon,9606,HeLa,EFO,EFO_0001185,,,,,SN0028003533,10,23435,TARDBP,,,Pass,Hoechst:DNA; Alexa Fluor 488 phalloidin:actin; mScarlet:fascin; iRFP:nuclear actin chromobody (nAC),-2.24968195,-8.10176563,,,compound response across 12 wells,inactive,inactive,,,,,,
1093689004,F11,Homo sapiens,NCBITaxon,9606,HeLa,EFO,EFO_0001185,,,,,SN0028003533,3.125,23435,TARDBP,,,Pass,Hoechst:DNA; Alexa Fluor 488 phalloidin:actin; mScarlet:fascin; iRFP:nuclear actin chromobody (nAC),4.546188354,0.737602472,,,compound response across 12 wells,inactive,inactive,,,,,,
1093689004,F12,Homo sapiens,NCBITaxon,9606,HeLa,EFO,EFO_0001185,,,,,SN0028003533,1.25,23435,TARDBP,,,Pass,Hoechst:DNA; Alexa Fluor 488 phalloidin:actin; mScarlet:fascin; iRFP:nuclear actin chromobody (nAC),5.230953693,8.417032242,,,compound response across 12 wells,inactive,inactive,,,,,,
1093689004,F13,Homo sapiens,NCBITaxon,9606,HeLa,EFO,EFO_0001185,,,,,SN0028003533,0.3,23435,TARDBP,,,Pass,Hoechst:DNA; Alexa Fluor 488 phalloidin:actin; mScarlet:fascin; iRFP:nuclear actin chromobody (nAC),4.045301437,2.729280233,,,compound response across 12 wells,inactive,inactive,,,,,,
1093689004,F14,Homo sapiens,NCBITaxon,9606,HeLa,EFO,EFO_0001185,,,,,SN0028003533,0.1,23435,TARDBP,,,Pass,Hoechst:DNA; Alexa Fluor 488 phalloidin:actin; mScarlet:fascin; iRFP:nuclear actin chromobody (nAC),10.69589329,17.23420334,,,compound response across 12 wells,inactive,inactive,,,,,,
1093689004,F15,Homo sapiens,NCBITaxon,9606,HeLa,EFO,EFO_0001185,,,,,SN0028003533,0.03,23435,TARDBP,,,Pass,Hoechst:DNA; Alexa Fluor 488 phalloidin:actin; mScarlet:fascin; iRFP:nuclear actin chromobody (nAC),11.83028221,-8.14189911,,,compound response across 12 wells,inactive,inactive,,,,,,
1093689004,F16,Homo sapiens,NCBITaxon,9606,HeLa,EFO,EFO_0001185,,,,,SN0028003533,0.0125,23435,TARDBP,,,Pass,Hoechst:DNA; Alexa Fluor 488 phalloidin:actin; mScarlet:fascin; iRFP:nuclear actin chromobody (nAC),2.534506559,-28.711298,,,compound response across 12 wells,inactive,inactive,,,,,,
1093689004,F17,Homo sapiens,NCBITaxon,9606,HeLa,EFO,EFO_0001185,,,,,SN0028003533,0.003,23435,TARDBP,,,Pass,Hoechst:DNA; Alexa Fluor 488 phalloidin:actin; mScarlet:fascin; iRFP:nuclear actin chromobody (nAC),8.172804832,-20.3209362,,,compound response across 12 wells,inactive,inactive,,,,,,
1093689004,F18,Homo sapiens,NCBITaxon,9606,HeLa,EFO,EFO_0001185,,,,,SN0028003533,0.001,23435,TARDBP,,,Pass,Hoechst:DNA; Alexa Fluor 488 phalloidin:actin; mScarlet:fascin; iRFP:nuclear actin chromobody (nAC),-7.560875893,-12.2786255,,,compound response across 12 wells,inactive,inactive,,,,,,
1093689004,F19,Homo sapiens,NCBITaxon,9606,HeLa,EFO,EFO_0001185,,,,,SN0028003533,0.0003,23435,TARDBP,,,Pass,Hoechst:DNA; Alexa Fluor 488 phalloidin:actin; mScarlet:fascin; iRFP:nuclear actin chromobody (nAC),-1.872150421,-58.0468445,,,compound response across 12 wells,inactive,inactive,,,,,,
1093689004,F20,Homo sapiens,NCBITaxon,9606,HeLa,EFO,EFO_0001185,,,,,SN0028003533,0.00003,23435,TARDBP,,,Pass,Hoechst:DNA; Alexa Fluor 488 phalloidin:actin; mScarlet:fascin; iRFP:nuclear actin chromobody (nAC),22.30360603,-17.3782291,,,compound response across 12 wells,inactive,inactive,,,,,,
1093689004,F21,Homo sapiens,NCBITaxon,9606,HeLa,EFO,EFO_0001185,,,,,SN1106713132,30,5591,PRKDC,,,Pass,Hoechst:DNA; Alexa Fluor 488 phalloidin:actin; mScarlet:fascin; iRFP:nuclear actin chromobody (nAC),23.91803932,-25.9867172,,Yes,compound response across 12 wells,inactive,active,,,,Nuclear actin,actin filament phenotype,CMPO_0000104
1093689004,F22,Homo sapiens,NCBITaxon,9606,HeLa,EFO,EFO_0001185,,,,,SN1106713132,10,5591,PRKDC,,,Pass,Hoechst:DNA; Alexa Fluor 488 phalloidin:actin; mScarlet:fascin; iRFP:nuclear actin chromobody (nAC),43.57513809,-113.814911,,Yes,compound response across 12 wells,inactive,active,,,,Nuclear actin,actin filament phenotype,CMPO_0000104
1093689004,F23,Homo sapiens,NCBITaxon,9606,HeLa,EFO,EFO_0001185,,,,,SN1106713132,3.125,5591,PRKDC,,,Pass,Hoechst:DNA; Alexa Fluor 488 phalloidin:actin; mScarlet:fascin; iRFP:nuclear actin chromobody (nAC),15.69450283,-44.1922302,,Yes,compound response across 12 wells,inactive,active,,,,Nuclear actin,actin filament phenotype,CMPO_0000104
1093689004,F24,Homo sapiens,NCBITaxon,9606,HeLa,EFO,EFO_0001185,,,,,SN1106713132,1.25,5591,PRKDC,,,Pass,Hoechst:DNA; Alexa Fluor 488 phalloidin:actin; mScarlet:fascin; iRFP:nuclear actin chromobody (nAC),12.76628876,-4.60528564,,Yes,compound response across 12 wells,inactive,active,,,,Nuclear actin,actin filament phenotype,CMPO_0000104
1093689004,G1,Homo sapiens,NCBITaxon,9606,HeLa,EFO,EFO_0001185,,,,,SN1106713132,0.3,5591,PRKDC,,,Pass,Hoechst:DNA; Alexa Fluor 488 phalloidin:actin; mScarlet:fascin; iRFP:nuclear actin chromobody (nAC),12.25298119,-21.1942005,,Yes,compound response across 12 wells,inactive,active,,,,Nuclear actin,actin filament phenotype,CMPO_0000104
1093689004,G2,Homo sapiens,NCBITaxon,9606,HeLa,EFO,EFO_0001185,,,,,SN1106713132,0.1,5591,PRKDC,,,Pass,Hoechst:DNA; Alexa Fluor 488 phalloidin:actin; mScarlet:fascin; iRFP:nuclear actin chromobody (nAC),16.74386215,-61.3680077,,Yes,compound response across 12 wells,inactive,active,,,,Nuclear actin,actin filament phenotype,CMPO_0000104
1093689004,G3,Homo sapiens,NCBITaxon,9606,HeLa,EFO,EFO_0001185,,,,,SN1106713132,0.03,5591,PRKDC,,,Pass,Hoechst:DNA; Alexa Fluor 488 phalloidin:actin; mScarlet:fascin; iRFP:nuclear actin chromobody (nAC),-2.522785187,22.95183945,,Yes,compound response across 12 wells,inactive,active,,,,Nuclear actin,actin filament phenotype,CMPO_0000104
1093689004,G4,Homo sapiens,NCBITaxon,9606,HeLa,EFO,EFO_0001185,,,,,SN1106713132,0.0125,5591,PRKDC,,,Pass,Hoechst:DNA; Alexa Fluor 488 phalloidin:actin; mScarlet:fascin; iRFP:nuclear actin chromobody (nAC),22.85700417,-9.03512478,,Yes,compound response across 12 wells,inactive,active,,,,Nuclear actin,actin filament phenotype,CMPO_0000104
1093689004,G5,Homo sapiens,NCBITaxon,9606,HeLa,EFO,EFO_0001185,,,,,SN1106713132,0.003,5591,PRKDC,,,Pass,Hoechst:DNA; Alexa Fluor 488 phalloidin:actin; mScarlet:fascin; iRFP:nuclear actin chromobody (nAC),8.795724869,8.957901001,,Yes,compound response across 12 wells,inactive,active,,,,Nuclear actin,actin filament phenotype,CMPO_0000104
1093689004,G6,Homo sapiens,NCBITaxon,9606,HeLa,EFO,EFO_0001185,,,,,SN1106713132,0.001,5591,PRKDC,,,Pass,Hoechst:DNA; Alexa Fluor 488 phalloidin:actin; mScarlet:fascin; iRFP:nuclear actin chromobody (nAC),3.958751678,-36.7671242,,Yes,compound response across 12 wells,inactive,active,,,,Nuclear actin,actin filament phenotype,CMPO_0000104
1093689004,G7,Homo sapiens,NCBITaxon,9606,HeLa,EFO,EFO_0001185,,,,,SN1106713132,0.0003,5591,PRKDC,,,Pass,Hoechst:DNA; Alexa Fluor 488 phalloidin:actin; mScarlet:fascin; iRFP:nuclear actin chromobody (nAC),4.499287605,-8.48336124,,Yes,compound response across 12 wells,inactive,active,,,,Nuclear actin,actin filament phenotype,CMPO_0000104
1093689004,G8,Homo sapiens,NCBITaxon,9606,HeLa,EFO,EFO_0001185,,,,,SN1106713132,0.00003,5591,PRKDC,,,Pass,Hoechst:DNA; Alexa Fluor 488 phalloidin:actin; mScarlet:fascin; iRFP:nuclear actin chromobody (nAC),10.42385483,-14.8234196,,Yes,compound response across 12 wells,inactive,active,,,,Nuclear actin,actin filament phenotype,CMPO_0000104
1093689004,G9,Homo sapiens,NCBITaxon,9606,HeLa,EFO,EFO_0001185,,,,,SN1074216650,30,238,ALK,,,Pass,Hoechst:DNA; Alexa Fluor 488 phalloidin:actin; mScarlet:fascin; iRFP:nuclear actin chromobody (nAC),102.705101,-93.4953232,,Yes,compound response across 12 wells,inactive,active,,,,Nuclear actin,actin filament phenotype,CMPO_0000104
1093689004,G10,Homo sapiens,NCBITaxon,9606,HeLa,EFO,EFO_0001185,,,,,SN1074216650,10,238,ALK,,,Pass,Hoechst:DNA; Alexa Fluor 488 phalloidin:actin; mScarlet:fascin; iRFP:nuclear actin chromobody (nAC),71.94077301,-23.5480862,,Yes,compound response across 12 wells,inactive,active,,,,Nuclear actin,actin filament phenotype,CMPO_0000104
1093689004,G11,Homo sapiens,NCBITaxon,9606,HeLa,EFO,EFO_0001185,,,,,SN1074216650,3.125,238,ALK,,,Pass,Hoechst:DNA; Alexa Fluor 488 phalloidin:actin; mScarlet:fascin; iRFP:nuclear actin chromobody (nAC),106.1631012,-28.8182678,,Yes,compound response across 12 wells,inactive,active,,,,Nuclear actin,actin filament phenotype,CMPO_0000104
1093689004,G12,Homo sapiens,NCBITaxon,9606,HeLa,EFO,EFO_0001185,,,,,SN1074216650,1.25,238,ALK,,,Pass,Hoechst:DNA; Alexa Fluor 488 phalloidin:actin; mScarlet:fascin; iRFP:nuclear actin chromobody (nAC),37.06655502,43.17617798,,Yes,compound response across 12 wells,inactive,active,,,,Nuclear actin,actin filament phenotype,CMPO_0000104
1093689004,G13,Homo sapiens,NCBITaxon,9606,HeLa,EFO,EFO_0001185,DMSO,679,IAZDPXIOMUYVGZ-UHFFFAOYSA-N,CS(=O)C,,,,,Neutral Control,,Pass,Hoechst:DNA; Alexa Fluor 488 phalloidin:actin; mScarlet:fascin; iRFP:nuclear actin chromobody (nAC),-8.886835098,-0.70171016,,,,,,,,,,,
1093689004,G14,Homo sapiens,NCBITaxon,9606,HeLa,EFO,EFO_0001185,,,,,,,,,Stimulator Control,Leptomycin b blocks nuclear export of fascin,Pass,Hoechst:DNA; Alexa Fluor 488 phalloidin:actin; mScarlet:fascin; iRFP:nuclear actin chromobody (nAC),96.17357635,-10.6926346,,,,,,,,,,,
1093689004,G15,Homo sapiens,NCBITaxon,9606,HeLa,EFO,EFO_0001185,DMSO,679,IAZDPXIOMUYVGZ-UHFFFAOYSA-N,CS(=O)C,,,,,Neutral Control,,Pass,Hoechst:DNA; Alexa Fluor 488 phalloidin:actin; mScarlet:fascin; iRFP:nuclear actin chromobody (nAC),-11.0636797,-9.54161453,,,,,,,,,,,
1093689004,G16,Homo sapiens,NCBITaxon,9606,HeLa,EFO,EFO_0001185,,,,,SN1074216650,0.3,238,ALK,,,Pass,Hoechst:DNA; Alexa Fluor 488 phalloidin:actin; mScarlet:fascin; iRFP:nuclear actin chromobody (nAC),0.334568322,-14.6967087,,Yes,compound response across 12 wells,inactive,active,,,,Nuclear actin,actin filament phenotype,CMPO_0000104
1093689004,G17,Homo sapiens,NCBITaxon,9606,HeLa,EFO,EFO_0001185,,,,,SN1074216650,0.1,238,ALK,,,Pass,Hoechst:DNA; Alexa Fluor 488 phalloidin:actin; mScarlet:fascin; iRFP:nuclear actin chromobody (nAC),8.280379295,-11.4697571,,Yes,compound response across 12 wells,inactive,active,,,,Nuclear actin,actin filament phenotype,CMPO_0000104
1093689004,G18,Homo sapiens,NCBITaxon,9606,HeLa,EFO,EFO_0001185,,,,,SN1074216650,0.03,238,ALK,,,Pass,Hoechst:DNA; Alexa Fluor 488 phalloidin:actin; mScarlet:fascin; iRFP:nuclear actin chromobody (nAC),10.38850784,-26.6538773,,Yes,compound response across 12 wells,inactive,active,,,,Nuclear actin,actin filament phenotype,CMPO_0000104
1093689004,G19,Homo sapiens,NCBITaxon,9606,HeLa,EFO,EFO_0001185,,,,,SN1074216650,0.0125,238,ALK,,,Pass,Hoechst:DNA; Alexa Fluor 488 phalloidin:actin; mScarlet:fascin; iRFP:nuclear actin chromobody (nAC),3.760294199,-39.1191368,,Yes,compound response across 12 wells,inactive,active,,,,Nuclear actin,actin filament phenotype,CMPO_0000104
1093689004,G20,Homo sapiens,NCBITaxon,9606,HeLa,EFO,EFO_0001185,,,,,SN1074216650,0.003,238,ALK,,,Pass,Hoechst:DNA; Alexa Fluor 488 phalloidin:actin; mScarlet:fascin; iRFP:nuclear actin chromobody (nAC),8.787347794,-3.55819273,,Yes,compound response across 12 wells,inactive,active,,,,Nuclear actin,actin filament phenotype,CMPO_0000104
1093689004,G21,Homo sapiens,NCBITaxon,9606,HeLa,EFO,EFO_0001185,,,,,SN1074216650,0.001,238,ALK,,,Pass,Hoechst:DNA; Alexa Fluor 488 phalloidin:actin; mScarlet:fascin; iRFP:nuclear actin chromobody (nAC),8.732967377,8.352492332,,Yes,compound response across 12 wells,inactive,active,,,,Nuclear actin,actin filament phenotype,CMPO_0000104
1093689004,G22,Homo sapiens,NCBITaxon,9606,HeLa,EFO,EFO_0001185,,,,,SN1074216650,0.0003,238,ALK,,,Pass,Hoechst:DNA; Alexa Fluor 488 phalloidin:actin; mScarlet:fascin; iRFP:nuclear actin chromobody (nAC),3.460236311,-25.0328274,,Yes,compound response across 12 wells,inactive,active,,,,Nuclear actin,actin filament phenotype,CMPO_0000104
1093689004,G23,Homo sapiens,NCBITaxon,9606,HeLa,EFO,EFO_0001185,,,,,SN1074216650,0.00003,238,ALK,,,Pass,Hoechst:DNA; Alexa Fluor 488 phalloidin:actin; mScarlet:fascin; iRFP:nuclear actin chromobody (nAC),-2.78831768,-15.9672279,,Yes,compound response across 12 wells,inactive,active,,,,Nuclear actin,actin filament phenotype,CMPO_0000104
1093689004,G24,Homo sapiens,NCBITaxon,9606,HeLa,EFO,EFO_0001185,,,,,SN1074976353,30,3717,JAK2,,,Pass,Hoechst:DNA; Alexa Fluor 488 phalloidin:actin; mScarlet:fascin; iRFP:nuclear actin chromobody (nAC),258.945282,-41.2092323,,Yes,compound response across 12 wells,inactive,active,,,,Nuclear actin,actin filament phenotype,CMPO_0000104
1093689004,H1,Homo sapiens,NCBITaxon,9606,HeLa,EFO,EFO_0001185,,,,,SN1074976353,10,3717,JAK2,,,Pass,Hoechst:DNA; Alexa Fluor 488 phalloidin:actin; mScarlet:fascin; iRFP:nuclear actin chromobody (nAC),123.9440079,-90.1530533,,Yes,compound response across 12 wells,inactive,active,,,,Nuclear actin,actin filament phenotype,CMPO_0000104
1093689004,H2,Homo sapiens,NCBITaxon,9606,HeLa,EFO,EFO_0001185,DMSO,679,IAZDPXIOMUYVGZ-UHFFFAOYSA-N,CS(=O)C,,,,,Neutral Control,,Pass,Hoechst:DNA; Alexa Fluor 488 phalloidin:actin; mScarlet:fascin; iRFP:nuclear actin chromobody (nAC),-3.879575491,-25.8240585,,,,,,,,,,,
1093689004,H3,Homo sapiens,NCBITaxon,9606,HeLa,EFO,EFO_0001185,,,,,,,,,Stimulator Control,Leptomycin b blocks nuclear export of fascin,Pass,Hoechst:DNA; Alexa Fluor 488 phalloidin:actin; mScarlet:fascin; iRFP:nuclear actin chromobody (nAC),101.7427292,-6.65928364,,,,,,,,,,,
1093689004,H4,Homo sapiens,NCBITaxon,9606,HeLa,EFO,EFO_0001185,DMSO,679,IAZDPXIOMUYVGZ-UHFFFAOYSA-N,CS(=O)C,,,,,Neutral Control,,Pass,Hoechst:DNA; Alexa Fluor 488 phalloidin:actin; mScarlet:fascin; iRFP:nuclear actin chromobody (nAC),-3.054108381,18.56433678,,,,,,,,,,,
1093689004,H5,Homo sapiens,NCBITaxon,9606,HeLa,EFO,EFO_0001185,,,,,SN1074976353,3.125,3717,JAK2,,,Pass,Hoechst:DNA; Alexa Fluor 488 phalloidin:actin; mScarlet:fascin; iRFP:nuclear actin chromobody (nAC),22.24791908,-57.0763512,,Yes,compound response across 12 wells,inactive,active,,,,Nuclear actin,actin filament phenotype,CMPO_0000104
1093689004,H6,Homo sapiens,NCBITaxon,9606,HeLa,EFO,EFO_0001185,,,,,SN1074976353,1.25,3717,JAK2,,,Pass,Hoechst:DNA; Alexa Fluor 488 phalloidin:actin; mScarlet:fascin; iRFP:nuclear actin chromobody (nAC),21.39394569,8.03763485,,Yes,compound response across 12 wells,inactive,active,,,,Nuclear actin,actin filament phenotype,CMPO_0000104
1093689004,H7,Homo sapiens,NCBITaxon,9606,HeLa,EFO,EFO_0001185,,,,,SN1074976353,0.3,3717,JAK2,,,Pass,Hoechst:DNA; Alexa Fluor 488 phalloidin:actin; mScarlet:fascin; iRFP:nuclear actin chromobody (nAC),1.44034493,9.058731079,,Yes,compound response across 12 wells,inactive,active,,,,Nuclear actin,actin filament phenotype,CMPO_0000104
1093689004,H8,Homo sapiens,NCBITaxon,9606,HeLa,EFO,EFO_0001185,,,,,SN1074976353,0.1,3717,JAK2,,,Pass,Hoechst:DNA; Alexa Fluor 488 phalloidin:actin; mScarlet:fascin; iRFP:nuclear actin chromobody (nAC),12.06315899,-1.21104896,,Yes,compound response across 12 wells,inactive,active,,,,Nuclear actin,actin filament phenotype,CMPO_0000104
1093689004,H9,Homo sapiens,NCBITaxon,9606,HeLa,EFO,EFO_0001185,,,,,SN1074976353,0.03,3717,JAK2,,,Pass,Hoechst:DNA; Alexa Fluor 488 phalloidin:actin; mScarlet:fascin; iRFP:nuclear actin chromobody (nAC),4.63825655,-0.8433907,,Yes,compound response across 12 wells,inactive,active,,,,Nuclear actin,actin filament phenotype,CMPO_0000104
1093689004,H10,Homo sapiens,NCBITaxon,9606,HeLa,EFO,EFO_0001185,,,,,SN1074976353,0.0125,3717,JAK2,,,Pass,Hoechst:DNA; Alexa Fluor 488 phalloidin:actin; mScarlet:fascin; iRFP:nuclear actin chromobody (nAC),12.47749615,-7.39885759,,Yes,compound response across 12 wells,inactive,active,,,,Nuclear actin,actin filament phenotype,CMPO_0000104
1093689004,H11,Homo sapiens,NCBITaxon,9606,HeLa,EFO,EFO_0001185,,,,,SN1074976353,0.003,3717,JAK2,,,Pass,Hoechst:DNA; Alexa Fluor 488 phalloidin:actin; mScarlet:fascin; iRFP:nuclear actin chromobody (nAC),4.3215518,-26.1694374,,Yes,compound response across 12 wells,inactive,active,,,,Nuclear actin,actin filament phenotype,CMPO_0000104
1093689004,H12,Homo sapiens,NCBITaxon,9606,HeLa,EFO,EFO_0001185,,,,,SN1074976353,0.001,3717,JAK2,,,Pass,Hoechst:DNA; Alexa Fluor 488 phalloidin:actin; mScarlet:fascin; iRFP:nuclear actin chromobody (nAC),5.30398798,-44.7611122,,Yes,compound response across 12 wells,inactive,active,,,,Nuclear actin,actin filament phenotype,CMPO_0000104
1093689004,H13,Homo sapiens,NCBITaxon,9606,HeLa,EFO,EFO_0001185,,,,,SN1074976353,0.0003,3717,JAK2,,,Pass,Hoechst:DNA; Alexa Fluor 488 phalloidin:actin; mScarlet:fascin; iRFP:nuclear actin chromobody (nAC),15.37276554,3.377140999,,Yes,compound response across 12 wells,inactive,active,,,,Nuclear actin,actin filament phenotype,CMPO_0000104
1093689004,H14,Homo sapiens,NCBITaxon,9606,HeLa,EFO,EFO_0001185,,,,,SN1074976353,0.00003,3717,JAK2,,,Pass,Hoechst:DNA; Alexa Fluor 488 phalloidin:actin; mScarlet:fascin; iRFP:nuclear actin chromobody (nAC),-4.538921356,-8.43482399,,Yes,compound response across 12 wells,inactive,active,,,,Nuclear actin,actin filament phenotype,CMPO_0000104
1093689004,H15,Homo sapiens,NCBITaxon,9606,HeLa,EFO,EFO_0001185,,,,,SN1044800788,30,1111,CHEK1,,,Pass,Hoechst:DNA; Alexa Fluor 488 phalloidin:actin; mScarlet:fascin; iRFP:nuclear actin chromobody (nAC),33.88880539,-20.7524719,,,compound response across 12 wells,inactive,inactive,,,,,,
1093689004,H16,Homo sapiens,NCBITaxon,9606,HeLa,EFO,EFO_0001185,,,,,SN1044800788,10,1111,CHEK1,,,Pass,Hoechst:DNA; Alexa Fluor 488 phalloidin:actin; mScarlet:fascin; iRFP:nuclear actin chromobody (nAC),32.7340889,-23.4092445,,,compound response across 12 wells,inactive,inactive,,,,,,
1093689004,H17,Homo sapiens,NCBITaxon,9606,HeLa,EFO,EFO_0001185,,,,,SN1044800788,3.125,1111,CHEK1,,,Pass,Hoechst:DNA; Alexa Fluor 488 phalloidin:actin; mScarlet:fascin; iRFP:nuclear actin chromobody (nAC),33.15014648,0.830083013,,,compound response across 12 wells,inactive,inactive,,,,,,
1093689004,H18,Homo sapiens,NCBITaxon,9606,HeLa,EFO,EFO_0001185,,,,,SN1044800788,1.25,1111,CHEK1,,,Pass,Hoechst:DNA; Alexa Fluor 488 phalloidin:actin; mScarlet:fascin; iRFP:nuclear actin chromobody (nAC),53.41513062,5.091819286,,,compound response across 12 wells,inactive,inactive,,,,,,
1093689004,H19,Homo sapiens,NCBITaxon,9606,HeLa,EFO,EFO_0001185,,,,,SN1044800788,0.3,1111,CHEK1,,,Pass,Hoechst:DNA; Alexa Fluor 488 phalloidin:actin; mScarlet:fascin; iRFP:nuclear actin chromobody (nAC),15.17295456,25.83547783,,,compound response across 12 wells,inactive,inactive,,,,,,
1093689004,H20,Homo sapiens,NCBITaxon,9606,HeLa,EFO,EFO_0001185,,,,,SN1044800788,0.1,1111,CHEK1,,,Pass,Hoechst:DNA; Alexa Fluor 488 phalloidin:actin; mScarlet:fascin; iRFP:nuclear actin chromobody (nAC),16.1172924,8.907430649,,,compound response across 12 wells,inactive,inactive,,,,,,
1093689004,H21,Homo sapiens,NCBITaxon,9606,HeLa,EFO,EFO_0001185,,,,,SN1044800788,0.03,1111,CHEK1,,,Pass,Hoechst:DNA; Alexa Fluor 488 phalloidin:actin; mScarlet:fascin; iRFP:nuclear actin chromobody (nAC),7.971382141,-12.1338081,,,compound response across 12 wells,inactive,inactive,,,,,,
1093689004,H22,Homo sapiens,NCBITaxon,9606,HeLa,EFO,EFO_0001185,,,,,SN1044800788,0.0125,1111,CHEK1,,,Pass,Hoechst:DNA; Alexa Fluor 488 phalloidin:actin; mScarlet:fascin; iRFP:nuclear actin chromobody (nAC),12.80703259,10.03198528,,,compound response across 12 wells,inactive,inactive,,,,,,
1093689004,H23,Homo sapiens,NCBITaxon,9606,HeLa,EFO,EFO_0001185,,,,,SN1044800788,0.003,1111,CHEK1,,,Pass,Hoechst:DNA; Alexa Fluor 488 phalloidin:actin; mScarlet:fascin; iRFP:nuclear actin chromobody (nAC),3.028993368,-9.83955288,,,compound response across 12 wells,inactive,inactive,,,,,,
1093689004,H24,Homo sapiens,NCBITaxon,9606,HeLa,EFO,EFO_0001185,,,,,SN1044800788,0.001,1111,CHEK1,,,Pass,Hoechst:DNA; Alexa Fluor 488 phalloidin:actin; mScarlet:fascin; iRFP:nuclear actin chromobody (nAC),2.672776222,-18.2022057,,,compound response across 12 wells,inactive,inactive,,,,,,
1093689004,I1,Homo sapiens,NCBITaxon,9606,HeLa,EFO,EFO_0001185,,,,,SN1044800788,0.0003,1111,CHEK1,,,Pass,Hoechst:DNA; Alexa Fluor 488 phalloidin:actin; mScarlet:fascin; iRFP:nuclear actin chromobody (nAC),5.078636646,-23.3311825,,,compound response across 12 wells,inactive,inactive,,,,,,
1093689004,I2,Homo sapiens,NCBITaxon,9606,HeLa,EFO,EFO_0001185,,,,,SN1044800788,0.00003,1111,CHEK1,,,Pass,Hoechst:DNA; Alexa Fluor 488 phalloidin:actin; mScarlet:fascin; iRFP:nuclear actin chromobody (nAC),4.5326581,-9.62874413,,,compound response across 12 wells,inactive,inactive,,,,,,
1093689004,I3,Homo sapiens,NCBITaxon,9606,HeLa,EFO,EFO_0001185,,,,,SN0215698249,30,2050,EPHB4,,,Pass,Hoechst:DNA; Alexa Fluor 488 phalloidin:actin; mScarlet:fascin; iRFP:nuclear actin chromobody (nAC),6.660869598,-4.38696146,,,compound response across 12 wells,inactive,inactive,,,,,,
1093689004,I4,Homo sapiens,NCBITaxon,9606,HeLa,EFO,EFO_0001185,,,,,SN0215698249,10,2050,EPHB4,,,Pass,Hoechst:DNA; Alexa Fluor 488 phalloidin:actin; mScarlet:fascin; iRFP:nuclear actin chromobody (nAC),2.17310524,-15.5841198,,,compound response across 12 wells,inactive,inactive,,,,,,
1093689004,I5,Homo sapiens,NCBITaxon,9606,HeLa,EFO,EFO_0001185,,,,,SN0215698249,3.125,2050,EPHB4,,,Pass,Hoechst:DNA; Alexa Fluor 488 phalloidin:actin; mScarlet:fascin; iRFP:nuclear actin chromobody (nAC),8.66569519,-16.6911907,,,compound response across 12 wells,inactive,inactive,,,,,,
1093689004,I6,Homo sapiens,NCBITaxon,9606,HeLa,EFO,EFO_0001185,,,,,SN0215698249,1.25,2050,EPHB4,,,Pass,Hoechst:DNA; Alexa Fluor 488 phalloidin:actin; mScarlet:fascin; iRFP:nuclear actin chromobody (nAC),7.117835522,-20.6025085,,,compound response across 12 wells,inactive,inactive,,,,,,
1093689004,I7,Homo sapiens,NCBITaxon,9606,HeLa,EFO,EFO_0001185,,,,,SN0215698249,0.3,2050,EPHB4,,,Pass,Hoechst:DNA; Alexa Fluor 488 phalloidin:actin; mScarlet:fascin; iRFP:nuclear actin chromobody (nAC),0.199384898,-11.7179327,,,compound response across 12 wells,inactive,inactive,,,,,,
1093689004,I8,Homo sapiens,NCBITaxon,9606,HeLa,EFO,EFO_0001185,,,,,SN0215698249,0.1,2050,EPHB4,,,Pass,Hoechst:DNA; Alexa Fluor 488 phalloidin:actin; mScarlet:fascin; iRFP:nuclear actin chromobody (nAC),11.03394318,-12.9988947,,,compound response across 12 wells,inactive,inactive,,,,,,
1093689004,I9,Homo sapiens,NCBITaxon,9606,HeLa,EFO,EFO_0001185,,,,,SN0215698249,0.03,2050,EPHB4,,,Pass,Hoechst:DNA; Alexa Fluor 488 phalloidin:actin; mScarlet:fascin; iRFP:nuclear actin chromobody (nAC),4.428503513,-32.4656944,,,compound response across 12 wells,inactive,inactive,,,,,,
1093689004,I10,Homo sapiens,NCBITaxon,9606,HeLa,EFO,EFO_0001185,,,,,SN0215698249,0.0125,2050,EPHB4,,,Pass,Hoechst:DNA; Alexa Fluor 488 phalloidin:actin; mScarlet:fascin; iRFP:nuclear actin chromobody (nAC),8.794934273,-0.66003102,,,compound response across 12 wells,inactive,inactive,,,,,,
1093689004,I11,Homo sapiens,NCBITaxon,9606,HeLa,EFO,EFO_0001185,,,,,SN0215698249,0.003,2050,EPHB4,,,Pass,Hoechst:DNA; Alexa Fluor 488 phalloidin:actin; mScarlet:fascin; iRFP:nuclear actin chromobody (nAC),7.186674118,-16.3058128,,,compound response across 12 wells,inactive,inactive,,,,,,
1093689004,I12,Homo sapiens,NCBITaxon,9606,HeLa,EFO,EFO_0001185,,,,,SN0215698249,0.001,2050,EPHB4,,,Pass,Hoechst:DNA; Alexa Fluor 488 phalloidin:actin; mScarlet:fascin; iRFP:nuclear actin chromobody (nAC),-2.611037493,-5.24248934,,,compound response across 12 wells,inactive,inactive,,,,,,
1093689004,I13,Homo sapiens,NCBITaxon,9606,HeLa,EFO,EFO_0001185,,,,,SN0215698249,0.0003,2050,EPHB4,,,Pass,Hoechst:DNA; Alexa Fluor 488 phalloidin:actin; mScarlet:fascin; iRFP:nuclear actin chromobody (nAC),1.886638761,-21.1726208,,,compound response across 12 wells,inactive,inactive,,,,,,
1093689004,I14,Homo sapiens,NCBITaxon,9606,HeLa,EFO,EFO_0001185,,,,,SN0215698249,0.00003,2050,EPHB4,,,Pass,Hoechst:DNA; Alexa Fluor 488 phalloidin:actin; mScarlet:fascin; iRFP:nuclear actin chromobody (nAC),-3.688187361,-24.470789,,,compound response across 12 wells,inactive,inactive,,,,,,
1093689004,I15,Homo sapiens,NCBITaxon,9606,HeLa,EFO,EFO_0001185,,,,,SN0046345475,30,4306,NR3C2,,,Pass,Hoechst:DNA; Alexa Fluor 488 phalloidin:actin; mScarlet:fascin; iRFP:nuclear actin chromobody (nAC),19.38629341,1.968331337,,,compound response across 12 wells,inactive,inactive,,,,,,
1093689004,I16,Homo sapiens,NCBITaxon,9606,HeLa,EFO,EFO_0001185,,,,,SN0046345475,10,4306,NR3C2,,,Pass,Hoechst:DNA; Alexa Fluor 488 phalloidin:actin; mScarlet:fascin; iRFP:nuclear actin chromobody (nAC),41.86505127,-10.0618534,,,compound response across 12 wells,inactive,inactive,,,,,,
1093689004,I17,Homo sapiens,NCBITaxon,9606,HeLa,EFO,EFO_0001185,DMSO,679,IAZDPXIOMUYVGZ-UHFFFAOYSA-N,CS(=O)C,,,,,Neutral Control,,Pass,Hoechst:DNA; Alexa Fluor 488 phalloidin:actin; mScarlet:fascin; iRFP:nuclear actin chromobody (nAC),-3.947197676,1.215543747,,,,,,,,,,,
1093689004,I18,Homo sapiens,NCBITaxon,9606,HeLa,EFO,EFO_0001185,,,,,,,,,Stimulator Control,Leptomycin b blocks nuclear export of fascin,Pass,Hoechst:DNA; Alexa Fluor 488 phalloidin:actin; mScarlet:fascin; iRFP:nuclear actin chromobody (nAC),90.97600555,-9.04573822,,,,,,,,,,,
1093689004,I19,Homo sapiens,NCBITaxon,9606,HeLa,EFO,EFO_0001185,DMSO,679,IAZDPXIOMUYVGZ-UHFFFAOYSA-N,CS(=O)C,,,,,Neutral Control,,Pass,Hoechst:DNA; Alexa Fluor 488 phalloidin:actin; mScarlet:fascin; iRFP:nuclear actin chromobody (nAC),-5.886392593,-13.4705019,,,,,,,,,,,
1093689004,I20,Homo sapiens,NCBITaxon,9606,HeLa,EFO,EFO_0001185,,,,,SN0046345475,3.125,4306,NR3C2,,,Pass,Hoechst:DNA; Alexa Fluor 488 phalloidin:actin; mScarlet:fascin; iRFP:nuclear actin chromobody (nAC),25.88450813,1.498396754,,,compound response across 12 wells,inactive,inactive,,,,,,
1093689004,I21,Homo sapiens,NCBITaxon,9606,HeLa,EFO,EFO_0001185,,,,,SN0046345475,1.25,4306,NR3C2,,,Pass,Hoechst:DNA; Alexa Fluor 488 phalloidin:actin; mScarlet:fascin; iRFP:nuclear actin chromobody (nAC),0.413638145,-37.3440056,,,compound response across 12 wells,inactive,inactive,,,,,,
1093689004,I22,Homo sapiens,NCBITaxon,9606,HeLa,EFO,EFO_0001185,,,,,SN0046345475,0.3,4306,NR3C2,,,Pass,Hoechst:DNA; Alexa Fluor 488 phalloidin:actin; mScarlet:fascin; iRFP:nuclear actin chromobody (nAC),1.436377048,-27.1033306,,,compound response across 12 wells,inactive,inactive,,,,,,
1093689004,I23,Homo sapiens,NCBITaxon,9606,HeLa,EFO,EFO_0001185,,,,,SN0046345475,0.1,4306,NR3C2,,,Pass,Hoechst:DNA; Alexa Fluor 488 phalloidin:actin; mScarlet:fascin; iRFP:nuclear actin chromobody (nAC),12.92812252,-13.1026344,,,compound response across 12 wells,inactive,inactive,,,,,,
1093689004,I24,Homo sapiens,NCBITaxon,9606,HeLa,EFO,EFO_0001185,,,,,SN0046345475,0.03,4306,NR3C2,,,Pass,Hoechst:DNA; Alexa Fluor 488 phalloidin:actin; mScarlet:fascin; iRFP:nuclear actin chromobody (nAC),3.716616631,-20.243145,,,compound response across 12 wells,inactive,inactive,,,,,,
1093689004,J1,Homo sapiens,NCBITaxon,9606,HeLa,EFO,EFO_0001185,,,,,SN0046345475,0.0125,4306,NR3C2,,,Pass,Hoechst:DNA; Alexa Fluor 488 phalloidin:actin; mScarlet:fascin; iRFP:nuclear actin chromobody (nAC),6.940357685,-38.8948822,,,compound response across 12 wells,inactive,inactive,,,,,,
1093689004,J2,Homo sapiens,NCBITaxon,9606,HeLa,EFO,EFO_0001185,,,,,SN0046345475,0.003,4306,NR3C2,,,Pass,Hoechst:DNA; Alexa Fluor 488 phalloidin:actin; mScarlet:fascin; iRFP:nuclear actin chromobody (nAC),7.210983276,-27.8752575,,,compound response across 12 wells,inactive,inactive,,,,,,
1093689004,J3,Homo sapiens,NCBITaxon,9606,HeLa,EFO,EFO_0001185,,,,,SN0046345475,0.001,4306,NR3C2,,,Pass,Hoechst:DNA; Alexa Fluor 488 phalloidin:actin; mScarlet:fascin; iRFP:nuclear actin chromobody (nAC),-0.254555911,-8.80387402,,,compound response across 12 wells,inactive,inactive,,,,,,
1093689004,J4,Homo sapiens,NCBITaxon,9606,HeLa,EFO,EFO_0001185,,,,,SN0046345475,0.0003,4306,NR3C2,,,Pass,Hoechst:DNA; Alexa Fluor 488 phalloidin:actin; mScarlet:fascin; iRFP:nuclear actin chromobody (nAC),10.68102551,-12.1129522,,,compound response across 12 wells,inactive,inactive,,,,,,
1093689004,J5,Homo sapiens,NCBITaxon,9606,HeLa,EFO,EFO_0001185,,,,,SN0046345475,0.00003,4306,NR3C2,,,Pass,Hoechst:DNA; Alexa Fluor 488 phalloidin:actin; mScarlet:fascin; iRFP:nuclear actin chromobody (nAC),18.83304787,-9.56239319,,,compound response across 12 wells,inactive,inactive,,,,,,
1093689004,J6,Homo sapiens,NCBITaxon,9606,HeLa,EFO,EFO_0001185,DMSO,679,IAZDPXIOMUYVGZ-UHFFFAOYSA-N,CS(=O)C,,,,,Neutral Control,,Pass,Hoechst:DNA; Alexa Fluor 488 phalloidin:actin; mScarlet:fascin; iRFP:nuclear actin chromobody (nAC),-1.352670312,5.725289822,,,,,,,,,,,
1093689004,J7,Homo sapiens,NCBITaxon,9606,HeLa,EFO,EFO_0001185,,,,,,,,,Stimulator Control,Leptomycin b blocks nuclear export of fascin,Pass,Hoechst:DNA; Alexa Fluor 488 phalloidin:actin; mScarlet:fascin; iRFP:nuclear actin chromobody (nAC),90.28801727,8.065320969,,,,,,,,,,,
1093689004,J8,Homo sapiens,NCBITaxon,9606,HeLa,EFO,EFO_0001185,DMSO,679,IAZDPXIOMUYVGZ-UHFFFAOYSA-N,CS(=O)C,,,,,Neutral Control,,Pass,Hoechst:DNA; Alexa Fluor 488 phalloidin:actin; mScarlet:fascin; iRFP:nuclear actin chromobody (nAC),-1.634287238,-24.1330376,,,,,,,,,,,
1093689004,J9,Homo sapiens,NCBITaxon,9606,HeLa,EFO,EFO_0001185,,,,,SN1053898371,30,1196,CLK2,,,Pass,Hoechst:DNA; Alexa Fluor 488 phalloidin:actin; mScarlet:fascin; iRFP:nuclear actin chromobody (nAC),181.0654449,-137.604004,Yes,Yes,compound response across 12 wells,active,inactive,Nuclear fascin,regulation of protein localization to nucleus,GO_1900180,,,
1093689004,J10,Homo sapiens,NCBITaxon,9606,HeLa,EFO,EFO_0001185,,,,,SN1053898371,10,1196,CLK2,,,Pass,Hoechst:DNA; Alexa Fluor 488 phalloidin:actin; mScarlet:fascin; iRFP:nuclear actin chromobody (nAC),62.94706726,-205.901184,Yes,Yes,compound response across 12 wells,active,inactive,Nuclear fascin,regulation of protein localization to nucleus,GO_1900180,,,
1093689004,J11,Homo sapiens,NCBITaxon,9606,HeLa,EFO,EFO_0001185,,,,,SN1053898371,3.125,1196,CLK2,,,Pass,Hoechst:DNA; Alexa Fluor 488 phalloidin:actin; mScarlet:fascin; iRFP:nuclear actin chromobody (nAC),8.534737587,-13.8228149,Yes,Yes,compound response across 12 wells,active,inactive,Nuclear fascin,regulation of protein localization to nucleus,GO_1900180,,,
1093689004,J12,Homo sapiens,NCBITaxon,9606,HeLa,EFO,EFO_0001185,,,,,SN1053898371,1.25,1196,CLK2,,,Pass,Hoechst:DNA; Alexa Fluor 488 phalloidin:actin; mScarlet:fascin; iRFP:nuclear actin chromobody (nAC),13.03255081,-14.2693586,Yes,Yes,compound response across 12 wells,active,inactive,Nuclear fascin,regulation of protein localization to nucleus,GO_1900180,,,
1093689004,J13,Homo sapiens,NCBITaxon,9606,HeLa,EFO,EFO_0001185,,,,,SN1053898371,0.3,1196,CLK2,,,Pass,Hoechst:DNA; Alexa Fluor 488 phalloidin:actin; mScarlet:fascin; iRFP:nuclear actin chromobody (nAC),5.038668633,-9.51883125,Yes,Yes,compound response across 12 wells,active,inactive,Nuclear fascin,regulation of protein localization to nucleus,GO_1900180,,,
1093689004,J14,Homo sapiens,NCBITaxon,9606,HeLa,EFO,EFO_0001185,,,,,SN1053898371,0.1,1196,CLK2,,,Pass,Hoechst:DNA; Alexa Fluor 488 phalloidin:actin; mScarlet:fascin; iRFP:nuclear actin chromobody (nAC),10.61503029,-8.46343327,Yes,Yes,compound response across 12 wells,active,inactive,Nuclear fascin,regulation of protein localization to nucleus,GO_1900180,,,
1093689004,J15,Homo sapiens,NCBITaxon,9606,HeLa,EFO,EFO_0001185,,,,,SN1053898371,0.03,1196,CLK2,,,Pass,Hoechst:DNA; Alexa Fluor 488 phalloidin:actin; mScarlet:fascin; iRFP:nuclear actin chromobody (nAC),3.930778503,-24.5259132,Yes,Yes,compound response across 12 wells,active,inactive,Nuclear fascin,regulation of protein localization to nucleus,GO_1900180,,,
1093689004,J16,Homo sapiens,NCBITaxon,9606,HeLa,EFO,EFO_0001185,,,,,SN1053898371,0.0125,1196,CLK2,,,Pass,Hoechst:DNA; Alexa Fluor 488 phalloidin:actin; mScarlet:fascin; iRFP:nuclear actin chromobody (nAC),3.676891565,-18.2800751,Yes,Yes,compound response across 12 wells,active,inactive,Nuclear fascin,regulation of protein localization to nucleus,GO_1900180,,,
1093689004,J17,Homo sapiens,NCBITaxon,9606,HeLa,EFO,EFO_0001185,,,,,SN1053898371,0.003,1196,CLK2,,,Pass,Hoechst:DNA; Alexa Fluor 488 phalloidin:actin; mScarlet:fascin; iRFP:nuclear actin chromobody (nAC),7.35650444,5.898610592,Yes,Yes,compound response across 12 wells,active,inactive,Nuclear fascin,regulation of protein localization to nucleus,GO_1900180,,,
1093689004,J18,Homo sapiens,NCBITaxon,9606,HeLa,EFO,EFO_0001185,,,,,SN1053898371,0.001,1196,CLK2,,,Pass,Hoechst:DNA; Alexa Fluor 488 phalloidin:actin; mScarlet:fascin; iRFP:nuclear actin chromobody (nAC),17.96124268,-21.5024776,Yes,Yes,compound response across 12 wells,active,inactive,Nuclear fascin,regulation of protein localization to nucleus,GO_1900180,,,
1093689004,J19,Homo sapiens,NCBITaxon,9606,HeLa,EFO,EFO_0001185,,,,,SN1053898371,0.0003,1196,CLK2,,,Pass,Hoechst:DNA; Alexa Fluor 488 phalloidin:actin; mScarlet:fascin; iRFP:nuclear actin chromobody (nAC),-0.341774434,-7.46826744,Yes,Yes,compound response across 12 wells,active,inactive,Nuclear fascin,regulation of protein localization to nucleus,GO_1900180,,,
1093689004,J20,Homo sapiens,NCBITaxon,9606,HeLa,EFO,EFO_0001185,,,,,SN1053898371,0.00003,1196,CLK2,,,Pass,Hoechst:DNA; Alexa Fluor 488 phalloidin:actin; mScarlet:fascin; iRFP:nuclear actin chromobody (nAC),3.091552973,-28.0956573,Yes,Yes,compound response across 12 wells,active,inactive,Nuclear fascin,regulation of protein localization to nucleus,GO_1900180,,,
1093689004,J21,Homo sapiens,NCBITaxon,9606,HeLa,EFO,EFO_0001185,,,,,SN1030055446,30,5602,MAPK10,,,Pass,Hoechst:DNA; Alexa Fluor 488 phalloidin:actin; mScarlet:fascin; iRFP:nuclear actin chromobody (nAC),-28.31277657,-53.9250069,,Yes,compound response across 12 wells,inactive,active,,,,Nuclear actin,actin filament phenotype,CMPO_0000104
1093689004,J22,Homo sapiens,NCBITaxon,9606,HeLa,EFO,EFO_0001185,,,,,SN1030055446,10,5602,MAPK10,,,Pass,Hoechst:DNA; Alexa Fluor 488 phalloidin:actin; mScarlet:fascin; iRFP:nuclear actin chromobody (nAC),23.27438164,-134.826385,,Yes,compound response across 12 wells,inactive,active,,,,Nuclear actin,actin filament phenotype,CMPO_0000104
1093689004,J23,Homo sapiens,NCBITaxon,9606,HeLa,EFO,EFO_0001185,,,,,SN1030055446,3.125,5602,MAPK10,,,Pass,Hoechst:DNA; Alexa Fluor 488 phalloidin:actin; mScarlet:fascin; iRFP:nuclear actin chromobody (nAC),40.30245972,11.79203129,,Yes,compound response across 12 wells,inactive,active,,,,Nuclear actin,actin filament phenotype,CMPO_0000104
1093689004,J24,Homo sapiens,NCBITaxon,9606,HeLa,EFO,EFO_0001185,,,,,SN1030055446,1.25,5602,MAPK10,,,Pass,Hoechst:DNA; Alexa Fluor 488 phalloidin:actin; mScarlet:fascin; iRFP:nuclear actin chromobody (nAC),5.941016197,-68.0695419,,Yes,compound response across 12 wells,inactive,active,,,,Nuclear actin,actin filament phenotype,CMPO_0000104
1093689004,K1,Homo sapiens,NCBITaxon,9606,HeLa,EFO,EFO_0001185,,,,,SN1030055446,0.3,5602,MAPK10,,,Pass,Hoechst:DNA; Alexa Fluor 488 phalloidin:actin; mScarlet:fascin; iRFP:nuclear actin chromobody (nAC),13.31027603,-34.815136,,Yes,compound response across 12 wells,inactive,active,,,,Nuclear actin,actin filament phenotype,CMPO_0000104
1093689004,K2,Homo sapiens,NCBITaxon,9606,HeLa,EFO,EFO_0001185,,,,,SN1030055446,0.1,5602,MAPK10,,,Pass,Hoechst:DNA; Alexa Fluor 488 phalloidin:actin; mScarlet:fascin; iRFP:nuclear actin chromobody (nAC),23.10322952,-7.33030319,,Yes,compound response across 12 wells,inactive,active,,,,Nuclear actin,actin filament phenotype,CMPO_0000104
1093689004,K3,Homo sapiens,NCBITaxon,9606,HeLa,EFO,EFO_0001185,,,,,SN1030055446,0.03,5602,MAPK10,,,Pass,Hoechst:DNA; Alexa Fluor 488 phalloidin:actin; mScarlet:fascin; iRFP:nuclear actin chromobody (nAC),3.39868021,-32.3595924,,Yes,compound response across 12 wells,inactive,active,,,,Nuclear actin,actin filament phenotype,CMPO_0000104
1093689004,K4,Homo sapiens,NCBITaxon,9606,HeLa,EFO,EFO_0001185,,,,,SN1030055446,0.0125,5602,MAPK10,,,Pass,Hoechst:DNA; Alexa Fluor 488 phalloidin:actin; mScarlet:fascin; iRFP:nuclear actin chromobody (nAC),21.05762863,-11.0805635,,Yes,compound response across 12 wells,inactive,active,,,,Nuclear actin,actin filament phenotype,CMPO_0000104
1093689004,K5,Homo sapiens,NCBITaxon,9606,HeLa,EFO,EFO_0001185,,,,,SN1030055446,0.003,5602,MAPK10,,,Pass,Hoechst:DNA; Alexa Fluor 488 phalloidin:actin; mScarlet:fascin; iRFP:nuclear actin chromobody (nAC),2.549162149,4.213198662,,Yes,compound response across 12 wells,inactive,active,,,,Nuclear actin,actin filament phenotype,CMPO_0000104
1093689004,K6,Homo sapiens,NCBITaxon,9606,HeLa,EFO,EFO_0001185,,,,,SN1030055446,0.001,5602,MAPK10,,,Pass,Hoechst:DNA; Alexa Fluor 488 phalloidin:actin; mScarlet:fascin; iRFP:nuclear actin chromobody (nAC),17.82514572,-19.1738644,,Yes,compound response across 12 wells,inactive,active,,,,Nuclear actin,actin filament phenotype,CMPO_0000104
1093689004,K7,Homo sapiens,NCBITaxon,9606,HeLa,EFO,EFO_0001185,,,,,SN1030055446,0.0003,5602,MAPK10,,,Pass,Hoechst:DNA; Alexa Fluor 488 phalloidin:actin; mScarlet:fascin; iRFP:nuclear actin chromobody (nAC),-4.154290199,-33.9778023,,Yes,compound response across 12 wells,inactive,active,,,,Nuclear actin,actin filament phenotype,CMPO_0000104
1093689004,K8,Homo sapiens,NCBITaxon,9606,HeLa,EFO,EFO_0001185,,,,,SN1030055446,0.00003,5602,MAPK10,,,Pass,Hoechst:DNA; Alexa Fluor 488 phalloidin:actin; mScarlet:fascin; iRFP:nuclear actin chromobody (nAC),10.10856342,7.388647556,,Yes,compound response across 12 wells,inactive,active,,,,Nuclear actin,actin filament phenotype,CMPO_0000104
1093689004,K9,Homo sapiens,NCBITaxon,9606,HeLa,EFO,EFO_0001185,,,,,SN1070008356,30,5127,CDK16,,,Pass,Hoechst:DNA; Alexa Fluor 488 phalloidin:actin; mScarlet:fascin; iRFP:nuclear actin chromobody (nAC),62.17806244,158.8469849,Yes,Yes,compound response across 12 wells,active,inactive,Nuclear fascin,regulation of protein localization to nucleus,GO_1900180,,,
1093689004,K10,Homo sapiens,NCBITaxon,9606,HeLa,EFO,EFO_0001185,,,,,SN1070008356,10,5127,CDK16,,,Pass,Hoechst:DNA; Alexa Fluor 488 phalloidin:actin; mScarlet:fascin; iRFP:nuclear actin chromobody (nAC),89.76972198,5.70641613,Yes,Yes,compound response across 12 wells,active,inactive,Nuclear fascin,regulation of protein localization to nucleus,GO_1900180,,,
1093689004,K11,Homo sapiens,NCBITaxon,9606,HeLa,EFO,EFO_0001185,,,,,SN1070008356,3.125,5127,CDK16,,,Pass,Hoechst:DNA; Alexa Fluor 488 phalloidin:actin; mScarlet:fascin; iRFP:nuclear actin chromobody (nAC),52.05919266,83.06352997,Yes,Yes,compound response across 12 wells,active,inactive,Nuclear fascin,regulation of protein localization to nucleus,GO_1900180,,,
1093689004,K12,Homo sapiens,NCBITaxon,9606,HeLa,EFO,EFO_0001185,,,,,SN1070008356,1.25,5127,CDK16,,,Pass,Hoechst:DNA; Alexa Fluor 488 phalloidin:actin; mScarlet:fascin; iRFP:nuclear actin chromobody (nAC),63.30352783,71.9544754,Yes,Yes,compound response across 12 wells,active,inactive,Nuclear fascin,regulation of protein localization to nucleus,GO_1900180,,,
1093689004,K13,Homo sapiens,NCBITaxon,9606,HeLa,EFO,EFO_0001185,,,,,SN1070008356,0.3,5127,CDK16,,,Pass,Hoechst:DNA; Alexa Fluor 488 phalloidin:actin; mScarlet:fascin; iRFP:nuclear actin chromobody (nAC),4.348703861,-60.4546547,Yes,Yes,compound response across 12 wells,active,inactive,Nuclear fascin,regulation of protein localization to nucleus,GO_1900180,,,
1093689004,K14,Homo sapiens,NCBITaxon,9606,HeLa,EFO,EFO_0001185,,,,,SN1070008356,0.1,5127,CDK16,,,Pass,Hoechst:DNA; Alexa Fluor 488 phalloidin:actin; mScarlet:fascin; iRFP:nuclear actin chromobody (nAC),9.648693085,8.706875801,Yes,Yes,compound response across 12 wells,active,inactive,Nuclear fascin,regulation of protein localization to nucleus,GO_1900180,,,
1093689004,K15,Homo sapiens,NCBITaxon,9606,HeLa,EFO,EFO_0001185,,,,,SN1070008356,0.03,5127,CDK16,,,Pass,Hoechst:DNA; Alexa Fluor 488 phalloidin:actin; mScarlet:fascin; iRFP:nuclear actin chromobody (nAC),5.046345711,-8.94384766,Yes,Yes,compound response across 12 wells,active,inactive,Nuclear fascin,regulation of protein localization to nucleus,GO_1900180,,,
1093689004,K16,Homo sapiens,NCBITaxon,9606,HeLa,EFO,EFO_0001185,,,,,SN1070008356,0.0125,5127,CDK16,,,Pass,Hoechst:DNA; Alexa Fluor 488 phalloidin:actin; mScarlet:fascin; iRFP:nuclear actin chromobody (nAC),11.41880226,2.41174984,Yes,Yes,compound response across 12 wells,active,inactive,Nuclear fascin,regulation of protein localization to nucleus,GO_1900180,,,
1093689004,K17,Homo sapiens,NCBITaxon,9606,HeLa,EFO,EFO_0001185,,,,,SN1070008356,0.003,5127,CDK16,,,Pass,Hoechst:DNA; Alexa Fluor 488 phalloidin:actin; mScarlet:fascin; iRFP:nuclear actin chromobody (nAC),3.987880468,-13.177886,Yes,Yes,compound response across 12 wells,active,inactive,Nuclear fascin,regulation of protein localization to nucleus,GO_1900180,,,
1093689004,K18,Homo sapiens,NCBITaxon,9606,HeLa,EFO,EFO_0001185,,,,,SN1070008356,0.001,5127,CDK16,,,Pass,Hoechst:DNA; Alexa Fluor 488 phalloidin:actin; mScarlet:fascin; iRFP:nuclear actin chromobody (nAC),13.86235046,13.84391975,Yes,Yes,compound response across 12 wells,active,inactive,Nuclear fascin,regulation of protein localization to nucleus,GO_1900180,,,
1093689004,K19,Homo sapiens,NCBITaxon,9606,HeLa,EFO,EFO_0001185,,,,,SN1070008356,0.0003,5127,CDK16,,,Pass,Hoechst:DNA; Alexa Fluor 488 phalloidin:actin; mScarlet:fascin; iRFP:nuclear actin chromobody (nAC),4.088599205,-32.484993,Yes,Yes,compound response across 12 wells,active,inactive,Nuclear fascin,regulation of protein localization to nucleus,GO_1900180,,,
1093689004,K20,Homo sapiens,NCBITaxon,9606,HeLa,EFO,EFO_0001185,,,,,SN1070008356,0.00003,5127,CDK16,,,Pass,Hoechst:DNA; Alexa Fluor 488 phalloidin:actin; mScarlet:fascin; iRFP:nuclear actin chromobody (nAC),6.090885639,-18.4326115,Yes,Yes,compound response across 12 wells,active,inactive,Nuclear fascin,regulation of protein localization to nucleus,GO_1900180,,,
1093689004,K21,Homo sapiens,NCBITaxon,9606,HeLa,EFO,EFO_0001185,DMSO,679,IAZDPXIOMUYVGZ-UHFFFAOYSA-N,CS(=O)C,,,,,Neutral Control,,Pass,Hoechst:DNA; Alexa Fluor 488 phalloidin:actin; mScarlet:fascin; iRFP:nuclear actin chromobody (nAC),0.351397812,17.81647491,,,,,,,,,,,
1093689004,K22,Homo sapiens,NCBITaxon,9606,HeLa,EFO,EFO_0001185,,,,,,,,,Stimulator Control,Leptomycin b blocks nuclear export of fascin,Pass,Hoechst:DNA; Alexa Fluor 488 phalloidin:actin; mScarlet:fascin; iRFP:nuclear actin chromobody (nAC),104.4656143,-18.4504032,,,,,,,,,,,
1093689004,K23,Homo sapiens,NCBITaxon,9606,HeLa,EFO,EFO_0001185,DMSO,679,IAZDPXIOMUYVGZ-UHFFFAOYSA-N,CS(=O)C,,,,,Neutral Control,,Pass,Hoechst:DNA; Alexa Fluor 488 phalloidin:actin; mScarlet:fascin; iRFP:nuclear actin chromobody (nAC),4.833734512,0.229213476,,,,,,,,,,,
1093689004,K24,Homo sapiens,NCBITaxon,9606,HeLa,EFO,EFO_0001185,,,,,SN1056244289,30,2932,GSK3B,,,Pass,Hoechst:DNA; Alexa Fluor 488 phalloidin:actin; mScarlet:fascin; iRFP:nuclear actin chromobody (nAC),22.33326721,-72.3651733,,Yes,compound response across 12 wells,inactive,active,,,,Nuclear actin,actin filament phenotype,CMPO_0000104
1093689004,L1,Homo sapiens,NCBITaxon,9606,HeLa,EFO,EFO_0001185,,,,,SN1056244289,10,2932,GSK3B,,,Pass,Hoechst:DNA; Alexa Fluor 488 phalloidin:actin; mScarlet:fascin; iRFP:nuclear actin chromobody (nAC),42.59499741,-108.945045,,Yes,compound response across 12 wells,inactive,active,,,,Nuclear actin,actin filament phenotype,CMPO_0000104
1093689004,L2,Homo sapiens,NCBITaxon,9606,HeLa,EFO,EFO_0001185,,,,,SN1056244289,3.125,2932,GSK3B,,,Pass,Hoechst:DNA; Alexa Fluor 488 phalloidin:actin; mScarlet:fascin; iRFP:nuclear actin chromobody (nAC),44.70296097,-73.7072601,,Yes,compound response across 12 wells,inactive,active,,,,Nuclear actin,actin filament phenotype,CMPO_0000104
1093689004,L3,Homo sapiens,NCBITaxon,9606,HeLa,EFO,EFO_0001185,,,,,SN1056244289,1.25,2932,GSK3B,,,Pass,Hoechst:DNA; Alexa Fluor 488 phalloidin:actin; mScarlet:fascin; iRFP:nuclear actin chromobody (nAC),36.05228424,-77.4545517,,Yes,compound response across 12 wells,inactive,active,,,,Nuclear actin,actin filament phenotype,CMPO_0000104
1093689004,L4,Homo sapiens,NCBITaxon,9606,HeLa,EFO,EFO_0001185,,,,,SN1056244289,0.3,2932,GSK3B,,,Pass,Hoechst:DNA; Alexa Fluor 488 phalloidin:actin; mScarlet:fascin; iRFP:nuclear actin chromobody (nAC),32.24452972,-52.6794739,,Yes,compound response across 12 wells,inactive,active,,,,Nuclear actin,actin filament phenotype,CMPO_0000104
1093689004,L5,Homo sapiens,NCBITaxon,9606,HeLa,EFO,EFO_0001185,,,,,SN1056244289,0.1,2932,GSK3B,,,Pass,Hoechst:DNA; Alexa Fluor 488 phalloidin:actin; mScarlet:fascin; iRFP:nuclear actin chromobody (nAC),12.24192905,-42.0172882,,Yes,compound response across 12 wells,inactive,active,,,,Nuclear actin,actin filament phenotype,CMPO_0000104
1093689004,L6,Homo sapiens,NCBITaxon,9606,HeLa,EFO,EFO_0001185,,,,,SN1056244289,0.03,2932,GSK3B,,,Pass,Hoechst:DNA; Alexa Fluor 488 phalloidin:actin; mScarlet:fascin; iRFP:nuclear actin chromobody (nAC),14.54136944,-25.9191456,,Yes,compound response across 12 wells,inactive,active,,,,Nuclear actin,actin filament phenotype,CMPO_0000104
1093689004,L7,Homo sapiens,NCBITaxon,9606,HeLa,EFO,EFO_0001185,,,,,SN1056244289,0.0125,2932,GSK3B,,,Pass,Hoechst:DNA; Alexa Fluor 488 phalloidin:actin; mScarlet:fascin; iRFP:nuclear actin chromobody (nAC),13.6951046,2.921762228,,Yes,compound response across 12 wells,inactive,active,,,,Nuclear actin,actin filament phenotype,CMPO_0000104
1093689004,L8,Homo sapiens,NCBITaxon,9606,HeLa,EFO,EFO_0001185,,,,,SN1056244289,0.003,2932,GSK3B,,,Pass,Hoechst:DNA; Alexa Fluor 488 phalloidin:actin; mScarlet:fascin; iRFP:nuclear actin chromobody (nAC),15.19145679,-22.2960606,,Yes,compound response across 12 wells,inactive,active,,,,Nuclear actin,actin filament phenotype,CMPO_0000104
1093689004,L9,Homo sapiens,NCBITaxon,9606,HeLa,EFO,EFO_0001185,,,,,SN1056244289,0.001,2932,GSK3B,,,Pass,Hoechst:DNA; Alexa Fluor 488 phalloidin:actin; mScarlet:fascin; iRFP:nuclear actin chromobody (nAC),14.22505951,-15.0571775,,Yes,compound response across 12 wells,inactive,active,,,,Nuclear actin,actin filament phenotype,CMPO_0000104
1093689004,L10,Homo sapiens,NCBITaxon,9606,HeLa,EFO,EFO_0001185,,,,,SN1056244289,0.0003,2932,GSK3B,,,Pass,Hoechst:DNA; Alexa Fluor 488 phalloidin:actin; mScarlet:fascin; iRFP:nuclear actin chromobody (nAC),12.89265442,5.576386452,,Yes,compound response across 12 wells,inactive,active,,,,Nuclear actin,actin filament phenotype,CMPO_0000104
1093689004,L11,Homo sapiens,NCBITaxon,9606,HeLa,EFO,EFO_0001185,,,,,SN1056244289,0.00003,2932,GSK3B,,,Pass,Hoechst:DNA; Alexa Fluor 488 phalloidin:actin; mScarlet:fascin; iRFP:nuclear actin chromobody (nAC),8.718752861,-19.8847351,,Yes,compound response across 12 wells,inactive,active,,,,Nuclear actin,actin filament phenotype,CMPO_0000104
1093689004,L12,Homo sapiens,NCBITaxon,9606,HeLa,EFO,EFO_0001185,,,,,SN1065787583,30,898,CCNE1,,,Pass,Hoechst:DNA; Alexa Fluor 488 phalloidin:actin; mScarlet:fascin; iRFP:nuclear actin chromobody (nAC),78.23823547,-12.1247463,,Yes,compound response across 12 wells,active,inactive,Nuclear fascin,regulation of protein localization to nucleus,GO_1900180,,,
1093689004,L13,Homo sapiens,NCBITaxon,9606,HeLa,EFO,EFO_0001185,,,,,SN1065787583,10,898,CCNE1,,,Pass,Hoechst:DNA; Alexa Fluor 488 phalloidin:actin; mScarlet:fascin; iRFP:nuclear actin chromobody (nAC),101.2199936,3.847075701,,Yes,compound response across 12 wells,active,inactive,Nuclear fascin,regulation of protein localization to nucleus,GO_1900180,,,
1093689004,L14,Homo sapiens,NCBITaxon,9606,HeLa,EFO,EFO_0001185,,,,,SN1065787583,3.125,898,CCNE1,,,Pass,Hoechst:DNA; Alexa Fluor 488 phalloidin:actin; mScarlet:fascin; iRFP:nuclear actin chromobody (nAC),116.9520798,57.91101837,,Yes,compound response across 12 wells,active,inactive,Nuclear fascin,regulation of protein localization to nucleus,GO_1900180,,,
1093689004,L15,Homo sapiens,NCBITaxon,9606,HeLa,EFO,EFO_0001185,,,,,SN1065787583,1.25,898,CCNE1,,,Pass,Hoechst:DNA; Alexa Fluor 488 phalloidin:actin; mScarlet:fascin; iRFP:nuclear actin chromobody (nAC),-7.178859711,-165.096237,,Yes,compound response across 12 wells,active,inactive,Nuclear fascin,regulation of protein localization to nucleus,GO_1900180,,,
1093689004,L16,Homo sapiens,NCBITaxon,9606,HeLa,EFO,EFO_0001185,,,,,SN1065787583,0.3,898,CCNE1,,,Pass,Hoechst:DNA; Alexa Fluor 488 phalloidin:actin; mScarlet:fascin; iRFP:nuclear actin chromobody (nAC),2.691460371,-27.1366005,,Yes,compound response across 12 wells,active,inactive,Nuclear fascin,regulation of protein localization to nucleus,GO_1900180,,,
1093689004,L17,Homo sapiens,NCBITaxon,9606,HeLa,EFO,EFO_0001185,,,,,SN1065787583,0.1,898,CCNE1,,,Pass,Hoechst:DNA; Alexa Fluor 488 phalloidin:actin; mScarlet:fascin; iRFP:nuclear actin chromobody (nAC),4.609416962,18.08313751,,Yes,compound response across 12 wells,active,inactive,Nuclear fascin,regulation of protein localization to nucleus,GO_1900180,,,
1093689004,L18,Homo sapiens,NCBITaxon,9606,HeLa,EFO,EFO_0001185,,,,,SN1065787583,0.03,898,CCNE1,,,Pass,Hoechst:DNA; Alexa Fluor 488 phalloidin:actin; mScarlet:fascin; iRFP:nuclear actin chromobody (nAC),13.59669685,-15.5794754,,Yes,compound response across 12 wells,active,inactive,Nuclear fascin,regulation of protein localization to nucleus,GO_1900180,,,
1093689004,L19,Homo sapiens,NCBITaxon,9606,HeLa,EFO,EFO_0001185,,,,,SN1065787583,0.0125,898,CCNE1,,,Pass,Hoechst:DNA; Alexa Fluor 488 phalloidin:actin; mScarlet:fascin; iRFP:nuclear actin chromobody (nAC),7.368895054,-44.644722,,Yes,compound response across 12 wells,active,inactive,Nuclear fascin,regulation of protein localization to nucleus,GO_1900180,,,
1093689004,L20,Homo sapiens,NCBITaxon,9606,HeLa,EFO,EFO_0001185,,,,,SN1065787583,0.003,898,CCNE1,,,Pass,Hoechst:DNA; Alexa Fluor 488 phalloidin:actin; mScarlet:fascin; iRFP:nuclear actin chromobody (nAC),6.911472797,-0.28117442,,Yes,compound response across 12 wells,active,inactive,Nuclear fascin,regulation of protein localization to nucleus,GO_1900180,,,
1093689004,L21,Homo sapiens,NCBITaxon,9606,HeLa,EFO,EFO_0001185,,,,,SN1065787583,0.001,898,CCNE1,,,Pass,Hoechst:DNA; Alexa Fluor 488 phalloidin:actin; mScarlet:fascin; iRFP:nuclear actin chromobody (nAC),5.61522007,-17.7663021,,Yes,compound response across 12 wells,active,inactive,Nuclear fascin,regulation of protein localization to nucleus,GO_1900180,,,
1093689004,L22,Homo sapiens,NCBITaxon,9606,HeLa,EFO,EFO_0001185,,,,,SN1065787583,0.0003,898,CCNE1,,,Pass,Hoechst:DNA; Alexa Fluor 488 phalloidin:actin; mScarlet:fascin; iRFP:nuclear actin chromobody (nAC),24.73446083,-40.2890129,,Yes,compound response across 12 wells,active,inactive,Nuclear fascin,regulation of protein localization to nucleus,GO_1900180,,,
1093689004,L23,Homo sapiens,NCBITaxon,9606,HeLa,EFO,EFO_0001185,,,,,SN1065787583,0.00003,898,CCNE1,,,Pass,Hoechst:DNA; Alexa Fluor 488 phalloidin:actin; mScarlet:fascin; iRFP:nuclear actin chromobody (nAC),6.089030743,-41.6231995,,Yes,compound response across 12 wells,active,inactive,Nuclear fascin,regulation of protein localization to nucleus,GO_1900180,,,
1093689004,L24,Homo sapiens,NCBITaxon,9606,HeLa,EFO,EFO_0001185,,,,,SN1151669528,30,83903,GSG2,,,Pass,Hoechst:DNA; Alexa Fluor 488 phalloidin:actin; mScarlet:fascin; iRFP:nuclear actin chromobody (nAC),124.2530212,-123.030624,Yes,Yes,compound response across 12 wells,active,active,Nuclear fascin,regulation of protein localization to nucleus,GO_1900180,Nuclear actin,actin filament phenotype,CMPO_0000104
1093689004,M1,Homo sapiens,NCBITaxon,9606,HeLa,EFO,EFO_0001185,,,,,SN1151669528,10,83903,GSG2,,,Pass,Hoechst:DNA; Alexa Fluor 488 phalloidin:actin; mScarlet:fascin; iRFP:nuclear actin chromobody (nAC),125.9682617,-91.4084778,Yes,Yes,compound response across 12 wells,active,active,Nuclear fascin,regulation of protein localization to nucleus,GO_1900180,Nuclear actin,actin filament phenotype,CMPO_0000104
1093689004,M2,Homo sapiens,NCBITaxon,9606,HeLa,EFO,EFO_0001185,,,,,SN1151669528,3.125,83903,GSG2,,,Pass,Hoechst:DNA; Alexa Fluor 488 phalloidin:actin; mScarlet:fascin; iRFP:nuclear actin chromobody (nAC),106.1644363,-63.0706635,Yes,Yes,compound response across 12 wells,active,active,Nuclear fascin,regulation of protein localization to nucleus,GO_1900180,Nuclear actin,actin filament phenotype,CMPO_0000104
1093689004,M3,Homo sapiens,NCBITaxon,9606,HeLa,EFO,EFO_0001185,,,,,SN1151669528,1.25,83903,GSG2,,,Pass,Hoechst:DNA; Alexa Fluor 488 phalloidin:actin; mScarlet:fascin; iRFP:nuclear actin chromobody (nAC),4.763603687,-73.3206253,Yes,Yes,compound response across 12 wells,active,active,Nuclear fascin,regulation of protein localization to nucleus,GO_1900180,Nuclear actin,actin filament phenotype,CMPO_0000104
1093689004,M4,Homo sapiens,NCBITaxon,9606,HeLa,EFO,EFO_0001185,,,,,SN1151669528,0.3,83903,GSG2,,,Pass,Hoechst:DNA; Alexa Fluor 488 phalloidin:actin; mScarlet:fascin; iRFP:nuclear actin chromobody (nAC),37.9501152,-31.3802242,Yes,Yes,compound response across 12 wells,active,active,Nuclear fascin,regulation of protein localization to nucleus,GO_1900180,Nuclear actin,actin filament phenotype,CMPO_0000104
1093689004,M5,Homo sapiens,NCBITaxon,9606,HeLa,EFO,EFO_0001185,,,,,SN1151669528,0.1,83903,GSG2,,,Pass,Hoechst:DNA; Alexa Fluor 488 phalloidin:actin; mScarlet:fascin; iRFP:nuclear actin chromobody (nAC),10.41531086,-12.0422831,Yes,Yes,compound response across 12 wells,active,active,Nuclear fascin,regulation of protein localization to nucleus,GO_1900180,Nuclear actin,actin filament phenotype,CMPO_0000104
1093689004,M6,Homo sapiens,NCBITaxon,9606,HeLa,EFO,EFO_0001185,,,,,SN1151669528,0.03,83903,GSG2,,,Pass,Hoechst:DNA; Alexa Fluor 488 phalloidin:actin; mScarlet:fascin; iRFP:nuclear actin chromobody (nAC),15.61807823,-3.0902791,Yes,Yes,compound response across 12 wells,active,active,Nuclear fascin,regulation of protein localization to nucleus,GO_1900180,Nuclear actin,actin filament phenotype,CMPO_0000104
1093689004,M7,Homo sapiens,NCBITaxon,9606,HeLa,EFO,EFO_0001185,,,,,SN1151669528,0.0125,83903,GSG2,,,Pass,Hoechst:DNA; Alexa Fluor 488 phalloidin:actin; mScarlet:fascin; iRFP:nuclear actin chromobody (nAC),17.5268364,-6.89973974,Yes,Yes,compound response across 12 wells,active,active,Nuclear fascin,regulation of protein localization to nucleus,GO_1900180,Nuclear actin,actin filament phenotype,CMPO_0000104
1093689004,M8,Homo sapiens,NCBITaxon,9606,HeLa,EFO,EFO_0001185,,,,,SN1151669528,0.003,83903,GSG2,,,Pass,Hoechst:DNA; Alexa Fluor 488 phalloidin:actin; mScarlet:fascin; iRFP:nuclear actin chromobody (nAC),18.09309578,-12.116293,Yes,Yes,compound response across 12 wells,active,active,Nuclear fascin,regulation of protein localization to nucleus,GO_1900180,Nuclear actin,actin filament phenotype,CMPO_0000104
1093689004,M9,Homo sapiens,NCBITaxon,9606,HeLa,EFO,EFO_0001185,,,,,SN1151669528,0.001,83903,GSG2,,,Pass,Hoechst:DNA; Alexa Fluor 488 phalloidin:actin; mScarlet:fascin; iRFP:nuclear actin chromobody (nAC),5.202068329,-19.7243519,Yes,Yes,compound response across 12 wells,active,active,Nuclear fascin,regulation of protein localization to nucleus,GO_1900180,Nuclear actin,actin filament phenotype,CMPO_0000104
1093689004,M10,Homo sapiens,NCBITaxon,9606,HeLa,EFO,EFO_0001185,,,,,SN1151669528,0.0003,83903,GSG2,,,Pass,Hoechst:DNA; Alexa Fluor 488 phalloidin:actin; mScarlet:fascin; iRFP:nuclear actin chromobody (nAC),3.86780858,12.50078678,Yes,Yes,compound response across 12 wells,active,active,Nuclear fascin,regulation of protein localization to nucleus,GO_1900180,Nuclear actin,actin filament phenotype,CMPO_0000104
1093689004,M11,Homo sapiens,NCBITaxon,9606,HeLa,EFO,EFO_0001185,,,,,SN1151669528,0.00003,83903,GSG2,,,Pass,Hoechst:DNA; Alexa Fluor 488 phalloidin:actin; mScarlet:fascin; iRFP:nuclear actin chromobody (nAC),10.61092472,-5.16623211,Yes,Yes,compound response across 12 wells,active,active,Nuclear fascin,regulation of protein localization to nucleus,GO_1900180,Nuclear actin,actin filament phenotype,CMPO_0000104
1093689004,M12,Homo sapiens,NCBITaxon,9606,HeLa,EFO,EFO_0001185,,,,,SN1063221398,30,1017,CDK2,,,Pass,Hoechst:DNA; Alexa Fluor 488 phalloidin:actin; mScarlet:fascin; iRFP:nuclear actin chromobody (nAC),29.99407196,-66.489624,,Yes,compound response across 12 wells,active,inactive,Nuclear fascin,regulation of protein localization to nucleus,GO_1900180,,,
1093689004,M13,Homo sapiens,NCBITaxon,9606,HeLa,EFO,EFO_0001185,,,,,SN1063221398,10,1017,CDK2,,,Pass,Hoechst:DNA; Alexa Fluor 488 phalloidin:actin; mScarlet:fascin; iRFP:nuclear actin chromobody (nAC),34.43761063,74.0069809,,Yes,compound response across 12 wells,active,inactive,Nuclear fascin,regulation of protein localization to nucleus,GO_1900180,,,
1093689004,M14,Homo sapiens,NCBITaxon,9606,HeLa,EFO,EFO_0001185,,,,,SN1063221398,3.125,1017,CDK2,,,Pass,Hoechst:DNA; Alexa Fluor 488 phalloidin:actin; mScarlet:fascin; iRFP:nuclear actin chromobody (nAC),30.35554886,-39.033165,,Yes,compound response across 12 wells,active,inactive,Nuclear fascin,regulation of protein localization to nucleus,GO_1900180,,,
1093689004,M15,Homo sapiens,NCBITaxon,9606,HeLa,EFO,EFO_0001185,,,,,SN1063221398,1.25,1017,CDK2,,,Pass,Hoechst:DNA; Alexa Fluor 488 phalloidin:actin; mScarlet:fascin; iRFP:nuclear actin chromobody (nAC),66.81796265,-25.0567379,,Yes,compound response across 12 wells,active,inactive,Nuclear fascin,regulation of protein localization to nucleus,GO_1900180,,,
1093689004,M16,Homo sapiens,NCBITaxon,9606,HeLa,EFO,EFO_0001185,,,,,SN1063221398,0.3,1017,CDK2,,,Pass,Hoechst:DNA; Alexa Fluor 488 phalloidin:actin; mScarlet:fascin; iRFP:nuclear actin chromobody (nAC),62.59080505,-3.47802591,,Yes,compound response across 12 wells,active,inactive,Nuclear fascin,regulation of protein localization to nucleus,GO_1900180,,,
1093689004,M17,Homo sapiens,NCBITaxon,9606,HeLa,EFO,EFO_0001185,,,,,SN1063221398,0.1,1017,CDK2,,,Pass,Hoechst:DNA; Alexa Fluor 488 phalloidin:actin; mScarlet:fascin; iRFP:nuclear actin chromobody (nAC),19.9053936,-66.9420547,,Yes,compound response across 12 wells,active,inactive,Nuclear fascin,regulation of protein localization to nucleus,GO_1900180,,,
1093689004,M18,Homo sapiens,NCBITaxon,9606,HeLa,EFO,EFO_0001185,,,,,SN1063221398,0.03,1017,CDK2,,,Pass,Hoechst:DNA; Alexa Fluor 488 phalloidin:actin; mScarlet:fascin; iRFP:nuclear actin chromobody (nAC),6.103655815,-10.0031061,,Yes,compound response across 12 wells,active,inactive,Nuclear fascin,regulation of protein localization to nucleus,GO_1900180,,,
1093689004,M19,Homo sapiens,NCBITaxon,9606,HeLa,EFO,EFO_0001185,,,,,SN1063221398,0.0125,1017,CDK2,,,Pass,Hoechst:DNA; Alexa Fluor 488 phalloidin:actin; mScarlet:fascin; iRFP:nuclear actin chromobody (nAC),8.175434113,-23.3234348,,Yes,compound response across 12 wells,active,inactive,Nuclear fascin,regulation of protein localization to nucleus,GO_1900180,,,
1093689004,M20,Homo sapiens,NCBITaxon,9606,HeLa,EFO,EFO_0001185,,,,,SN1063221398,0.003,1017,CDK2,,,Pass,Hoechst:DNA; Alexa Fluor 488 phalloidin:actin; mScarlet:fascin; iRFP:nuclear actin chromobody (nAC),12.08947468,-1.53993249,,Yes,compound response across 12 wells,active,inactive,Nuclear fascin,regulation of protein localization to nucleus,GO_1900180,,,
1093689004,M21,Homo sapiens,NCBITaxon,9606,HeLa,EFO,EFO_0001185,,,,,SN1063221398,0.001,1017,CDK2,,,Pass,Hoechst:DNA; Alexa Fluor 488 phalloidin:actin; mScarlet:fascin; iRFP:nuclear actin chromobody (nAC),3.443072319,-28.4028854,,Yes,compound response across 12 wells,active,inactive,Nuclear fascin,regulation of protein localization to nucleus,GO_1900180,,,
1093689004,M22,Homo sapiens,NCBITaxon,9606,HeLa,EFO,EFO_0001185,,,,,SN1063221398,0.0003,1017,CDK2,,,Pass,Hoechst:DNA; Alexa Fluor 488 phalloidin:actin; mScarlet:fascin; iRFP:nuclear actin chromobody (nAC),6.585448265,-26.3427849,,Yes,compound response across 12 wells,active,inactive,Nuclear fascin,regulation of protein localization to nucleus,GO_1900180,,,
1093689004,M23,Homo sapiens,NCBITaxon,9606,HeLa,EFO,EFO_0001185,,,,,SN1063221398,0.00003,1017,CDK2,,,Pass,Hoechst:DNA; Alexa Fluor 488 phalloidin:actin; mScarlet:fascin; iRFP:nuclear actin chromobody (nAC),3.93137145,-26.6698627,,Yes,compound response across 12 wells,active,inactive,Nuclear fascin,regulation of protein localization to nucleus,GO_1900180,,,
1093689004,M24,Homo sapiens,NCBITaxon,9606,HeLa,EFO,EFO_0001185,,,,,SN1123533842,30,5578,PRKCA,,,Pass,Hoechst:DNA; Alexa Fluor 488 phalloidin:actin; mScarlet:fascin; iRFP:nuclear actin chromobody (nAC),16.97246552,-55.3935013,,,compound response across 12 wells,inactive,inactive,,,,,,
1093689004,N1,Homo sapiens,NCBITaxon,9606,HeLa,EFO,EFO_0001185,,,,,SN1123533842,10,5578,PRKCA,,,Pass,Hoechst:DNA; Alexa Fluor 488 phalloidin:actin; mScarlet:fascin; iRFP:nuclear actin chromobody (nAC),11.59621906,-6.84573555,,,compound response across 12 wells,inactive,inactive,,,,,,
1093689004,N2,Homo sapiens,NCBITaxon,9606,HeLa,EFO,EFO_0001185,,,,,SN1123533842,3.125,5578,PRKCA,,,Pass,Hoechst:DNA; Alexa Fluor 488 phalloidin:actin; mScarlet:fascin; iRFP:nuclear actin chromobody (nAC),13.28651428,-21.9899101,,,compound response across 12 wells,inactive,inactive,,,,,,
1093689004,N3,Homo sapiens,NCBITaxon,9606,HeLa,EFO,EFO_0001185,,,,,SN1123533842,1.25,5578,PRKCA,,,Pass,Hoechst:DNA; Alexa Fluor 488 phalloidin:actin; mScarlet:fascin; iRFP:nuclear actin chromobody (nAC),15.88958549,-33.010231,,,compound response across 12 wells,inactive,inactive,,,,,,
1093689004,N4,Homo sapiens,NCBITaxon,9606,HeLa,EFO,EFO_0001185,,,,,SN1123533842,0.3,5578,PRKCA,,,Pass,Hoechst:DNA; Alexa Fluor 488 phalloidin:actin; mScarlet:fascin; iRFP:nuclear actin chromobody (nAC),8.288193703,-23.7360077,,,compound response across 12 wells,inactive,inactive,,,,,,
1093689004,N5,Homo sapiens,NCBITaxon,9606,HeLa,EFO,EFO_0001185,,,,,SN1123533842,0.1,5578,PRKCA,,,Pass,Hoechst:DNA; Alexa Fluor 488 phalloidin:actin; mScarlet:fascin; iRFP:nuclear actin chromobody (nAC),18.92531395,-1.59061229,,,compound response across 12 wells,inactive,inactive,,,,,,
1093689004,N6,Homo sapiens,NCBITaxon,9606,HeLa,EFO,EFO_0001185,,,,,SN1123533842,0.03,5578,PRKCA,,,Pass,Hoechst:DNA; Alexa Fluor 488 phalloidin:actin; mScarlet:fascin; iRFP:nuclear actin chromobody (nAC),7.172945976,-22.4594536,,,compound response across 12 wells,inactive,inactive,,,,,,
1093689004,N7,Homo sapiens,NCBITaxon,9606,HeLa,EFO,EFO_0001185,,,,,SN1123533842,0.0125,5578,PRKCA,,,Pass,Hoechst:DNA; Alexa Fluor 488 phalloidin:actin; mScarlet:fascin; iRFP:nuclear actin chromobody (nAC),25.45805359,-8.0529747,,,compound response across 12 wells,inactive,inactive,,,,,,
1093689004,N8,Homo sapiens,NCBITaxon,9606,HeLa,EFO,EFO_0001185,,,,,SN1123533842,0.003,5578,PRKCA,,,Pass,Hoechst:DNA; Alexa Fluor 488 phalloidin:actin; mScarlet:fascin; iRFP:nuclear actin chromobody (nAC),12.6661787,8.542533875,,,compound response across 12 wells,inactive,inactive,,,,,,
1093689004,N9,Homo sapiens,NCBITaxon,9606,HeLa,EFO,EFO_0001185,,,,,SN1123533842,0.001,5578,PRKCA,,,Pass,Hoechst:DNA; Alexa Fluor 488 phalloidin:actin; mScarlet:fascin; iRFP:nuclear actin chromobody (nAC),9.407212257,-24.9003696,,,compound response across 12 wells,inactive,inactive,,,,,,
1093689004,N10,Homo sapiens,NCBITaxon,9606,HeLa,EFO,EFO_0001185,,,,,SN1123533842,0.0003,5578,PRKCA,,,Pass,Hoechst:DNA; Alexa Fluor 488 phalloidin:actin; mScarlet:fascin; iRFP:nuclear actin chromobody (nAC),4.121771336,30.8419075,,,compound response across 12 wells,inactive,inactive,,,,,,
1093689004,N11,Homo sapiens,NCBITaxon,9606,HeLa,EFO,EFO_0001185,,,,,SN1123533842,0.00003,5578,PRKCA,,,Pass,Hoechst:DNA; Alexa Fluor 488 phalloidin:actin; mScarlet:fascin; iRFP:nuclear actin chromobody (nAC),15.77124691,5.759238243,,,compound response across 12 wells,inactive,inactive,,,,,,
1093689004,N12,Homo sapiens,NCBITaxon,9606,HeLa,EFO,EFO_0001185,,,,,SN1014828203,30,4914,NTRK1,,,Pass,Hoechst:DNA; Alexa Fluor 488 phalloidin:actin; mScarlet:fascin; iRFP:nuclear actin chromobody (nAC),87.85605621,-67.1180649,Yes,Yes,compound response across 12 wells,active,active,Nuclear fascin,regulation of protein localization to nucleus,GO_1900180,Nuclear actin,actin filament phenotype,CMPO_0000104
1093689004,N13,Homo sapiens,NCBITaxon,9606,HeLa,EFO,EFO_0001185,,,,,SN1014828203,10,4914,NTRK1,,,Fail,Hoechst:DNA; Alexa Fluor 488 phalloidin:actin; mScarlet:fascin; iRFP:nuclear actin chromobody (nAC),153.3966064,,Yes,Yes,compound response across 12 wells,active,active,Nuclear fascin,regulation of protein localization to nucleus,GO_1900180,Nuclear actin,actin filament phenotype,CMPO_0000104
1093689004,N14,Homo sapiens,NCBITaxon,9606,HeLa,EFO,EFO_0001185,DMSO,679,IAZDPXIOMUYVGZ-UHFFFAOYSA-N,CS(=O)C,,,,,Neutral Control,,Pass,Hoechst:DNA; Alexa Fluor 488 phalloidin:actin; mScarlet:fascin; iRFP:nuclear actin chromobody (nAC),5.900166035,19.81761742,,,,,,,,,,,
1093689004,N15,Homo sapiens,NCBITaxon,9606,HeLa,EFO,EFO_0001185,,,,,,,,,Stimulator Control,Leptomycin b blocks nuclear export of fascin,Pass,Hoechst:DNA; Alexa Fluor 488 phalloidin:actin; mScarlet:fascin; iRFP:nuclear actin chromobody (nAC),91.24667358,20.70584488,,,,,,,,,,,
1093689004,N16,Homo sapiens,NCBITaxon,9606,HeLa,EFO,EFO_0001185,DMSO,679,IAZDPXIOMUYVGZ-UHFFFAOYSA-N,CS(=O)C,,,,,Neutral Control,,Pass,Hoechst:DNA; Alexa Fluor 488 phalloidin:actin; mScarlet:fascin; iRFP:nuclear actin chromobody (nAC),6.769447803,22.03720474,,,,,,,,,,,
1093689004,N17,Homo sapiens,NCBITaxon,9606,HeLa,EFO,EFO_0001185,,,,,SN1014828203,3.125,4914,NTRK1,,,Pass,Hoechst:DNA; Alexa Fluor 488 phalloidin:actin; mScarlet:fascin; iRFP:nuclear actin chromobody (nAC),177.5469971,-170.956192,Yes,Yes,compound response across 12 wells,active,active,Nuclear fascin,regulation of protein localization to nucleus,GO_1900180,Nuclear actin,actin filament phenotype,CMPO_0000104
1093689004,N18,Homo sapiens,NCBITaxon,9606,HeLa,EFO,EFO_0001185,,,,,SN1014828203,1.25,4914,NTRK1,,,Pass,Hoechst:DNA; Alexa Fluor 488 phalloidin:actin; mScarlet:fascin; iRFP:nuclear actin chromobody (nAC),40.70136642,-111.856094,Yes,Yes,compound response across 12 wells,active,active,Nuclear fascin,regulation of protein localization to nucleus,GO_1900180,Nuclear actin,actin filament phenotype,CMPO_0000104
1093689004,N19,Homo sapiens,NCBITaxon,9606,HeLa,EFO,EFO_0001185,,,,,SN1014828203,0.3,4914,NTRK1,,,Pass,Hoechst:DNA; Alexa Fluor 488 phalloidin:actin; mScarlet:fascin; iRFP:nuclear actin chromobody (nAC),39.80295563,-67.3898087,Yes,Yes,compound response across 12 wells,active,active,Nuclear fascin,regulation of protein localization to nucleus,GO_1900180,Nuclear actin,actin filament phenotype,CMPO_0000104
1093689004,N20,Homo sapiens,NCBITaxon,9606,HeLa,EFO,EFO_0001185,,,,,SN1014828203,0.1,4914,NTRK1,,,Pass,Hoechst:DNA; Alexa Fluor 488 phalloidin:actin; mScarlet:fascin; iRFP:nuclear actin chromobody (nAC),6.377838612,-17.3777943,Yes,Yes,compound response across 12 wells,active,active,Nuclear fascin,regulation of protein localization to nucleus,GO_1900180,Nuclear actin,actin filament phenotype,CMPO_0000104
1093689004,N21,Homo sapiens,NCBITaxon,9606,HeLa,EFO,EFO_0001185,,,,,SN1014828203,0.03,4914,NTRK1,,,Pass,Hoechst:DNA; Alexa Fluor 488 phalloidin:actin; mScarlet:fascin; iRFP:nuclear actin chromobody (nAC),7.369244576,-24.5661507,Yes,Yes,compound response across 12 wells,active,active,Nuclear fascin,regulation of protein localization to nucleus,GO_1900180,Nuclear actin,actin filament phenotype,CMPO_0000104
1093689004,N22,Homo sapiens,NCBITaxon,9606,HeLa,EFO,EFO_0001185,,,,,SN1014828203,0.0125,4914,NTRK1,,,Pass,Hoechst:DNA; Alexa Fluor 488 phalloidin:actin; mScarlet:fascin; iRFP:nuclear actin chromobody (nAC),13.87951469,-14.3911333,Yes,Yes,compound response across 12 wells,active,active,Nuclear fascin,regulation of protein localization to nucleus,GO_1900180,Nuclear actin,actin filament phenotype,CMPO_0000104
1093689004,N23,Homo sapiens,NCBITaxon,9606,HeLa,EFO,EFO_0001185,,,,,SN1014828203,0.003,4914,NTRK1,,,Pass,Hoechst:DNA; Alexa Fluor 488 phalloidin:actin; mScarlet:fascin; iRFP:nuclear actin chromobody (nAC),8.483929634,-13.6117849,Yes,Yes,compound response across 12 wells,active,active,Nuclear fascin,regulation of protein localization to nucleus,GO_1900180,Nuclear actin,actin filament phenotype,CMPO_0000104
1093689004,N24,Homo sapiens,NCBITaxon,9606,HeLa,EFO,EFO_0001185,,,,,SN1014828203,0.001,4914,NTRK1,,,Pass,Hoechst:DNA; Alexa Fluor 488 phalloidin:actin; mScarlet:fascin; iRFP:nuclear actin chromobody (nAC),14.6757164,-22.2271633,Yes,Yes,compound response across 12 wells,active,active,Nuclear fascin,regulation of protein localization to nucleus,GO_1900180,Nuclear actin,actin filament phenotype,CMPO_0000104
1093689004,O1,Homo sapiens,NCBITaxon,9606,HeLa,EFO,EFO_0001185,,,,,SN1014828203,0.0003,4914,NTRK1,,,Pass,Hoechst:DNA; Alexa Fluor 488 phalloidin:actin; mScarlet:fascin; iRFP:nuclear actin chromobody (nAC),4.07803297,-40.7034492,Yes,Yes,compound response across 12 wells,active,active,Nuclear fascin,regulation of protein localization to nucleus,GO_1900180,Nuclear actin,actin filament phenotype,CMPO_0000104
1093689004,O2,Homo sapiens,NCBITaxon,9606,HeLa,EFO,EFO_0001185,,,,,SN1014828203,0.00003,4914,NTRK1,,,Pass,Hoechst:DNA; Alexa Fluor 488 phalloidin:actin; mScarlet:fascin; iRFP:nuclear actin chromobody (nAC),20.46944809,-38.0751076,Yes,Yes,compound response across 12 wells,active,active,Nuclear fascin,regulation of protein localization to nucleus,GO_1900180,Nuclear actin,actin filament phenotype,CMPO_0000104
1093689004,O3,Homo sapiens,NCBITaxon,9606,HeLa,EFO,EFO_0001185,,,,,SN1094657674,30,5590,PRKCZ,,,Fail,Hoechst:DNA; Alexa Fluor 488 phalloidin:actin; mScarlet:fascin; iRFP:nuclear actin chromobody (nAC),202.5163116,-10.9861174,,Yes,compound response across 12 wells,inactive,active,,,,Nuclear actin,actin filament phenotype,CMPO_0000104
1093689004,O4,Homo sapiens,NCBITaxon,9606,HeLa,EFO,EFO_0001185,,,,,SN1094657674,10,5590,PRKCZ,,,Fail,Hoechst:DNA; Alexa Fluor 488 phalloidin:actin; mScarlet:fascin; iRFP:nuclear actin chromobody (nAC),166.6159363,,,Yes,compound response across 12 wells,inactive,active,,,,Nuclear actin,actin filament phenotype,CMPO_0000104
1093689004,O5,Homo sapiens,NCBITaxon,9606,HeLa,EFO,EFO_0001185,,,,,SN1094657674,3.125,5590,PRKCZ,,,Pass,Hoechst:DNA; Alexa Fluor 488 phalloidin:actin; mScarlet:fascin; iRFP:nuclear actin chromobody (nAC),58.64403152,-65.4071884,,Yes,compound response across 12 wells,inactive,active,,,,Nuclear actin,actin filament phenotype,CMPO_0000104
1093689004,O6,Homo sapiens,NCBITaxon,9606,HeLa,EFO,EFO_0001185,,,,,SN1094657674,1.25,5590,PRKCZ,,,Pass,Hoechst:DNA; Alexa Fluor 488 phalloidin:actin; mScarlet:fascin; iRFP:nuclear actin chromobody (nAC),-31.53416252,-24.3717251,,Yes,compound response across 12 wells,inactive,active,,,,Nuclear actin,actin filament phenotype,CMPO_0000104
1093689004,O7,Homo sapiens,NCBITaxon,9606,HeLa,EFO,EFO_0001185,DMSO,679,IAZDPXIOMUYVGZ-UHFFFAOYSA-N,CS(=O)C,,,,,Neutral Control,,Pass,Hoechst:DNA; Alexa Fluor 488 phalloidin:actin; mScarlet:fascin; iRFP:nuclear actin chromobody (nAC),-0.351382613,-24.6102161,,,,,,,,,,,
1093689004,O8,Homo sapiens,NCBITaxon,9606,HeLa,EFO,EFO_0001185,,,,,,,,,Stimulator Control,Leptomycin b blocks nuclear export of fascin,Pass,Hoechst:DNA; Alexa Fluor 488 phalloidin:actin; mScarlet:fascin; iRFP:nuclear actin chromobody (nAC),99.21337891,-47.0754623,,,,,,,,,,,
1093689004,O9,Homo sapiens,NCBITaxon,9606,HeLa,EFO,EFO_0001185,DMSO,679,IAZDPXIOMUYVGZ-UHFFFAOYSA-N,CS(=O)C,,,,,Neutral Control,,Pass,Hoechst:DNA; Alexa Fluor 488 phalloidin:actin; mScarlet:fascin; iRFP:nuclear actin chromobody (nAC),-3.515711308,-0.22920243,,,,,,,,,,,
1093689004,O10,Homo sapiens,NCBITaxon,9606,HeLa,EFO,EFO_0001185,,,,,SN1094657674,0.3,5590,PRKCZ,,,Pass,Hoechst:DNA; Alexa Fluor 488 phalloidin:actin; mScarlet:fascin; iRFP:nuclear actin chromobody (nAC),25.39966011,3.788609982,,Yes,compound response across 12 wells,inactive,active,,,,Nuclear actin,actin filament phenotype,CMPO_0000104
1093689004,O11,Homo sapiens,NCBITaxon,9606,HeLa,EFO,EFO_0001185,,,,,SN1094657674,0.1,5590,PRKCZ,,,Pass,Hoechst:DNA; Alexa Fluor 488 phalloidin:actin; mScarlet:fascin; iRFP:nuclear actin chromobody (nAC),14.81587124,27.55364609,,Yes,compound response across 12 wells,inactive,active,,,,Nuclear actin,actin filament phenotype,CMPO_0000104
1093689004,O12,Homo sapiens,NCBITaxon,9606,HeLa,EFO,EFO_0001185,,,,,SN1094657674,0.03,5590,PRKCZ,,,Pass,Hoechst:DNA; Alexa Fluor 488 phalloidin:actin; mScarlet:fascin; iRFP:nuclear actin chromobody (nAC),19.62219429,-3.20552087,,Yes,compound response across 12 wells,inactive,active,,,,Nuclear actin,actin filament phenotype,CMPO_0000104
1093689004,O13,Homo sapiens,NCBITaxon,9606,HeLa,EFO,EFO_0001185,,,,,SN1094657674,0.0125,5590,PRKCZ,,,Pass,Hoechst:DNA; Alexa Fluor 488 phalloidin:actin; mScarlet:fascin; iRFP:nuclear actin chromobody (nAC),12.66362381,-2.23436475,,Yes,compound response across 12 wells,inactive,active,,,,Nuclear actin,actin filament phenotype,CMPO_0000104
1093689004,O14,Homo sapiens,NCBITaxon,9606,HeLa,EFO,EFO_0001185,,,,,SN1094657674,0.003,5590,PRKCZ,,,Pass,Hoechst:DNA; Alexa Fluor 488 phalloidin:actin; mScarlet:fascin; iRFP:nuclear actin chromobody (nAC),13.73755074,16.4417572,,Yes,compound response across 12 wells,inactive,active,,,,Nuclear actin,actin filament phenotype,CMPO_0000104
1093689004,O15,Homo sapiens,NCBITaxon,9606,HeLa,EFO,EFO_0001185,,,,,SN1094657674,0.001,5590,PRKCZ,,,Pass,Hoechst:DNA; Alexa Fluor 488 phalloidin:actin; mScarlet:fascin; iRFP:nuclear actin chromobody (nAC),8.873836517,5.769564152,,Yes,compound response across 12 wells,inactive,active,,,,Nuclear actin,actin filament phenotype,CMPO_0000104
1093689004,O16,Homo sapiens,NCBITaxon,9606,HeLa,EFO,EFO_0001185,,,,,SN1094657674,0.0003,5590,PRKCZ,,,Pass,Hoechst:DNA; Alexa Fluor 488 phalloidin:actin; mScarlet:fascin; iRFP:nuclear actin chromobody (nAC),17.471241,-34.0825157,,Yes,compound response across 12 wells,inactive,active,,,,Nuclear actin,actin filament phenotype,CMPO_0000104
1093689004,O17,Homo sapiens,NCBITaxon,9606,HeLa,EFO,EFO_0001185,,,,,SN1094657674,0.00003,5590,PRKCZ,,,Pass,Hoechst:DNA; Alexa Fluor 488 phalloidin:actin; mScarlet:fascin; iRFP:nuclear actin chromobody (nAC),13.27495956,-1.69104433,,Yes,compound response across 12 wells,inactive,active,,,,Nuclear actin,actin filament phenotype,CMPO_0000104
1093689004,O18,Homo sapiens,NCBITaxon,9606,HeLa,EFO,EFO_0001185,,,,,SN1051354531,30,6790,AURKA,,,Pass,Hoechst:DNA; Alexa Fluor 488 phalloidin:actin; mScarlet:fascin; iRFP:nuclear actin chromobody (nAC),59.85795975,-167.620041,,Yes,compound response across 12 wells,inactive,active,,,,Nuclear actin,actin filament phenotype,CMPO_0000104
1093689004,O19,Homo sapiens,NCBITaxon,9606,HeLa,EFO,EFO_0001185,,,,,SN1051354531,10,6790,AURKA,,,Pass,Hoechst:DNA; Alexa Fluor 488 phalloidin:actin; mScarlet:fascin; iRFP:nuclear actin chromobody (nAC),68.8687439,-77.9029999,,Yes,compound response across 12 wells,inactive,active,,,,Nuclear actin,actin filament phenotype,CMPO_0000104
1093689004,O20,Homo sapiens,NCBITaxon,9606,HeLa,EFO,EFO_0001185,,,,,SN1051354531,3.125,6790,AURKA,,,Pass,Hoechst:DNA; Alexa Fluor 488 phalloidin:actin; mScarlet:fascin; iRFP:nuclear actin chromobody (nAC),0.594262779,-31.3019466,,Yes,compound response across 12 wells,inactive,active,,,,Nuclear actin,actin filament phenotype,CMPO_0000104
1093689004,O21,Homo sapiens,NCBITaxon,9606,HeLa,EFO,EFO_0001185,,,,,SN1051354531,1.25,6790,AURKA,,,Pass,Hoechst:DNA; Alexa Fluor 488 phalloidin:actin; mScarlet:fascin; iRFP:nuclear actin chromobody (nAC),5.505105972,-10.6599064,,Yes,compound response across 12 wells,inactive,active,,,,Nuclear actin,actin filament phenotype,CMPO_0000104
1093689004,O22,Homo sapiens,NCBITaxon,9606,HeLa,EFO,EFO_0001185,,,,,SN1051354531,0.3,6790,AURKA,,,Pass,Hoechst:DNA; Alexa Fluor 488 phalloidin:actin; mScarlet:fascin; iRFP:nuclear actin chromobody (nAC),25.04906654,-25.0058765,,Yes,compound response across 12 wells,inactive,active,,,,Nuclear actin,actin filament phenotype,CMPO_0000104
1093689004,O23,Homo sapiens,NCBITaxon,9606,HeLa,EFO,EFO_0001185,,,,,SN1051354531,0.1,6790,AURKA,,,Pass,Hoechst:DNA; Alexa Fluor 488 phalloidin:actin; mScarlet:fascin; iRFP:nuclear actin chromobody (nAC),6.294025421,-16.2057457,,Yes,compound response across 12 wells,inactive,active,,,,Nuclear actin,actin filament phenotype,CMPO_0000104
1093689004,O24,Homo sapiens,NCBITaxon,9606,HeLa,EFO,EFO_0001185,DMSO,679,IAZDPXIOMUYVGZ-UHFFFAOYSA-N,CS(=O)C,,,,,Neutral Control,,Pass,Hoechst:DNA; Alexa Fluor 488 phalloidin:actin; mScarlet:fascin; iRFP:nuclear actin chromobody (nAC),7.71483469,-5.19526625,,,,,,,,,,,
1093689004,P1,Homo sapiens,NCBITaxon,9606,HeLa,EFO,EFO_0001185,DMSO,679,IAZDPXIOMUYVGZ-UHFFFAOYSA-N,CS(=O)C,,,,,Neutral Control,,Pass,Hoechst:DNA; Alexa Fluor 488 phalloidin:actin; mScarlet:fascin; iRFP:nuclear actin chromobody (nAC),-1.948058128,-15.1228104,,,,,,,,,,,
1093689004,P2,Homo sapiens,NCBITaxon,9606,HeLa,EFO,EFO_0001185,,,,,,,,,Stimulator Control,Leptomycin b blocks nuclear export of fascin,Pass,Hoechst:DNA; Alexa Fluor 488 phalloidin:actin; mScarlet:fascin; iRFP:nuclear actin chromobody (nAC),116.0883484,-2.47339606,,,,,,,,,,,
1093689004,P3,Homo sapiens,NCBITaxon,9606,HeLa,EFO,EFO_0001185,DMSO,679,IAZDPXIOMUYVGZ-UHFFFAOYSA-N,CS(=O)C,,,,,Neutral Control,,Pass,Hoechst:DNA; Alexa Fluor 488 phalloidin:actin; mScarlet:fascin; iRFP:nuclear actin chromobody (nAC),8.233736992,-4.17325354,,,,,,,,,,,
1093689004,P4,Homo sapiens,NCBITaxon,9606,HeLa,EFO,EFO_0001185,,,,,SN1051354531,0.03,6790,AURKA,,,Pass,Hoechst:DNA; Alexa Fluor 488 phalloidin:actin; mScarlet:fascin; iRFP:nuclear actin chromobody (nAC),8.185194969,-23.1541729,,Yes,compound response across 12 wells,inactive,active,,,,Nuclear actin,actin filament phenotype,CMPO_0000104
1093689004,P5,Homo sapiens,NCBITaxon,9606,HeLa,EFO,EFO_0001185,,,,,SN1051354531,0.0125,6790,AURKA,,,Pass,Hoechst:DNA; Alexa Fluor 488 phalloidin:actin; mScarlet:fascin; iRFP:nuclear actin chromobody (nAC),9.49721241,-15.8785133,,Yes,compound response across 12 wells,inactive,active,,,,Nuclear actin,actin filament phenotype,CMPO_0000104
1093689004,P6,Homo sapiens,NCBITaxon,9606,HeLa,EFO,EFO_0001185,,,,,SN1051354531,0.003,6790,AURKA,,,Pass,Hoechst:DNA; Alexa Fluor 488 phalloidin:actin; mScarlet:fascin; iRFP:nuclear actin chromobody (nAC),14.93036366,-8.3533268,,Yes,compound response across 12 wells,inactive,active,,,,Nuclear actin,actin filament phenotype,CMPO_0000104
1093689004,P7,Homo sapiens,NCBITaxon,9606,HeLa,EFO,EFO_0001185,,,,,SN1051354531,0.001,6790,AURKA,,,Pass,Hoechst:DNA; Alexa Fluor 488 phalloidin:actin; mScarlet:fascin; iRFP:nuclear actin chromobody (nAC),17.35816193,-46.180191,,Yes,compound response across 12 wells,inactive,active,,,,Nuclear actin,actin filament phenotype,CMPO_0000104
1093689004,P8,Homo sapiens,NCBITaxon,9606,HeLa,EFO,EFO_0001185,,,,,SN1051354531,0.0003,6790,AURKA,,,Pass,Hoechst:DNA; Alexa Fluor 488 phalloidin:actin; mScarlet:fascin; iRFP:nuclear actin chromobody (nAC),2.014722347,-19.9079552,,Yes,compound response across 12 wells,inactive,active,,,,Nuclear actin,actin filament phenotype,CMPO_0000104
1093689004,P9,Homo sapiens,NCBITaxon,9606,HeLa,EFO,EFO_0001185,,,,,SN1051354531,0.00003,6790,AURKA,,,Pass,Hoechst:DNA; Alexa Fluor 488 phalloidin:actin; mScarlet:fascin; iRFP:nuclear actin chromobody (nAC),2.560351372,-23.944828,,Yes,compound response across 12 wells,inactive,active,,,,Nuclear actin,actin filament phenotype,CMPO_0000104
1093689004,P10,Homo sapiens,NCBITaxon,9606,HeLa,EFO,EFO_0001185,,,,,SN1000498953,30,6714,SRC,,,Fail,Hoechst:DNA; Alexa Fluor 488 phalloidin:actin; mScarlet:fascin; iRFP:nuclear actin chromobody (nAC),,,,,compound response across 12 wells,inactive,inactive,,,,,,
1093689004,P11,Homo sapiens,NCBITaxon,9606,HeLa,EFO,EFO_0001185,,,,,SN1000498953,10,6714,SRC,,,Pass,Hoechst:DNA; Alexa Fluor 488 phalloidin:actin; mScarlet:fascin; iRFP:nuclear actin chromobody (nAC),51.41083527,12.55623817,,,compound response across 12 wells,inactive,inactive,,,,,,
1093689004,P12,Homo sapiens,NCBITaxon,9606,HeLa,EFO,EFO_0001185,,,,,SN1000498953,3.125,6714,SRC,,,Pass,Hoechst:DNA; Alexa Fluor 488 phalloidin:actin; mScarlet:fascin; iRFP:nuclear actin chromobody (nAC),73.04270935,-28.6994591,,,compound response across 12 wells,inactive,inactive,,,,,,
1093689004,P13,Homo sapiens,NCBITaxon,9606,HeLa,EFO,EFO_0001185,,,,,SN1000498953,1.25,6714,SRC,,,Pass,Hoechst:DNA; Alexa Fluor 488 phalloidin:actin; mScarlet:fascin; iRFP:nuclear actin chromobody (nAC),55.97522354,-40.7927551,,,compound response across 12 wells,inactive,inactive,,,,,,
1093689004,P14,Homo sapiens,NCBITaxon,9606,HeLa,EFO,EFO_0001185,,,,,SN1000498953,0.3,6714,SRC,,,Pass,Hoechst:DNA; Alexa Fluor 488 phalloidin:actin; mScarlet:fascin; iRFP:nuclear actin chromobody (nAC),30.8838768,-12.190115,,,compound response across 12 wells,inactive,inactive,,,,,,
1093689004,P15,Homo sapiens,NCBITaxon,9606,HeLa,EFO,EFO_0001185,,,,,SN1000498953,0.1,6714,SRC,,,Pass,Hoechst:DNA; Alexa Fluor 488 phalloidin:actin; mScarlet:fascin; iRFP:nuclear actin chromobody (nAC),15.68448448,-4.84262753,,,compound response across 12 wells,inactive,inactive,,,,,,
1093689004,P16,Homo sapiens,NCBITaxon,9606,HeLa,EFO,EFO_0001185,,,,,SN1000498953,0.03,6714,SRC,,,Pass,Hoechst:DNA; Alexa Fluor 488 phalloidin:actin; mScarlet:fascin; iRFP:nuclear actin chromobody (nAC),13.36400223,-1.33350229,,,compound response across 12 wells,inactive,inactive,,,,,,
1093689004,P17,Homo sapiens,NCBITaxon,9606,HeLa,EFO,EFO_0001185,,,,,SN1000498953,0.0125,6714,SRC,,,Pass,Hoechst:DNA; Alexa Fluor 488 phalloidin:actin; mScarlet:fascin; iRFP:nuclear actin chromobody (nAC),11.27320576,-0.34871814,,,compound response across 12 wells,inactive,inactive,,,,,,
1093689004,P18,Homo sapiens,NCBITaxon,9606,HeLa,EFO,EFO_0001185,DMSO,679,IAZDPXIOMUYVGZ-UHFFFAOYSA-N,CS(=O)C,,,,,Neutral Control,,Pass,Hoechst:DNA; Alexa Fluor 488 phalloidin:actin; mScarlet:fascin; iRFP:nuclear actin chromobody (nAC),-3.387186766,-5.51550245,,,,,,,,,,,
1093689004,P19,Homo sapiens,NCBITaxon,9606,HeLa,EFO,EFO_0001185,,,,,,,,,Stimulator Control,Leptomycin b blocks nuclear export of fascin,Pass,Hoechst:DNA; Alexa Fluor 488 phalloidin:actin; mScarlet:fascin; iRFP:nuclear actin chromobody (nAC),88.06682587,-38.5285149,,,,,,,,,,,
1093689004,P20,Homo sapiens,NCBITaxon,9606,HeLa,EFO,EFO_0001185,DMSO,679,IAZDPXIOMUYVGZ-UHFFFAOYSA-N,CS(=O)C,,,,,Neutral Control,,Pass,Hoechst:DNA; Alexa Fluor 488 phalloidin:actin; mScarlet:fascin; iRFP:nuclear actin chromobody (nAC),8.557937622,2.120691299,,,,,,,,,,,
1093689004,P21,Homo sapiens,NCBITaxon,9606,HeLa,EFO,EFO_0001185,,,,,SN1000498953,0.003,6714,SRC,,,Pass,Hoechst:DNA; Alexa Fluor 488 phalloidin:actin; mScarlet:fascin; iRFP:nuclear actin chromobody (nAC),18.16064262,-16.2433662,,,compound response across 12 wells,inactive,inactive,,,,,,
1093689004,P22,Homo sapiens,NCBITaxon,9606,HeLa,EFO,EFO_0001185,,,,,SN1000498953,0.001,6714,SRC,,,Pass,Hoechst:DNA; Alexa Fluor 488 phalloidin:actin; mScarlet:fascin; iRFP:nuclear actin chromobody (nAC),1.249184728,19.4974575,,,compound response across 12 wells,inactive,inactive,,,,,,
1093689004,P23,Homo sapiens,NCBITaxon,9606,HeLa,EFO,EFO_0001185,,,,,SN1000498953,0.0003,6714,SRC,,,Pass,Hoechst:DNA; Alexa Fluor 488 phalloidin:actin; mScarlet:fascin; iRFP:nuclear actin chromobody (nAC),18.07686043,-14.0664787,,,compound response across 12 wells,inactive,inactive,,,,,,
1093689004,P24,Homo sapiens,NCBITaxon,9606,HeLa,EFO,EFO_0001185,,,,,SN1000498953,0.00003,6714,SRC,,,Pass,Hoechst:DNA; Alexa Fluor 488 phalloidin:actin; mScarlet:fascin; iRFP:nuclear actin chromobody (nAC),8.202358246,-53.8726311,,,compound response across 12 wells,inactive,inactive,,,,,,
1093689011,A1,Homo sapiens,NCBITaxon,9606,HeLa,EFO,EFO_0001185,DMSO,679,IAZDPXIOMUYVGZ-UHFFFAOYSA-N,CS(=O)C,,,,,Neutral Control,,Pass,Hoechst:DNA; Alexa Fluor 488 phalloidin:actin; mScarlet:fascin; iRFP:nuclear actin chromobody (nAC),-4.850876808,15.65120411,,,,,,,,,,,
1093689011,A2,Homo sapiens,NCBITaxon,9606,HeLa,EFO,EFO_0001185,,,,,,,,,Stimulator Control,Leptomycin b blocks nuclear export of fascin,Pass,Hoechst:DNA; Alexa Fluor 488 phalloidin:actin; mScarlet:fascin; iRFP:nuclear actin chromobody (nAC),109.1106796,-14.7186365,,,,,,,,,,,
1093689011,A3,Homo sapiens,NCBITaxon,9606,HeLa,EFO,EFO_0001185,DMSO,679,IAZDPXIOMUYVGZ-UHFFFAOYSA-N,CS(=O)C,,,,,Neutral Control,,Pass,Hoechst:DNA; Alexa Fluor 488 phalloidin:actin; mScarlet:fascin; iRFP:nuclear actin chromobody (nAC),4.621928692,-19.1035957,,,,,,,,,,,
1093689011,A4,Homo sapiens,NCBITaxon,9606,HeLa,EFO,EFO_0001185,,,,,SN1052454837,30,2932,GSK3B,,,Pass,Hoechst:DNA; Alexa Fluor 488 phalloidin:actin; mScarlet:fascin; iRFP:nuclear actin chromobody (nAC),61.49451828,-172.759872,,Yes,compound response across 12 wells,active,active,Nuclear fascin,regulation of protein localization to nucleus,GO_1900180,Nuclear actin,actin filament phenotype,CMPO_0000104
1093689011,A5,Homo sapiens,NCBITaxon,9606,HeLa,EFO,EFO_0001185,,,,,SN1052454837,10,2932,GSK3B,,,Pass,Hoechst:DNA; Alexa Fluor 488 phalloidin:actin; mScarlet:fascin; iRFP:nuclear actin chromobody (nAC),97.27702332,-76.1354218,,Yes,compound response across 12 wells,active,active,Nuclear fascin,regulation of protein localization to nucleus,GO_1900180,Nuclear actin,actin filament phenotype,CMPO_0000104
1093689011,A6,Homo sapiens,NCBITaxon,9606,HeLa,EFO,EFO_0001185,,,,,SN1052454837,3.125,2932,GSK3B,,,Pass,Hoechst:DNA; Alexa Fluor 488 phalloidin:actin; mScarlet:fascin; iRFP:nuclear actin chromobody (nAC),73.30091858,-162.071808,,Yes,compound response across 12 wells,active,active,Nuclear fascin,regulation of protein localization to nucleus,GO_1900180,Nuclear actin,actin filament phenotype,CMPO_0000104
1093689011,A7,Homo sapiens,NCBITaxon,9606,HeLa,EFO,EFO_0001185,,,,,SN1052454837,1.25,2932,GSK3B,,,Pass,Hoechst:DNA; Alexa Fluor 488 phalloidin:actin; mScarlet:fascin; iRFP:nuclear actin chromobody (nAC),24.04950714,-130.54422,,Yes,compound response across 12 wells,active,active,Nuclear fascin,regulation of protein localization to nucleus,GO_1900180,Nuclear actin,actin filament phenotype,CMPO_0000104
1093689011,A8,Homo sapiens,NCBITaxon,9606,HeLa,EFO,EFO_0001185,,,,,SN1052454837,0.3,2932,GSK3B,,,Pass,Hoechst:DNA; Alexa Fluor 488 phalloidin:actin; mScarlet:fascin; iRFP:nuclear actin chromobody (nAC),30.88528061,-27.6290569,,Yes,compound response across 12 wells,active,active,Nuclear fascin,regulation of protein localization to nucleus,GO_1900180,Nuclear actin,actin filament phenotype,CMPO_0000104
1093689011,A9,Homo sapiens,NCBITaxon,9606,HeLa,EFO,EFO_0001185,,,,,SN1052454837,0.1,2932,GSK3B,,,Pass,Hoechst:DNA; Alexa Fluor 488 phalloidin:actin; mScarlet:fascin; iRFP:nuclear actin chromobody (nAC),21.09725761,-28.574873,,Yes,compound response across 12 wells,active,active,Nuclear fascin,regulation of protein localization to nucleus,GO_1900180,Nuclear actin,actin filament phenotype,CMPO_0000104
1093689011,A10,Homo sapiens,NCBITaxon,9606,HeLa,EFO,EFO_0001185,,,,,SN1052454837,0.03,2932,GSK3B,,,Pass,Hoechst:DNA; Alexa Fluor 488 phalloidin:actin; mScarlet:fascin; iRFP:nuclear actin chromobody (nAC),6.286879063,-3.61631656,,Yes,compound response across 12 wells,active,active,Nuclear fascin,regulation of protein localization to nucleus,GO_1900180,Nuclear actin,actin filament phenotype,CMPO_0000104
1093689011,A11,Homo sapiens,NCBITaxon,9606,HeLa,EFO,EFO_0001185,,,,,SN1052454837,0.0125,2932,GSK3B,,,Pass,Hoechst:DNA; Alexa Fluor 488 phalloidin:actin; mScarlet:fascin; iRFP:nuclear actin chromobody (nAC),7.941605568,-5.03000689,,Yes,compound response across 12 wells,active,active,Nuclear fascin,regulation of protein localization to nucleus,GO_1900180,Nuclear actin,actin filament phenotype,CMPO_0000104
1093689011,A12,Homo sapiens,NCBITaxon,9606,HeLa,EFO,EFO_0001185,DMSO,679,IAZDPXIOMUYVGZ-UHFFFAOYSA-N,CS(=O)C,,,,,Neutral Control,,Pass,Hoechst:DNA; Alexa Fluor 488 phalloidin:actin; mScarlet:fascin; iRFP:nuclear actin chromobody (nAC),-8.272395134,-0.59319854,,,,,,,,,,,
1093689011,A13,Homo sapiens,NCBITaxon,9606,HeLa,EFO,EFO_0001185,,,,,,,,,Stimulator Control,Leptomycin b blocks nuclear export of fascin,Pass,Hoechst:DNA; Alexa Fluor 488 phalloidin:actin; mScarlet:fascin; iRFP:nuclear actin chromobody (nAC),87.00791168,-13.6425028,,,,,,,,,,,
1093689011,A14,Homo sapiens,NCBITaxon,9606,HeLa,EFO,EFO_0001185,DMSO,679,IAZDPXIOMUYVGZ-UHFFFAOYSA-N,CS(=O)C,,,,,Neutral Control,,Pass,Hoechst:DNA; Alexa Fluor 488 phalloidin:actin; mScarlet:fascin; iRFP:nuclear actin chromobody (nAC),-10.03652,16.90599251,,,,,,,,,,,
1093689011,A15,Homo sapiens,NCBITaxon,9606,HeLa,EFO,EFO_0001185,,,,,SN1052454837,0.003,2932,GSK3B,,,Pass,Hoechst:DNA; Alexa Fluor 488 phalloidin:actin; mScarlet:fascin; iRFP:nuclear actin chromobody (nAC),10.24746513,6.407363415,,Yes,compound response across 12 wells,active,active,Nuclear fascin,regulation of protein localization to nucleus,GO_1900180,Nuclear actin,actin filament phenotype,CMPO_0000104
1093689011,A16,Homo sapiens,NCBITaxon,9606,HeLa,EFO,EFO_0001185,,,,,SN1052454837,0.001,2932,GSK3B,,,Pass,Hoechst:DNA; Alexa Fluor 488 phalloidin:actin; mScarlet:fascin; iRFP:nuclear actin chromobody (nAC),8.209283829,-4.59869194,,Yes,compound response across 12 wells,active,active,Nuclear fascin,regulation of protein localization to nucleus,GO_1900180,Nuclear actin,actin filament phenotype,CMPO_0000104
1093689011,A17,Homo sapiens,NCBITaxon,9606,HeLa,EFO,EFO_0001185,,,,,SN1052454837,0.0003,2932,GSK3B,,,Pass,Hoechst:DNA; Alexa Fluor 488 phalloidin:actin; mScarlet:fascin; iRFP:nuclear actin chromobody (nAC),6.510052204,15.66931248,,Yes,compound response across 12 wells,active,active,Nuclear fascin,regulation of protein localization to nucleus,GO_1900180,Nuclear actin,actin filament phenotype,CMPO_0000104
1093689011,A18,Homo sapiens,NCBITaxon,9606,HeLa,EFO,EFO_0001185,,,,,SN1052454837,0.00003,2932,GSK3B,,,Pass,Hoechst:DNA; Alexa Fluor 488 phalloidin:actin; mScarlet:fascin; iRFP:nuclear actin chromobody (nAC),8.286419868,11.88893127,,Yes,compound response across 12 wells,active,active,Nuclear fascin,regulation of protein localization to nucleus,GO_1900180,Nuclear actin,actin filament phenotype,CMPO_0000104
1093689011,A19,Homo sapiens,NCBITaxon,9606,HeLa,EFO,EFO_0001185,,,,,SN1071249840,30,4914,NTRK1,,,Fail,Hoechst:DNA; Alexa Fluor 488 phalloidin:actin; mScarlet:fascin; iRFP:nuclear actin chromobody (nAC),84.79663086,,,,compound response across 12 wells,inactive,inactive,,,,,,
1093689011,A20,Homo sapiens,NCBITaxon,9606,HeLa,EFO,EFO_0001185,,,,,SN1071249840,10,4914,NTRK1,,,Pass,Hoechst:DNA; Alexa Fluor 488 phalloidin:actin; mScarlet:fascin; iRFP:nuclear actin chromobody (nAC),143.374588,-112.715965,,,compound response across 12 wells,inactive,inactive,,,,,,
1093689011,A21,Homo sapiens,NCBITaxon,9606,HeLa,EFO,EFO_0001185,,,,,SN1071249840,3.125,4914,NTRK1,,,Pass,Hoechst:DNA; Alexa Fluor 488 phalloidin:actin; mScarlet:fascin; iRFP:nuclear actin chromobody (nAC),-1.075425625,-157.624054,,,compound response across 12 wells,inactive,inactive,,,,,,
1093689011,A22,Homo sapiens,NCBITaxon,9606,HeLa,EFO,EFO_0001185,,,,,SN1071249840,1.25,4914,NTRK1,,,Pass,Hoechst:DNA; Alexa Fluor 488 phalloidin:actin; mScarlet:fascin; iRFP:nuclear actin chromobody (nAC),30.72692871,-7.39089298,,,compound response across 12 wells,inactive,inactive,,,,,,
1093689011,A23,Homo sapiens,NCBITaxon,9606,HeLa,EFO,EFO_0001185,DMSO,679,IAZDPXIOMUYVGZ-UHFFFAOYSA-N,CS(=O)C,,,,,Neutral Control,,Pass,Hoechst:DNA; Alexa Fluor 488 phalloidin:actin; mScarlet:fascin; iRFP:nuclear actin chromobody (nAC),1.596565127,-3.71436167,,,,,,,,,,,
1093689011,A24,Homo sapiens,NCBITaxon,9606,HeLa,EFO,EFO_0001185,,,,,,,,,Stimulator Control,Leptomycin b blocks nuclear export of fascin,Pass,Hoechst:DNA; Alexa Fluor 488 phalloidin:actin; mScarlet:fascin; iRFP:nuclear actin chromobody (nAC),112.3798599,18.41884041,,,,,,,,,,,
1093689011,B1,Homo sapiens,NCBITaxon,9606,HeLa,EFO,EFO_0001185,,,,,SN1071249840,0.3,4914,NTRK1,,,Pass,Hoechst:DNA; Alexa Fluor 488 phalloidin:actin; mScarlet:fascin; iRFP:nuclear actin chromobody (nAC),2.633835316,-18.941946,,,compound response across 12 wells,inactive,inactive,,,,,,
1093689011,B2,Homo sapiens,NCBITaxon,9606,HeLa,EFO,EFO_0001185,,,,,SN1071249840,0.1,4914,NTRK1,,,Pass,Hoechst:DNA; Alexa Fluor 488 phalloidin:actin; mScarlet:fascin; iRFP:nuclear actin chromobody (nAC),-6.860081196,-5.78132629,,,compound response across 12 wells,inactive,inactive,,,,,,
1093689011,B3,Homo sapiens,NCBITaxon,9606,HeLa,EFO,EFO_0001185,,,,,SN1071249840,0.03,4914,NTRK1,,,Pass,Hoechst:DNA; Alexa Fluor 488 phalloidin:actin; mScarlet:fascin; iRFP:nuclear actin chromobody (nAC),10.3035059,-18.0092735,,,compound response across 12 wells,inactive,inactive,,,,,,
1093689011,B4,Homo sapiens,NCBITaxon,9606,HeLa,EFO,EFO_0001185,,,,,SN1071249840,0.0125,4914,NTRK1,,,Pass,Hoechst:DNA; Alexa Fluor 488 phalloidin:actin; mScarlet:fascin; iRFP:nuclear actin chromobody (nAC),-0.34724462,-12.6148357,,,compound response across 12 wells,inactive,inactive,,,,,,
1093689011,B5,Homo sapiens,NCBITaxon,9606,HeLa,EFO,EFO_0001185,,,,,SN1071249840,0.003,4914,NTRK1,,,Pass,Hoechst:DNA; Alexa Fluor 488 phalloidin:actin; mScarlet:fascin; iRFP:nuclear actin chromobody (nAC),6.443051815,-10.2517529,,,compound response across 12 wells,inactive,inactive,,,,,,
1093689011,B6,Homo sapiens,NCBITaxon,9606,HeLa,EFO,EFO_0001185,,,,,SN1071249840,0.001,4914,NTRK1,,,Pass,Hoechst:DNA; Alexa Fluor 488 phalloidin:actin; mScarlet:fascin; iRFP:nuclear actin chromobody (nAC),17.32087898,-5.34005928,,,compound response across 12 wells,inactive,inactive,,,,,,
1093689011,B7,Homo sapiens,NCBITaxon,9606,HeLa,EFO,EFO_0001185,,,,,SN1071249840,0.0003,4914,NTRK1,,,Pass,Hoechst:DNA; Alexa Fluor 488 phalloidin:actin; mScarlet:fascin; iRFP:nuclear actin chromobody (nAC),11.60139656,1.704148412,,,compound response across 12 wells,inactive,inactive,,,,,,
1093689011,B8,Homo sapiens,NCBITaxon,9606,HeLa,EFO,EFO_0001185,,,,,SN1071249840,0.00003,4914,NTRK1,,,Pass,Hoechst:DNA; Alexa Fluor 488 phalloidin:actin; mScarlet:fascin; iRFP:nuclear actin chromobody (nAC),5.281253338,-23.0277138,,,compound response across 12 wells,inactive,inactive,,,,,,
1093689011,B9,Homo sapiens,NCBITaxon,9606,HeLa,EFO,EFO_0001185,,,,,SN1052454823,30,2932,GSK3B,,,Pass,Hoechst:DNA; Alexa Fluor 488 phalloidin:actin; mScarlet:fascin; iRFP:nuclear actin chromobody (nAC),53.01285553,37.64788818,,Yes,compound response across 12 wells,active,inactive,Nuclear fascin,regulation of protein localization to nucleus,GO_1900180,,,
1093689011,B10,Homo sapiens,NCBITaxon,9606,HeLa,EFO,EFO_0001185,,,,,SN1052454823,10,2932,GSK3B,,,Pass,Hoechst:DNA; Alexa Fluor 488 phalloidin:actin; mScarlet:fascin; iRFP:nuclear actin chromobody (nAC),48.98074722,-47.8709984,,Yes,compound response across 12 wells,active,inactive,Nuclear fascin,regulation of protein localization to nucleus,GO_1900180,,,
1093689011,B11,Homo sapiens,NCBITaxon,9606,HeLa,EFO,EFO_0001185,,,,,SN1052454823,3.125,2932,GSK3B,,,Pass,Hoechst:DNA; Alexa Fluor 488 phalloidin:actin; mScarlet:fascin; iRFP:nuclear actin chromobody (nAC),54.62371063,-336.366852,,Yes,compound response across 12 wells,active,inactive,Nuclear fascin,regulation of protein localization to nucleus,GO_1900180,,,
1093689011,B12,Homo sapiens,NCBITaxon,9606,HeLa,EFO,EFO_0001185,,,,,SN1052454823,1.25,2932,GSK3B,,,Pass,Hoechst:DNA; Alexa Fluor 488 phalloidin:actin; mScarlet:fascin; iRFP:nuclear actin chromobody (nAC),23.34782982,-100.189606,,Yes,compound response across 12 wells,active,inactive,Nuclear fascin,regulation of protein localization to nucleus,GO_1900180,,,
1093689011,B13,Homo sapiens,NCBITaxon,9606,HeLa,EFO,EFO_0001185,,,,,SN1052454823,0.3,2932,GSK3B,,,Pass,Hoechst:DNA; Alexa Fluor 488 phalloidin:actin; mScarlet:fascin; iRFP:nuclear actin chromobody (nAC),31.30857086,-19.5141716,,Yes,compound response across 12 wells,active,inactive,Nuclear fascin,regulation of protein localization to nucleus,GO_1900180,,,
1093689011,B14,Homo sapiens,NCBITaxon,9606,HeLa,EFO,EFO_0001185,,,,,SN1052454823,0.1,2932,GSK3B,,,Pass,Hoechst:DNA; Alexa Fluor 488 phalloidin:actin; mScarlet:fascin; iRFP:nuclear actin chromobody (nAC),11.06305027,3.589271784,,Yes,compound response across 12 wells,active,inactive,Nuclear fascin,regulation of protein localization to nucleus,GO_1900180,,,
1093689011,B15,Homo sapiens,NCBITaxon,9606,HeLa,EFO,EFO_0001185,,,,,SN1052454823,0.03,2932,GSK3B,,,Pass,Hoechst:DNA; Alexa Fluor 488 phalloidin:actin; mScarlet:fascin; iRFP:nuclear actin chromobody (nAC),4.3834939,-26.1306572,,Yes,compound response across 12 wells,active,inactive,Nuclear fascin,regulation of protein localization to nucleus,GO_1900180,,,
1093689011,B16,Homo sapiens,NCBITaxon,9606,HeLa,EFO,EFO_0001185,,,,,SN1052454823,0.0125,2932,GSK3B,,,Pass,Hoechst:DNA; Alexa Fluor 488 phalloidin:actin; mScarlet:fascin; iRFP:nuclear actin chromobody (nAC),9.225001335,-20.3767166,,Yes,compound response across 12 wells,active,inactive,Nuclear fascin,regulation of protein localization to nucleus,GO_1900180,,,
1093689011,B17,Homo sapiens,NCBITaxon,9606,HeLa,EFO,EFO_0001185,,,,,SN1052454823,0.003,2932,GSK3B,,,Pass,Hoechst:DNA; Alexa Fluor 488 phalloidin:actin; mScarlet:fascin; iRFP:nuclear actin chromobody (nAC),3.828353167,-33.5178604,,Yes,compound response across 12 wells,active,inactive,Nuclear fascin,regulation of protein localization to nucleus,GO_1900180,,,
1093689011,B18,Homo sapiens,NCBITaxon,9606,HeLa,EFO,EFO_0001185,,,,,SN1052454823,0.001,2932,GSK3B,,,Pass,Hoechst:DNA; Alexa Fluor 488 phalloidin:actin; mScarlet:fascin; iRFP:nuclear actin chromobody (nAC),12.45759773,-33.3550606,,Yes,compound response across 12 wells,active,inactive,Nuclear fascin,regulation of protein localization to nucleus,GO_1900180,,,
1093689011,B19,Homo sapiens,NCBITaxon,9606,HeLa,EFO,EFO_0001185,,,,,SN1052454823,0.0003,2932,GSK3B,,,Pass,Hoechst:DNA; Alexa Fluor 488 phalloidin:actin; mScarlet:fascin; iRFP:nuclear actin chromobody (nAC),4.721103668,11.49716759,,Yes,compound response across 12 wells,active,inactive,Nuclear fascin,regulation of protein localization to nucleus,GO_1900180,,,
1093689011,B20,Homo sapiens,NCBITaxon,9606,HeLa,EFO,EFO_0001185,,,,,SN1052454823,0.00003,2932,GSK3B,,,Pass,Hoechst:DNA; Alexa Fluor 488 phalloidin:actin; mScarlet:fascin; iRFP:nuclear actin chromobody (nAC),1.696564913,-59.2617722,,Yes,compound response across 12 wells,active,inactive,Nuclear fascin,regulation of protein localization to nucleus,GO_1900180,,,
1093689011,B21,Homo sapiens,NCBITaxon,9606,HeLa,EFO,EFO_0001185,,,,,SN1031657377,30,6850,SYK,,,Fail,Hoechst:DNA; Alexa Fluor 488 phalloidin:actin; mScarlet:fascin; iRFP:nuclear actin chromobody (nAC),9.123042107,-93.2820282,,Yes,compound response across 12 wells,inactive,active,,,,Nuclear actin,actin filament phenotype,CMPO_0000104
1093689011,B22,Homo sapiens,NCBITaxon,9606,HeLa,EFO,EFO_0001185,,,,,SN1031657377,10,6850,SYK,,,Fail,Hoechst:DNA; Alexa Fluor 488 phalloidin:actin; mScarlet:fascin; iRFP:nuclear actin chromobody (nAC),23.36085129,,,Yes,compound response across 12 wells,inactive,active,,,,Nuclear actin,actin filament phenotype,CMPO_0000104
1093689011,B23,Homo sapiens,NCBITaxon,9606,HeLa,EFO,EFO_0001185,,,,,SN1031657377,3.125,6850,SYK,,,Pass,Hoechst:DNA; Alexa Fluor 488 phalloidin:actin; mScarlet:fascin; iRFP:nuclear actin chromobody (nAC),-14.52085304,-97.4235611,,Yes,compound response across 12 wells,inactive,active,,,,Nuclear actin,actin filament phenotype,CMPO_0000104
1093689011,B24,Homo sapiens,NCBITaxon,9606,HeLa,EFO,EFO_0001185,,,,,SN1031657377,1.25,6850,SYK,,,Pass,Hoechst:DNA; Alexa Fluor 488 phalloidin:actin; mScarlet:fascin; iRFP:nuclear actin chromobody (nAC),-28.87373352,-26.8245831,,Yes,compound response across 12 wells,inactive,active,,,,Nuclear actin,actin filament phenotype,CMPO_0000104
1093689011,C1,Homo sapiens,NCBITaxon,9606,HeLa,EFO,EFO_0001185,,,,,SN1031657377,0.3,6850,SYK,,,Pass,Hoechst:DNA; Alexa Fluor 488 phalloidin:actin; mScarlet:fascin; iRFP:nuclear actin chromobody (nAC),1.620150805,-7.33312607,,Yes,compound response across 12 wells,inactive,active,,,,Nuclear actin,actin filament phenotype,CMPO_0000104
1093689011,C2,Homo sapiens,NCBITaxon,9606,HeLa,EFO,EFO_0001185,,,,,SN1031657377,0.1,6850,SYK,,,Pass,Hoechst:DNA; Alexa Fluor 488 phalloidin:actin; mScarlet:fascin; iRFP:nuclear actin chromobody (nAC),10.29475498,1.55680275,,Yes,compound response across 12 wells,inactive,active,,,,Nuclear actin,actin filament phenotype,CMPO_0000104
1093689011,C3,Homo sapiens,NCBITaxon,9606,HeLa,EFO,EFO_0001185,,,,,SN1031657377,0.03,6850,SYK,,,Pass,Hoechst:DNA; Alexa Fluor 488 phalloidin:actin; mScarlet:fascin; iRFP:nuclear actin chromobody (nAC),0.163936108,-16.457901,,Yes,compound response across 12 wells,inactive,active,,,,Nuclear actin,actin filament phenotype,CMPO_0000104
1093689011,C4,Homo sapiens,NCBITaxon,9606,HeLa,EFO,EFO_0001185,,,,,SN1031657377,0.0125,6850,SYK,,,Pass,Hoechst:DNA; Alexa Fluor 488 phalloidin:actin; mScarlet:fascin; iRFP:nuclear actin chromobody (nAC),5.364930153,-18.3989258,,Yes,compound response across 12 wells,inactive,active,,,,Nuclear actin,actin filament phenotype,CMPO_0000104
1093689011,C5,Homo sapiens,NCBITaxon,9606,HeLa,EFO,EFO_0001185,DMSO,679,IAZDPXIOMUYVGZ-UHFFFAOYSA-N,CS(=O)C,,,,,Neutral Control,,Pass,Hoechst:DNA; Alexa Fluor 488 phalloidin:actin; mScarlet:fascin; iRFP:nuclear actin chromobody (nAC),2.258054972,-7.10345984,,,,,,,,,,,
1093689011,C6,Homo sapiens,NCBITaxon,9606,HeLa,EFO,EFO_0001185,,,,,,,,,Stimulator Control,Leptomycin b blocks nuclear export of fascin,Pass,Hoechst:DNA; Alexa Fluor 488 phalloidin:actin; mScarlet:fascin; iRFP:nuclear actin chromobody (nAC),98.48886108,16.18460464,,,,,,,,,,,
1093689011,C7,Homo sapiens,NCBITaxon,9606,HeLa,EFO,EFO_0001185,DMSO,679,IAZDPXIOMUYVGZ-UHFFFAOYSA-N,CS(=O)C,,,,,Neutral Control,,Pass,Hoechst:DNA; Alexa Fluor 488 phalloidin:actin; mScarlet:fascin; iRFP:nuclear actin chromobody (nAC),-3.874257565,0.593198538,,,,,,,,,,,
1093689011,C8,Homo sapiens,NCBITaxon,9606,HeLa,EFO,EFO_0001185,,,,,SN1031657377,0.003,6850,SYK,,,Pass,Hoechst:DNA; Alexa Fluor 488 phalloidin:actin; mScarlet:fascin; iRFP:nuclear actin chromobody (nAC),-1.271211982,2.784579277,,Yes,compound response across 12 wells,inactive,active,,,,Nuclear actin,actin filament phenotype,CMPO_0000104
1093689011,C9,Homo sapiens,NCBITaxon,9606,HeLa,EFO,EFO_0001185,,,,,SN1031657377,0.001,6850,SYK,,,Pass,Hoechst:DNA; Alexa Fluor 488 phalloidin:actin; mScarlet:fascin; iRFP:nuclear actin chromobody (nAC),13.78135872,-9.96656513,,Yes,compound response across 12 wells,inactive,active,,,,Nuclear actin,actin filament phenotype,CMPO_0000104
1093689011,C10,Homo sapiens,NCBITaxon,9606,HeLa,EFO,EFO_0001185,,,,,SN1031657377,0.0003,6850,SYK,,,Pass,Hoechst:DNA; Alexa Fluor 488 phalloidin:actin; mScarlet:fascin; iRFP:nuclear actin chromobody (nAC),21.24991035,-16.0370293,,Yes,compound response across 12 wells,inactive,active,,,,Nuclear actin,actin filament phenotype,CMPO_0000104
1093689011,C11,Homo sapiens,NCBITaxon,9606,HeLa,EFO,EFO_0001185,,,,,SN1031657377,0.00003,6850,SYK,,,Pass,Hoechst:DNA; Alexa Fluor 488 phalloidin:actin; mScarlet:fascin; iRFP:nuclear actin chromobody (nAC),15.5704689,9.337920189,,Yes,compound response across 12 wells,inactive,active,,,,Nuclear actin,actin filament phenotype,CMPO_0000104
1093689011,C12,Homo sapiens,NCBITaxon,9606,HeLa,EFO,EFO_0001185,,,,,SN1036121508,30,1062,CENPE,,,Fail,Hoechst:DNA; Alexa Fluor 488 phalloidin:actin; mScarlet:fascin; iRFP:nuclear actin chromobody (nAC),,-18.4196854,Yes,Yes,compound response across 12 wells,active,inactive,Nuclear fascin,regulation of protein localization to nucleus,GO_1900180,,,
1093689011,C13,Homo sapiens,NCBITaxon,9606,HeLa,EFO,EFO_0001185,,,,,SN1036121508,10,1062,CENPE,,,Pass,Hoechst:DNA; Alexa Fluor 488 phalloidin:actin; mScarlet:fascin; iRFP:nuclear actin chromobody (nAC),57.92630005,38.04850388,Yes,Yes,compound response across 12 wells,active,inactive,Nuclear fascin,regulation of protein localization to nucleus,GO_1900180,,,
1093689011,C14,Homo sapiens,NCBITaxon,9606,HeLa,EFO,EFO_0001185,,,,,SN1036121508,3.125,1062,CENPE,,,Pass,Hoechst:DNA; Alexa Fluor 488 phalloidin:actin; mScarlet:fascin; iRFP:nuclear actin chromobody (nAC),20.85584641,48.37963867,Yes,Yes,compound response across 12 wells,active,inactive,Nuclear fascin,regulation of protein localization to nucleus,GO_1900180,,,
1093689011,C15,Homo sapiens,NCBITaxon,9606,HeLa,EFO,EFO_0001185,,,,,SN1036121508,1.25,1062,CENPE,,,Pass,Hoechst:DNA; Alexa Fluor 488 phalloidin:actin; mScarlet:fascin; iRFP:nuclear actin chromobody (nAC),42.0892868,12.81801891,Yes,Yes,compound response across 12 wells,active,inactive,Nuclear fascin,regulation of protein localization to nucleus,GO_1900180,,,
1093689011,C16,Homo sapiens,NCBITaxon,9606,HeLa,EFO,EFO_0001185,DMSO,679,IAZDPXIOMUYVGZ-UHFFFAOYSA-N,CS(=O)C,,,,,Neutral Control,,Pass,Hoechst:DNA; Alexa Fluor 488 phalloidin:actin; mScarlet:fascin; iRFP:nuclear actin chromobody (nAC),-1.280699372,15.58093071,,,,,,,,,,,
1093689011,C17,Homo sapiens,NCBITaxon,9606,HeLa,EFO,EFO_0001185,,,,,,,,,Stimulator Control,Leptomycin b blocks nuclear export of fascin,Pass,Hoechst:DNA; Alexa Fluor 488 phalloidin:actin; mScarlet:fascin; iRFP:nuclear actin chromobody (nAC),97.71063995,-8.01480293,,,,,,,,,,,
1093689011,C18,Homo sapiens,NCBITaxon,9606,HeLa,EFO,EFO_0001185,DMSO,679,IAZDPXIOMUYVGZ-UHFFFAOYSA-N,CS(=O)C,,,,,Neutral Control,,Pass,Hoechst:DNA; Alexa Fluor 488 phalloidin:actin; mScarlet:fascin; iRFP:nuclear actin chromobody (nAC),-3.909260511,15.98491192,,,,,,,,,,,
1093689011,C19,Homo sapiens,NCBITaxon,9606,HeLa,EFO,EFO_0001185,,,,,SN1036121508,0.3,1062,CENPE,,,Pass,Hoechst:DNA; Alexa Fluor 488 phalloidin:actin; mScarlet:fascin; iRFP:nuclear actin chromobody (nAC),91.83984375,-20.4389038,Yes,Yes,compound response across 12 wells,active,inactive,Nuclear fascin,regulation of protein localization to nucleus,GO_1900180,,,
1093689011,C20,Homo sapiens,NCBITaxon,9606,HeLa,EFO,EFO_0001185,,,,,SN1036121508,0.1,1062,CENPE,,,Pass,Hoechst:DNA; Alexa Fluor 488 phalloidin:actin; mScarlet:fascin; iRFP:nuclear actin chromobody (nAC),16.60850525,82.83334351,Yes,Yes,compound response across 12 wells,active,inactive,Nuclear fascin,regulation of protein localization to nucleus,GO_1900180,,,
1093689011,C21,Homo sapiens,NCBITaxon,9606,HeLa,EFO,EFO_0001185,,,,,SN1036121508,0.03,1062,CENPE,,,Pass,Hoechst:DNA; Alexa Fluor 488 phalloidin:actin; mScarlet:fascin; iRFP:nuclear actin chromobody (nAC),6.416681767,-16.6992931,Yes,Yes,compound response across 12 wells,active,inactive,Nuclear fascin,regulation of protein localization to nucleus,GO_1900180,,,
1093689011,C22,Homo sapiens,NCBITaxon,9606,HeLa,EFO,EFO_0001185,,,,,SN1036121508,0.0125,1062,CENPE,,,Pass,Hoechst:DNA; Alexa Fluor 488 phalloidin:actin; mScarlet:fascin; iRFP:nuclear actin chromobody (nAC),9.860651016,-19.9079666,Yes,Yes,compound response across 12 wells,active,inactive,Nuclear fascin,regulation of protein localization to nucleus,GO_1900180,,,
1093689011,C23,Homo sapiens,NCBITaxon,9606,HeLa,EFO,EFO_0001185,,,,,SN1036121508,0.003,1062,CENPE,,,Pass,Hoechst:DNA; Alexa Fluor 488 phalloidin:actin; mScarlet:fascin; iRFP:nuclear actin chromobody (nAC),-2.724863291,-23.2062836,Yes,Yes,compound response across 12 wells,active,inactive,Nuclear fascin,regulation of protein localization to nucleus,GO_1900180,,,
1093689011,C24,Homo sapiens,NCBITaxon,9606,HeLa,EFO,EFO_0001185,,,,,SN1036121508,0.001,1062,CENPE,,,Pass,Hoechst:DNA; Alexa Fluor 488 phalloidin:actin; mScarlet:fascin; iRFP:nuclear actin chromobody (nAC),11.62645626,-13.8070374,Yes,Yes,compound response across 12 wells,active,inactive,Nuclear fascin,regulation of protein localization to nucleus,GO_1900180,,,
1093689011,D1,Homo sapiens,NCBITaxon,9606,HeLa,EFO,EFO_0001185,,,,,SN1036121508,0.0003,1062,CENPE,,,Pass,Hoechst:DNA; Alexa Fluor 488 phalloidin:actin; mScarlet:fascin; iRFP:nuclear actin chromobody (nAC),14.30721188,-58.4674072,Yes,Yes,compound response across 12 wells,active,inactive,Nuclear fascin,regulation of protein localization to nucleus,GO_1900180,,,
1093689011,D2,Homo sapiens,NCBITaxon,9606,HeLa,EFO,EFO_0001185,,,,,SN1036121508,0.00003,1062,CENPE,,,Pass,Hoechst:DNA; Alexa Fluor 488 phalloidin:actin; mScarlet:fascin; iRFP:nuclear actin chromobody (nAC),12.44952488,-37.1408043,Yes,Yes,compound response across 12 wells,active,inactive,Nuclear fascin,regulation of protein localization to nucleus,GO_1900180,,,
1093689011,D3,Homo sapiens,NCBITaxon,9606,HeLa,EFO,EFO_0001185,,,,,SN1078379622,30,2932,GSK3B,,,Fail,Hoechst:DNA; Alexa Fluor 488 phalloidin:actin; mScarlet:fascin; iRFP:nuclear actin chromobody (nAC),215.6619415,-72.8897247,,Yes,compound response across 12 wells,inactive,active,,,,Nuclear actin,actin filament phenotype,CMPO_0000104
1093689011,D4,Homo sapiens,NCBITaxon,9606,HeLa,EFO,EFO_0001185,,,,,SN1078379622,10,2932,GSK3B,,,Pass,Hoechst:DNA; Alexa Fluor 488 phalloidin:actin; mScarlet:fascin; iRFP:nuclear actin chromobody (nAC),15.26699257,,,Yes,compound response across 12 wells,inactive,active,,,,Nuclear actin,actin filament phenotype,CMPO_0000104
1093689011,D5,Homo sapiens,NCBITaxon,9606,HeLa,EFO,EFO_0001185,,,,,SN1078379622,3.125,2932,GSK3B,,,Pass,Hoechst:DNA; Alexa Fluor 488 phalloidin:actin; mScarlet:fascin; iRFP:nuclear actin chromobody (nAC),103.3978729,-51.3960266,,Yes,compound response across 12 wells,inactive,active,,,,Nuclear actin,actin filament phenotype,CMPO_0000104
1093689011,D6,Homo sapiens,NCBITaxon,9606,HeLa,EFO,EFO_0001185,,,,,SN1078379622,1.25,2932,GSK3B,,,Pass,Hoechst:DNA; Alexa Fluor 488 phalloidin:actin; mScarlet:fascin; iRFP:nuclear actin chromobody (nAC),78.86499786,18.07499886,,Yes,compound response across 12 wells,inactive,active,,,,Nuclear actin,actin filament phenotype,CMPO_0000104
1093689011,D7,Homo sapiens,NCBITaxon,9606,HeLa,EFO,EFO_0001185,,,,,SN1078379622,0.3,2932,GSK3B,,,Pass,Hoechst:DNA; Alexa Fluor 488 phalloidin:actin; mScarlet:fascin; iRFP:nuclear actin chromobody (nAC),68.86548615,-162.655365,,Yes,compound response across 12 wells,inactive,active,,,,Nuclear actin,actin filament phenotype,CMPO_0000104
1093689011,D8,Homo sapiens,NCBITaxon,9606,HeLa,EFO,EFO_0001185,,,,,SN1078379622,0.1,2932,GSK3B,,,Pass,Hoechst:DNA; Alexa Fluor 488 phalloidin:actin; mScarlet:fascin; iRFP:nuclear actin chromobody (nAC),51.21303558,-122.766747,,Yes,compound response across 12 wells,inactive,active,,,,Nuclear actin,actin filament phenotype,CMPO_0000104
1093689011,D9,Homo sapiens,NCBITaxon,9606,HeLa,EFO,EFO_0001185,,,,,SN1078379622,0.03,2932,GSK3B,,,Pass,Hoechst:DNA; Alexa Fluor 488 phalloidin:actin; mScarlet:fascin; iRFP:nuclear actin chromobody (nAC),8.501032829,-32.2075844,,Yes,compound response across 12 wells,inactive,active,,,,Nuclear actin,actin filament phenotype,CMPO_0000104
1093689011,D10,Homo sapiens,NCBITaxon,9606,HeLa,EFO,EFO_0001185,,,,,SN1078379622,0.0125,2932,GSK3B,,,Pass,Hoechst:DNA; Alexa Fluor 488 phalloidin:actin; mScarlet:fascin; iRFP:nuclear actin chromobody (nAC),7.974280834,-8.86644363,,Yes,compound response across 12 wells,inactive,active,,,,Nuclear actin,actin filament phenotype,CMPO_0000104
1093689011,D11,Homo sapiens,NCBITaxon,9606,HeLa,EFO,EFO_0001185,,,,,SN1078379622,0.003,2932,GSK3B,,,Pass,Hoechst:DNA; Alexa Fluor 488 phalloidin:actin; mScarlet:fascin; iRFP:nuclear actin chromobody (nAC),9.387184143,-23.8209419,,Yes,compound response across 12 wells,inactive,active,,,,Nuclear actin,actin filament phenotype,CMPO_0000104
1093689011,D12,Homo sapiens,NCBITaxon,9606,HeLa,EFO,EFO_0001185,,,,,SN1078379622,0.001,2932,GSK3B,,,Pass,Hoechst:DNA; Alexa Fluor 488 phalloidin:actin; mScarlet:fascin; iRFP:nuclear actin chromobody (nAC),9.637477875,-13.53619,,Yes,compound response across 12 wells,inactive,active,,,,Nuclear actin,actin filament phenotype,CMPO_0000104
1093689011,D13,Homo sapiens,NCBITaxon,9606,HeLa,EFO,EFO_0001185,,,,,SN1078379622,0.0003,2932,GSK3B,,,Pass,Hoechst:DNA; Alexa Fluor 488 phalloidin:actin; mScarlet:fascin; iRFP:nuclear actin chromobody (nAC),9.7022686,-21.0786934,,Yes,compound response across 12 wells,inactive,active,,,,Nuclear actin,actin filament phenotype,CMPO_0000104
1093689011,D14,Homo sapiens,NCBITaxon,9606,HeLa,EFO,EFO_0001185,,,,,SN1078379622,0.00003,2932,GSK3B,,,Pass,Hoechst:DNA; Alexa Fluor 488 phalloidin:actin; mScarlet:fascin; iRFP:nuclear actin chromobody (nAC),8.52777195,-2.31580782,,Yes,compound response across 12 wells,inactive,active,,,,Nuclear actin,actin filament phenotype,CMPO_0000104
1093689011,D15,Homo sapiens,NCBITaxon,9606,HeLa,EFO,EFO_0001185,,,,,SN1077907971,30,1565,CYP2D6,,,Pass,Hoechst:DNA; Alexa Fluor 488 phalloidin:actin; mScarlet:fascin; iRFP:nuclear actin chromobody (nAC),50.39101028,45.37812424,,,compound response across 12 wells,inactive,inactive,,,,,,
1093689011,D16,Homo sapiens,NCBITaxon,9606,HeLa,EFO,EFO_0001185,,,,,SN1077907971,10,1565,CYP2D6,,,Fail,Hoechst:DNA; Alexa Fluor 488 phalloidin:actin; mScarlet:fascin; iRFP:nuclear actin chromobody (nAC),111.8747635,-216.514786,,,compound response across 12 wells,inactive,inactive,,,,,,
1093689011,D17,Homo sapiens,NCBITaxon,9606,HeLa,EFO,EFO_0001185,,,,,SN1077907971,3.125,1565,CYP2D6,,,Pass,Hoechst:DNA; Alexa Fluor 488 phalloidin:actin; mScarlet:fascin; iRFP:nuclear actin chromobody (nAC),40.33392715,,,,compound response across 12 wells,inactive,inactive,,,,,,
1093689011,D18,Homo sapiens,NCBITaxon,9606,HeLa,EFO,EFO_0001185,,,,,SN1077907971,1.25,1565,CYP2D6,,,Pass,Hoechst:DNA; Alexa Fluor 488 phalloidin:actin; mScarlet:fascin; iRFP:nuclear actin chromobody (nAC),75.52213287,,,,compound response across 12 wells,inactive,inactive,,,,,,
1093689011,D19,Homo sapiens,NCBITaxon,9606,HeLa,EFO,EFO_0001185,,,,,SN1077907971,0.3,1565,CYP2D6,,,Pass,Hoechst:DNA; Alexa Fluor 488 phalloidin:actin; mScarlet:fascin; iRFP:nuclear actin chromobody (nAC),-17.57761002,-26.3919048,,,compound response across 12 wells,inactive,inactive,,,,,,
1093689011,D20,Homo sapiens,NCBITaxon,9606,HeLa,EFO,EFO_0001185,,,,,SN1077907971,0.1,1565,CYP2D6,,,Pass,Hoechst:DNA; Alexa Fluor 488 phalloidin:actin; mScarlet:fascin; iRFP:nuclear actin chromobody (nAC),15.96289635,-7.08037043,,,compound response across 12 wells,inactive,inactive,,,,,,
1093689011,D21,Homo sapiens,NCBITaxon,9606,HeLa,EFO,EFO_0001185,,,,,SN1077907971,0.03,1565,CYP2D6,,,Pass,Hoechst:DNA; Alexa Fluor 488 phalloidin:actin; mScarlet:fascin; iRFP:nuclear actin chromobody (nAC),9.460622787,-16.4743137,,,compound response across 12 wells,inactive,inactive,,,,,,
1093689011,D22,Homo sapiens,NCBITaxon,9606,HeLa,EFO,EFO_0001185,,,,,SN1077907971,0.0125,1565,CYP2D6,,,Pass,Hoechst:DNA; Alexa Fluor 488 phalloidin:actin; mScarlet:fascin; iRFP:nuclear actin chromobody (nAC),4.57240057,-2.75496912,,,compound response across 12 wells,inactive,inactive,,,,,,
1093689011,D23,Homo sapiens,NCBITaxon,9606,HeLa,EFO,EFO_0001185,,,,,SN1077907971,0.003,1565,CYP2D6,,,Pass,Hoechst:DNA; Alexa Fluor 488 phalloidin:actin; mScarlet:fascin; iRFP:nuclear actin chromobody (nAC),13.19221687,-10.7847214,,,compound response across 12 wells,inactive,inactive,,,,,,
1093689011,D24,Homo sapiens,NCBITaxon,9606,HeLa,EFO,EFO_0001185,,,,,SN1077907971,0.001,1565,CYP2D6,,,Pass,Hoechst:DNA; Alexa Fluor 488 phalloidin:actin; mScarlet:fascin; iRFP:nuclear actin chromobody (nAC),3.335263252,-37.1622429,,,compound response across 12 wells,inactive,inactive,,,,,,
1093689011,E1,Homo sapiens,NCBITaxon,9606,HeLa,EFO,EFO_0001185,,,,,SN1077907971,0.0003,1565,CYP2D6,,,Pass,Hoechst:DNA; Alexa Fluor 488 phalloidin:actin; mScarlet:fascin; iRFP:nuclear actin chromobody (nAC),18.06869698,-34.7275772,,,compound response across 12 wells,inactive,inactive,,,,,,
1093689011,E2,Homo sapiens,NCBITaxon,9606,HeLa,EFO,EFO_0001185,,,,,SN1077907971,0.00003,1565,CYP2D6,,,Pass,Hoechst:DNA; Alexa Fluor 488 phalloidin:actin; mScarlet:fascin; iRFP:nuclear actin chromobody (nAC),6.018715382,-19.8649578,,,compound response across 12 wells,inactive,inactive,,,,,,
1093689011,E3,Homo sapiens,NCBITaxon,9606,HeLa,EFO,EFO_0001185,,,,,,,,,Negative Control,Untreated cells,,,0.671095073,-3.27684665,,,,,,,,,,,
1093689011,E4,Homo sapiens,NCBITaxon,9606,HeLa,EFO,EFO_0001185,,,,,,,,,Negative Control,Untreated cells,,,-3.375878811,-30.36866,,,,,,,,,,,
1093689011,E5,Homo sapiens,NCBITaxon,9606,HeLa,EFO,EFO_0001185,,,,,,,,,Negative Control,Untreated cells,,,-3.400731564,4.281435013,,,,,,,,,,,
1093689011,E6,Homo sapiens,NCBITaxon,9606,HeLa,EFO,EFO_0001185,,,,,,,,,Negative Control,Untreated cells,,,-5.389311314,-26.3761539,,,,,,,,,,,
1093689011,E7,Homo sapiens,NCBITaxon,9606,HeLa,EFO,EFO_0001185,,,,,,,,,Negative Control,Untreated cells,,,-0.926957965,2.376524925,,,,,,,,,,,
1093689011,E8,Homo sapiens,NCBITaxon,9606,HeLa,EFO,EFO_0001185,,,,,,,,,Negative Control,Untreated cells,,,7.000873566,-8.53806973,,,,,,,,,,,
1093689011,E9,Homo sapiens,NCBITaxon,9606,HeLa,EFO,EFO_0001185,DMSO,679,IAZDPXIOMUYVGZ-UHFFFAOYSA-N,CS(=O)C,,,,,Neutral Control,,Pass,Hoechst:DNA; Alexa Fluor 488 phalloidin:actin; mScarlet:fascin; iRFP:nuclear actin chromobody (nAC),-0.265070319,4.491507053,,,,,,,,,,,
1093689011,E10,Homo sapiens,NCBITaxon,9606,HeLa,EFO,EFO_0001185,,,,,,,,,Stimulator Control,Leptomycin b blocks nuclear export of fascin,Pass,Hoechst:DNA; Alexa Fluor 488 phalloidin:actin; mScarlet:fascin; iRFP:nuclear actin chromobody (nAC),102.0387421,-31.0162792,,,,,,,,,,,
1093689011,E11,Homo sapiens,NCBITaxon,9606,HeLa,EFO,EFO_0001185,DMSO,679,IAZDPXIOMUYVGZ-UHFFFAOYSA-N,CS(=O)C,,,,,Neutral Control,,Pass,Hoechst:DNA; Alexa Fluor 488 phalloidin:actin; mScarlet:fascin; iRFP:nuclear actin chromobody (nAC),-13.00630093,1.14944315,,,,,,,,,,,
1093689011,E12,Homo sapiens,NCBITaxon,9606,HeLa,EFO,EFO_0001185,,,,,,,,,Negative Control,Untreated cells,,,-4.359348297,15.56695938,,,,,,,,,,,
1093689011,E13,Homo sapiens,NCBITaxon,9606,HeLa,EFO,EFO_0001185,,,,,,,,,Negative Control,Untreated cells,,,-15.58137035,-25.1852303,,,,,,,,,,,
1093689011,E14,Homo sapiens,NCBITaxon,9606,HeLa,EFO,EFO_0001185,,,,,,,,,Negative Control,Untreated cells,,,4.35071516,3.408253908,,,,,,,,,,,
1093689011,E15,Homo sapiens,NCBITaxon,9606,HeLa,EFO,EFO_0001185,,,,,,,,,Negative Control,Untreated cells,,,-4.198903561,-6.31204414,,,,,,,,,,,
1093689011,E16,Homo sapiens,NCBITaxon,9606,HeLa,EFO,EFO_0001185,,,,,,,,,Negative Control,Untreated cells,,,-4.398108006,5.513476372,,,,,,,,,,,
1093689011,E17,Homo sapiens,NCBITaxon,9606,HeLa,EFO,EFO_0001185,,,,,,,,,Negative Control,Untreated cells,,,5.553453922,-49.0548744,,,,,,,,,,,
1093689011,E18,Homo sapiens,NCBITaxon,9606,HeLa,EFO,EFO_0001185,,,,,,,,,Negative Control,Untreated cells,,,-6.75717926,-16.3291397,,,,,,,,,,,
1093689011,E19,Homo sapiens,NCBITaxon,9606,HeLa,EFO,EFO_0001185,,,,,,,,,Negative Control,Untreated cells,,,-11.6621809,-25.1254482,,,,,,,,,,,
1093689011,E20,Homo sapiens,NCBITaxon,9606,HeLa,EFO,EFO_0001185,DMSO,679,IAZDPXIOMUYVGZ-UHFFFAOYSA-N,CS(=O)C,,,,,Neutral Control,,Pass,Hoechst:DNA; Alexa Fluor 488 phalloidin:actin; mScarlet:fascin; iRFP:nuclear actin chromobody (nAC),-5.109936237,-14.4297981,,,,,,,,,,,
1093689011,E21,Homo sapiens,NCBITaxon,9606,HeLa,EFO,EFO_0001185,,,,,,,,,Stimulator Control,Leptomycin b blocks nuclear export of fascin,Pass,Hoechst:DNA; Alexa Fluor 488 phalloidin:actin; mScarlet:fascin; iRFP:nuclear actin chromobody (nAC),102.1355286,-0.28503847,,,,,,,,,,,
1093689011,E22,Homo sapiens,NCBITaxon,9606,HeLa,EFO,EFO_0001185,DMSO,679,IAZDPXIOMUYVGZ-UHFFFAOYSA-N,CS(=O)C,,,,,Neutral Control,,Pass,Hoechst:DNA; Alexa Fluor 488 phalloidin:actin; mScarlet:fascin; iRFP:nuclear actin chromobody (nAC),-3.357449293,-24.5106087,,,,,,,,,,,
1093689011,E23,Homo sapiens,NCBITaxon,9606,HeLa,EFO,EFO_0001185,,,,,,,,,Negative Control,Untreated cells,,,-1.495460391,-27.748642,,,,,,,,,,,
1093689011,E24,Homo sapiens,NCBITaxon,9606,HeLa,EFO,EFO_0001185,,,,,,,,,Negative Control,Untreated cells,,,8.367076874,-7.76285934,,,,,,,,,,,
1093689011,F1,Homo sapiens,NCBITaxon,9606,HeLa,EFO,EFO_0001185,,,,,,,,,Negative Control,Untreated cells,,,11.83570671,8.010185242,,,,,,,,,,,
1093689011,F2,Homo sapiens,NCBITaxon,9606,HeLa,EFO,EFO_0001185,,,,,,,,,Negative Control,Untreated cells,,,1.111430287,-45.239521,,,,,,,,,,,
1093689011,F3,Homo sapiens,NCBITaxon,9606,HeLa,EFO,EFO_0001185,,,,,,,,,Negative Control,Untreated cells,,,4.289681435,0.077018641,,,,,,,,,,,
1093689011,F4,Homo sapiens,NCBITaxon,9606,HeLa,EFO,EFO_0001185,,,,,,,,,Negative Control,Untreated cells,,,3.630209684,-3.62482548,,,,,,,,,,,
1093689011,F5,Homo sapiens,NCBITaxon,9606,HeLa,EFO,EFO_0001185,,,,,,,,,Negative Control,Untreated cells,,,1.441379666,23.71960449,,,,,,,,,,,
1093689011,F6,Homo sapiens,NCBITaxon,9606,HeLa,EFO,EFO_0001185,,,,,,,,,Negative Control,Untreated cells,,,-2.441776037,1.8737818,,,,,,,,,,,
1093689011,F7,Homo sapiens,NCBITaxon,9606,HeLa,EFO,EFO_0001185,,,,,,,,,Negative Control,Untreated cells,,,0.424586862,10.63848209,,,,,,,,,,,
1093689011,F8,Homo sapiens,NCBITaxon,9606,HeLa,EFO,EFO_0001185,,,,,,,,,Negative Control,Untreated cells,,,-2.29790473,1.8196069,,,,,,,,,,,
1093689011,F9,Homo sapiens,NCBITaxon,9606,HeLa,EFO,EFO_0001185,,,,,,,,,Negative Control,Untreated cells,,,3.704885483,25.61131287,,,,,,,,,,,
1093689011,F10,Homo sapiens,NCBITaxon,9606,HeLa,EFO,EFO_0001185,,,,,,,,,Negative Control,Untreated cells,,,-9.261800766,-13.8124037,,,,,,,,,,,
1093689011,F11,Homo sapiens,NCBITaxon,9606,HeLa,EFO,EFO_0001185,,,,,,,,,Negative Control,Untreated cells,,,-7.005558014,-16.5776615,,,,,,,,,,,
1093689011,F12,Homo sapiens,NCBITaxon,9606,HeLa,EFO,EFO_0001185,,,,,,,,,Negative Control,Untreated cells,,,9.974248886,28.92034531,,,,,,,,,,,
1093689011,F13,Homo sapiens,NCBITaxon,9606,HeLa,EFO,EFO_0001185,,,,,,,,,Negative Control,Untreated cells,,,-7.622159958,9.977041245,,,,,,,,,,,
1093689011,F14,Homo sapiens,NCBITaxon,9606,HeLa,EFO,EFO_0001185,,,,,,,,,Negative Control,Untreated cells,,,4.941492558,-7.04599237,,,,,,,,,,,
1093689011,F15,Homo sapiens,NCBITaxon,9606,HeLa,EFO,EFO_0001185,,,,,,,,,Negative Control,Untreated cells,,,-2.680343628,3.216119051,,,,,,,,,,,
1093689011,F16,Homo sapiens,NCBITaxon,9606,HeLa,EFO,EFO_0001185,,,,,,,,,Negative Control,Untreated cells,,,0.675367296,5.083518982,,,,,,,,,,,
1093689011,F17,Homo sapiens,NCBITaxon,9606,HeLa,EFO,EFO_0001185,,,,,,,,,Negative Control,Untreated cells,,,4.641050816,6.703935623,,,,,,,,,,,
1093689011,F18,Homo sapiens,NCBITaxon,9606,HeLa,EFO,EFO_0001185,,,,,,,,,Negative Control,Untreated cells,,,2.89131856,-0.479568,,,,,,,,,,,
1093689011,F19,Homo sapiens,NCBITaxon,9606,HeLa,EFO,EFO_0001185,,,,,,,,,Negative Control,Untreated cells,,,-3.501924753,-2.89128304,,,,,,,,,,,
1093689011,F20,Homo sapiens,NCBITaxon,9606,HeLa,EFO,EFO_0001185,,,,,,,,,Negative Control,Untreated cells,,,-12.30093956,0.575378954,,,,,,,,,,,
1093689011,F21,Homo sapiens,NCBITaxon,9606,HeLa,EFO,EFO_0001185,,,,,,,,,Negative Control,Untreated cells,,,-2.754621744,-19.023119,,,,,,,,,,,
1093689011,F22,Homo sapiens,NCBITaxon,9606,HeLa,EFO,EFO_0001185,,,,,,,,,Negative Control,Untreated cells,,,-0.741911113,-6.41466427,,,,,,,,,,,
1093689011,F23,Homo sapiens,NCBITaxon,9606,HeLa,EFO,EFO_0001185,,,,,,,,,Negative Control,Untreated cells,,,-8.592989922,2.932951212,,,,,,,,,,,
1093689011,F24,Homo sapiens,NCBITaxon,9606,HeLa,EFO,EFO_0001185,,,,,,,,,Negative Control,Untreated cells,,,3.806874037,-8.27031612,,,,,,,,,,,
1093689011,G1,Homo sapiens,NCBITaxon,9606,HeLa,EFO,EFO_0001185,,,,,,,,,Negative Control,Untreated cells,,,6.537129402,-20.1733093,,,,,,,,,,,
1093689011,G2,Homo sapiens,NCBITaxon,9606,HeLa,EFO,EFO_0001185,,,,,,,,,Negative Control,Untreated cells,,,3.74827075,-19.9878025,,,,,,,,,,,
1093689011,G3,Homo sapiens,NCBITaxon,9606,HeLa,EFO,EFO_0001185,,,,,,,,,Negative Control,Untreated cells,,,4.605679512,-2.35183191,,,,,,,,,,,
1093689011,G4,Homo sapiens,NCBITaxon,9606,HeLa,EFO,EFO_0001185,,,,,,,,,Negative Control,Untreated cells,,,0.016057724,-21.4648762,,,,,,,,,,,
1093689011,G5,Homo sapiens,NCBITaxon,9606,HeLa,EFO,EFO_0001185,,,,,,,,,Negative Control,Untreated cells,,,-9.035018921,-24.0005856,,,,,,,,,,,
1093689011,G6,Homo sapiens,NCBITaxon,9606,HeLa,EFO,EFO_0001185,,,,,,,,,Negative Control,Untreated cells,,,5.646956921,-14.9284849,,,,,,,,,,,
1093689011,G7,Homo sapiens,NCBITaxon,9606,HeLa,EFO,EFO_0001185,,,,,,,,,Negative Control,Untreated cells,,,11.42280293,-3.42197943,,,,,,,,,,,
1093689011,G8,Homo sapiens,NCBITaxon,9606,HeLa,EFO,EFO_0001185,,,,,,,,,Negative Control,Untreated cells,,,-5.142051697,-11.214818,,,,,,,,,,,
1093689011,G9,Homo sapiens,NCBITaxon,9606,HeLa,EFO,EFO_0001185,,,,,,,,,Negative Control,Untreated cells,,,-4.655753136,-8.41462612,,,,,,,,,,,
1093689011,G10,Homo sapiens,NCBITaxon,9606,HeLa,EFO,EFO_0001185,,,,,,,,,Negative Control,Untreated cells,,,-0.355229288,-0.34955028,,,,,,,,,,,
1093689011,G11,Homo sapiens,NCBITaxon,9606,HeLa,EFO,EFO_0001185,,,,,,,,,Negative Control,Untreated cells,,,1.934970617,8.854995728,,,,,,,,,,,
1093689011,G12,Homo sapiens,NCBITaxon,9606,HeLa,EFO,EFO_0001185,,,,,,,,,Negative Control,Untreated cells,,,-3.352499485,11.29960251,,,,,,,,,,,
1093689011,G13,Homo sapiens,NCBITaxon,9606,HeLa,EFO,EFO_0001185,DMSO,679,IAZDPXIOMUYVGZ-UHFFFAOYSA-N,CS(=O)C,,,,,Neutral Control,,Pass,Hoechst:DNA; Alexa Fluor 488 phalloidin:actin; mScarlet:fascin; iRFP:nuclear actin chromobody (nAC),-4.528514385,17.6761055,,,,,,,,,,,
1093689011,G14,Homo sapiens,NCBITaxon,9606,HeLa,EFO,EFO_0001185,,,,,,,,,Stimulator Control,Leptomycin b blocks nuclear export of fascin,Pass,Hoechst:DNA; Alexa Fluor 488 phalloidin:actin; mScarlet:fascin; iRFP:nuclear actin chromobody (nAC),94.47832489,5.327584267,,,,,,,,,,,
1093689011,G15,Homo sapiens,NCBITaxon,9606,HeLa,EFO,EFO_0001185,DMSO,679,IAZDPXIOMUYVGZ-UHFFFAOYSA-N,CS(=O)C,,,,,Neutral Control,,Pass,Hoechst:DNA; Alexa Fluor 488 phalloidin:actin; mScarlet:fascin; iRFP:nuclear actin chromobody (nAC),6.424975872,-31.1577721,,,,,,,,,,,
1093689011,G16,Homo sapiens,NCBITaxon,9606,HeLa,EFO,EFO_0001185,,,,,,,,,Negative Control,Untreated cells,,,-5.107004642,12.03112411,,,,,,,,,,,
1093689011,G17,Homo sapiens,NCBITaxon,9606,HeLa,EFO,EFO_0001185,,,,,,,,,Negative Control,Untreated cells,,,-6.614603996,9.376787186,,,,,,,,,,,
1093689011,G18,Homo sapiens,NCBITaxon,9606,HeLa,EFO,EFO_0001185,,,,,,,,,Negative Control,Untreated cells,,,-0.020550942,-17.0113716,,,,,,,,,,,
1093689011,G19,Homo sapiens,NCBITaxon,9606,HeLa,EFO,EFO_0001185,,,,,,,,,Negative Control,Untreated cells,,,0.836224437,9.246705055,,,,,,,,,,,
1093689011,G20,Homo sapiens,NCBITaxon,9606,HeLa,EFO,EFO_0001185,,,,,,,,,Negative Control,Untreated cells,,,-6.49887085,-18.7091064,,,,,,,,,,,
1093689011,G21,Homo sapiens,NCBITaxon,9606,HeLa,EFO,EFO_0001185,,,,,,,,,Negative Control,Untreated cells,,,2.984512329,-1.40697718,,,,,,,,,,,
1093689011,G22,Homo sapiens,NCBITaxon,9606,HeLa,EFO,EFO_0001185,,,,,,,,,Negative Control,Untreated cells,,,-3.585719585,0.011886847,,,,,,,,,,,
1093689011,G23,Homo sapiens,NCBITaxon,9606,HeLa,EFO,EFO_0001185,,,,,,,,,Negative Control,Untreated cells,,,0.472524345,-22.5922565,,,,,,,,,,,
1093689011,G24,Homo sapiens,NCBITaxon,9606,HeLa,EFO,EFO_0001185,,,,,,,,,Negative Control,Untreated cells,,,-0.304315984,-9.60364246,,,,,,,,,,,
1093689011,H1,Homo sapiens,NCBITaxon,9606,HeLa,EFO,EFO_0001185,,,,,,,,,Negative Control,Untreated cells,,,-2.028223276,-4.56773472,,,,,,,,,,,
1093689011,H2,Homo sapiens,NCBITaxon,9606,HeLa,EFO,EFO_0001185,DMSO,679,IAZDPXIOMUYVGZ-UHFFFAOYSA-N,CS(=O)C,,,,,Neutral Control,,Pass,Hoechst:DNA; Alexa Fluor 488 phalloidin:actin; mScarlet:fascin; iRFP:nuclear actin chromobody (nAC),3.538091421,-22.261879,,,,,,,,,,,
1093689011,H3,Homo sapiens,NCBITaxon,9606,HeLa,EFO,EFO_0001185,,,,,,,,,Stimulator Control,Leptomycin b blocks nuclear export of fascin,Pass,Hoechst:DNA; Alexa Fluor 488 phalloidin:actin; mScarlet:fascin; iRFP:nuclear actin chromobody (nAC),108.7473602,9.573978424,,,,,,,,,,,
1093689011,H4,Homo sapiens,NCBITaxon,9606,HeLa,EFO,EFO_0001185,DMSO,679,IAZDPXIOMUYVGZ-UHFFFAOYSA-N,CS(=O)C,,,,,Neutral Control,,Pass,Hoechst:DNA; Alexa Fluor 488 phalloidin:actin; mScarlet:fascin; iRFP:nuclear actin chromobody (nAC),2.463947535,-26.9088058,,,,,,,,,,,
1093689011,H5,Homo sapiens,NCBITaxon,9606,HeLa,EFO,EFO_0001185,,,,,,,,,Negative Control,Untreated cells,,,-8.114189148,-19.2221432,,,,,,,,,,,
1093689011,H6,Homo sapiens,NCBITaxon,9606,HeLa,EFO,EFO_0001185,,,,,,,,,Negative Control,Untreated cells,,,27.00409889,13.03041077,,,,,,,,,,,
1093689011,H7,Homo sapiens,NCBITaxon,9606,HeLa,EFO,EFO_0001185,,,,,,,,,Negative Control,Untreated cells,,,8.915735245,-16.5922737,,,,,,,,,,,
1093689011,H8,Homo sapiens,NCBITaxon,9606,HeLa,EFO,EFO_0001185,,,,,,,,,Negative Control,Untreated cells,,,-5.00948,12.45985317,,,,,,,,,,,
1093689011,H9,Homo sapiens,NCBITaxon,9606,HeLa,EFO,EFO_0001185,,,,,,,,,Negative Control,Untreated cells,,,-5.77438736,-21.2688084,,,,,,,,,,,
1093689011,H10,Homo sapiens,NCBITaxon,9606,HeLa,EFO,EFO_0001185,,,,,,,,,Negative Control,Untreated cells,,,-2.43359971,5.020396709,,,,,,,,,,,
1093689011,H11,Homo sapiens,NCBITaxon,9606,HeLa,EFO,EFO_0001185,,,,,,,,,Negative Control,Untreated cells,,,0.471552044,16.13935471,,,,,,,,,,,
1093689011,H12,Homo sapiens,NCBITaxon,9606,HeLa,EFO,EFO_0001185,,,,,,,,,Negative Control,Untreated cells,,,4.195632935,12.46188354,,,,,,,,,,,
1093689011,H13,Homo sapiens,NCBITaxon,9606,HeLa,EFO,EFO_0001185,,,,,,,,,Negative Control,Untreated cells,,,9.390675545,3.813988924,,,,,,,,,,,
1093689011,H14,Homo sapiens,NCBITaxon,9606,HeLa,EFO,EFO_0001185,,,,,,,,,Negative Control,Untreated cells,,,12.10874748,4.00364399,,,,,,,,,,,
1093689011,H15,Homo sapiens,NCBITaxon,9606,HeLa,EFO,EFO_0001185,,,,,,,,,Negative Control,Untreated cells,,,0.119033411,-10.6348372,,,,,,,,,,,
1093689011,H16,Homo sapiens,NCBITaxon,9606,HeLa,EFO,EFO_0001185,,,,,,,,,Negative Control,Untreated cells,,,7.903641701,5.552023411,,,,,,,,,,,
1093689011,H17,Homo sapiens,NCBITaxon,9606,HeLa,EFO,EFO_0001185,,,,,,,,,Negative Control,Untreated cells,,,-6.979600906,-1.69661224,,,,,,,,,,,
1093689011,H18,Homo sapiens,NCBITaxon,9606,HeLa,EFO,EFO_0001185,,,,,,,,,Negative Control,Untreated cells,,,5.39619112,-23.2817841,,,,,,,,,,,
1093689011,H19,Homo sapiens,NCBITaxon,9606,HeLa,EFO,EFO_0001185,,,,,,,,,Negative Control,Untreated cells,,,8.921981812,-6.16904926,,,,,,,,,,,
1093689011,H20,Homo sapiens,NCBITaxon,9606,HeLa,EFO,EFO_0001185,,,,,,,,,Negative Control,Untreated cells,,,-0.461829007,-22.3669624,,,,,,,,,,,
1093689011,H21,Homo sapiens,NCBITaxon,9606,HeLa,EFO,EFO_0001185,,,,,,,,,Negative Control,Untreated cells,,,-1.327384591,-18.4701023,,,,,,,,,,,
1093689011,H22,Homo sapiens,NCBITaxon,9606,HeLa,EFO,EFO_0001185,,,,,,,,,Negative Control,Untreated cells,,,6.54943037,-7.89002275,,,,,,,,,,,
1093689011,H23,Homo sapiens,NCBITaxon,9606,HeLa,EFO,EFO_0001185,,,,,,,,,Negative Control,Untreated cells,,,-17.29241753,-20.3671875,,,,,,,,,,,
1093689011,H24,Homo sapiens,NCBITaxon,9606,HeLa,EFO,EFO_0001185,,,,,,,,,Negative Control,Untreated cells,,,3.577793837,-39.4461594,,,,,,,,,,,
1093689011,I1,Homo sapiens,NCBITaxon,9606,HeLa,EFO,EFO_0001185,,,,,,,,,Negative Control,Untreated cells,,,7.459461689,-42.143425,,,,,,,,,,,
1093689011,I2,Homo sapiens,NCBITaxon,9606,HeLa,EFO,EFO_0001185,,,,,,,,,Negative Control,Untreated cells,,,-2.087268591,-22.7786789,,,,,,,,,,,
1093689011,I3,Homo sapiens,NCBITaxon,9606,HeLa,EFO,EFO_0001185,,,,,,,,,Negative Control,Untreated cells,,,7.550312996,-16.7000141,,,,,,,,,,,
1093689011,I4,Homo sapiens,NCBITaxon,9606,HeLa,EFO,EFO_0001185,,,,,,,,,Negative Control,Untreated cells,,,1.323686838,-5.39136934,,,,,,,,,,,
1093689011,I5,Homo sapiens,NCBITaxon,9606,HeLa,EFO,EFO_0001185,,,,,,,,,Negative Control,Untreated cells,,,10.57483673,3.249032259,,,,,,,,,,,
1093689011,I6,Homo sapiens,NCBITaxon,9606,HeLa,EFO,EFO_0001185,,,,,,,,,Negative Control,Untreated cells,,,5.925050259,35.10479736,,,,,,,,,,,
1093689011,I7,Homo sapiens,NCBITaxon,9606,HeLa,EFO,EFO_0001185,,,,,,,,,Negative Control,Untreated cells,,,-8.942811966,-11.1026621,,,,,,,,,,,
1093689011,I8,Homo sapiens,NCBITaxon,9606,HeLa,EFO,EFO_0001185,,,,,,,,,Negative Control,Untreated cells,,,3.967215776,5.637486935,,,,,,,,,,,
1093689011,I9,Homo sapiens,NCBITaxon,9606,HeLa,EFO,EFO_0001185,,,,,,,,,Negative Control,Untreated cells,,,-3.217658758,1.712860465,,,,,,,,,,,
1093689011,I10,Homo sapiens,NCBITaxon,9606,HeLa,EFO,EFO_0001185,,,,,,,,,Negative Control,Untreated cells,,,-6.834978104,5.446142673,,,,,,,,,,,
1093689011,I11,Homo sapiens,NCBITaxon,9606,HeLa,EFO,EFO_0001185,,,,,,,,,Negative Control,Untreated cells,,,8.687302589,-0.87948769,,,,,,,,,,,
1093689011,I12,Homo sapiens,NCBITaxon,9606,HeLa,EFO,EFO_0001185,,,,,,,,,Negative Control,Untreated cells,,,-2.643396139,15.04371357,,,,,,,,,,,
1093689011,I13,Homo sapiens,NCBITaxon,9606,HeLa,EFO,EFO_0001185,,,,,,,,,Negative Control,Untreated cells,,,-2.328370094,17.77474785,,,,,,,,,,,
1093689011,I14,Homo sapiens,NCBITaxon,9606,HeLa,EFO,EFO_0001185,,,,,,,,,Negative Control,Untreated cells,,,3.005917788,23.94353104,,,,,,,,,,,
1093689011,I15,Homo sapiens,NCBITaxon,9606,HeLa,EFO,EFO_0001185,,,,,,,,,Negative Control,Untreated cells,,,3.682802439,-5.55253649,,,,,,,,,,,
1093689011,I16,Homo sapiens,NCBITaxon,9606,HeLa,EFO,EFO_0001185,,,,,,,,,Negative Control,Untreated cells,,,6.514000416,-18.5003815,,,,,,,,,,,
1093689011,I17,Homo sapiens,NCBITaxon,9606,HeLa,EFO,EFO_0001185,DMSO,679,IAZDPXIOMUYVGZ-UHFFFAOYSA-N,CS(=O)C,,,,,Neutral Control,,Pass,Hoechst:DNA; Alexa Fluor 488 phalloidin:actin; mScarlet:fascin; iRFP:nuclear actin chromobody (nAC),-0.002121388,8.160277367,,,,,,,,,,,
1093689011,I18,Homo sapiens,NCBITaxon,9606,HeLa,EFO,EFO_0001185,,,,,,,,,Stimulator Control,Leptomycin b blocks nuclear export of fascin,Pass,Hoechst:DNA; Alexa Fluor 488 phalloidin:actin; mScarlet:fascin; iRFP:nuclear actin chromobody (nAC),94.81288147,15.85238266,,,,,,,,,,,
1093689011,I19,Homo sapiens,NCBITaxon,9606,HeLa,EFO,EFO_0001185,DMSO,679,IAZDPXIOMUYVGZ-UHFFFAOYSA-N,CS(=O)C,,,,,Neutral Control,,Pass,Hoechst:DNA; Alexa Fluor 488 phalloidin:actin; mScarlet:fascin; iRFP:nuclear actin chromobody (nAC),-4.963133335,-46.7564163,,,,,,,,,,,
1093689011,I20,Homo sapiens,NCBITaxon,9606,HeLa,EFO,EFO_0001185,,,,,,,,,Negative Control,Untreated cells,,,-0.57897675,-25.7459106,,,,,,,,,,,
1093689011,I21,Homo sapiens,NCBITaxon,9606,HeLa,EFO,EFO_0001185,,,,,,,,,Negative Control,Untreated cells,,,-2.509984493,-7.59364271,,,,,,,,,,,
1093689011,I22,Homo sapiens,NCBITaxon,9606,HeLa,EFO,EFO_0001185,,,,,,,,,Negative Control,Untreated cells,,,9.967147827,6.875450611,,,,,,,,,,,
1093689011,I23,Homo sapiens,NCBITaxon,9606,HeLa,EFO,EFO_0001185,,,,,,,,,Negative Control,Untreated cells,,,-7.864661217,-3.54741144,,,,,,,,,,,
1093689011,I24,Homo sapiens,NCBITaxon,9606,HeLa,EFO,EFO_0001185,,,,,,,,,Negative Control,Untreated cells,,,-12.0429697,1.601795316,,,,,,,,,,,
1093689011,J1,Homo sapiens,NCBITaxon,9606,HeLa,EFO,EFO_0001185,,,,,,,,,Negative Control,Untreated cells,,,4.592995644,-32.9255867,,,,,,,,,,,
1093689011,J2,Homo sapiens,NCBITaxon,9606,HeLa,EFO,EFO_0001185,,,,,,,,,Negative Control,Untreated cells,,,1.661989331,-29.4534626,,,,,,,,,,,
1093689011,J3,Homo sapiens,NCBITaxon,9606,HeLa,EFO,EFO_0001185,,,,,,,,,Negative Control,Untreated cells,,,5.751921177,22.27406883,,,,,,,,,,,
1093689011,J4,Homo sapiens,NCBITaxon,9606,HeLa,EFO,EFO_0001185,,,,,,,,,Negative Control,Untreated cells,,,6.45359993,-8.74658108,,,,,,,,,,,
1093689011,J5,Homo sapiens,NCBITaxon,9606,HeLa,EFO,EFO_0001185,,,,,,,,,Negative Control,Untreated cells,,,5.231415272,10.50352573,,,,,,,,,,,
1093689011,J6,Homo sapiens,NCBITaxon,9606,HeLa,EFO,EFO_0001185,DMSO,679,IAZDPXIOMUYVGZ-UHFFFAOYSA-N,CS(=O)C,,,,,Neutral Control,,Pass,Hoechst:DNA; Alexa Fluor 488 phalloidin:actin; mScarlet:fascin; iRFP:nuclear actin chromobody (nAC),7.916458607,-4.22597694,,,,,,,,,,,
1093689011,J7,Homo sapiens,NCBITaxon,9606,HeLa,EFO,EFO_0001185,,,,,,,,,Stimulator Control,Leptomycin b blocks nuclear export of fascin,Pass,Hoechst:DNA; Alexa Fluor 488 phalloidin:actin; mScarlet:fascin; iRFP:nuclear actin chromobody (nAC),101.5111313,-19.0138721,,,,,,,,,,,
1093689011,J8,Homo sapiens,NCBITaxon,9606,HeLa,EFO,EFO_0001185,DMSO,679,IAZDPXIOMUYVGZ-UHFFFAOYSA-N,CS(=O)C,,,,,Neutral Control,,Pass,Hoechst:DNA; Alexa Fluor 488 phalloidin:actin; mScarlet:fascin; iRFP:nuclear actin chromobody (nAC),-4.183317184,15.91938496,,,,,,,,,,,
1093689011,J9,Homo sapiens,NCBITaxon,9606,HeLa,EFO,EFO_0001185,,,,,,,,,Negative Control,Untreated cells,,,-0.196213618,10.33545303,,,,,,,,,,,
1093689011,J10,Homo sapiens,NCBITaxon,9606,HeLa,EFO,EFO_0001185,,,,,,,,,Negative Control,Untreated cells,,,5.308315754,17.91244125,,,,,,,,,,,
1093689011,J11,Homo sapiens,NCBITaxon,9606,HeLa,EFO,EFO_0001185,,,,,,,,,Negative Control,Untreated cells,,,7.319906712,6.126942635,,,,,,,,,,,
1093689011,J12,Homo sapiens,NCBITaxon,9606,HeLa,EFO,EFO_0001185,,,,,,,,,Negative Control,Untreated cells,,,8.817753792,5.591788769,,,,,,,,,,,
1093689011,J13,Homo sapiens,NCBITaxon,9606,HeLa,EFO,EFO_0001185,,,,,,,,,Negative Control,Untreated cells,,,11.55751038,-18.4798717,,,,,,,,,,,
1093689011,J14,Homo sapiens,NCBITaxon,9606,HeLa,EFO,EFO_0001185,,,,,,,,,Negative Control,Untreated cells,,,10.68134785,13.66261578,,,,,,,,,,,
1093689011,J15,Homo sapiens,NCBITaxon,9606,HeLa,EFO,EFO_0001185,,,,,,,,,Negative Control,Untreated cells,,,8.244935036,24.10041046,,,,,,,,,,,
1093689011,J16,Homo sapiens,NCBITaxon,9606,HeLa,EFO,EFO_0001185,,,,,,,,,Negative Control,Untreated cells,,,6.63347578,-8.77173424,,,,,,,,,,,
1093689011,J17,Homo sapiens,NCBITaxon,9606,HeLa,EFO,EFO_0001185,,,,,,,,,Negative Control,Untreated cells,,,-0.747273505,35.22193527,,,,,,,,,,,
1093689011,J18,Homo sapiens,NCBITaxon,9606,HeLa,EFO,EFO_0001185,,,,,,,,,Negative Control,Untreated cells,,,-10.93968582,13.62249756,,,,,,,,,,,
1093689011,J19,Homo sapiens,NCBITaxon,9606,HeLa,EFO,EFO_0001185,,,,,,,,,Negative Control,Untreated cells,,,-2.096652746,5.414212704,,,,,,,,,,,
1093689011,J20,Homo sapiens,NCBITaxon,9606,HeLa,EFO,EFO_0001185,,,,,,,,,Negative Control,Untreated cells,,,7.274370193,-11.9813433,,,,,,,,,,,
1093689011,J21,Homo sapiens,NCBITaxon,9606,HeLa,EFO,EFO_0001185,,,,,,,,,Negative Control,Untreated cells,,,-1.631155491,30.28791046,,,,,,,,,,,
1093689011,J22,Homo sapiens,NCBITaxon,9606,HeLa,EFO,EFO_0001185,,,,,,,,,Negative Control,Untreated cells,,,6.039089203,-14.825635,,,,,,,,,,,
1093689011,J23,Homo sapiens,NCBITaxon,9606,HeLa,EFO,EFO_0001185,,,,,,,,,Negative Control,Untreated cells,,,8.087745667,-39.5573196,,,,,,,,,,,
1093689011,J24,Homo sapiens,NCBITaxon,9606,HeLa,EFO,EFO_0001185,,,,,,,,,Negative Control,Untreated cells,,,-0.263169914,-21.149416,,,,,,,,,,,
1093689011,K1,Homo sapiens,NCBITaxon,9606,HeLa,EFO,EFO_0001185,,,,,,,,,Negative Control,Untreated cells,,,12.14763927,-48.1808662,,,,,,,,,,,
1093689011,K2,Homo sapiens,NCBITaxon,9606,HeLa,EFO,EFO_0001185,,,,,,,,,Negative Control,Untreated cells,,,0.945063412,-8.93023968,,,,,,,,,,,
1093689011,K3,Homo sapiens,NCBITaxon,9606,HeLa,EFO,EFO_0001185,,,,,,,,,Negative Control,Untreated cells,,,3.748653889,5.14764595,,,,,,,,,,,
1093689011,K4,Homo sapiens,NCBITaxon,9606,HeLa,EFO,EFO_0001185,,,,,,,,,Negative Control,Untreated cells,,,-4.015271187,-23.4061584,,,,,,,,,,,
1093689011,K5,Homo sapiens,NCBITaxon,9606,HeLa,EFO,EFO_0001185,,,,,,,,,Negative Control,Untreated cells,,,7.113130093,-26.1190739,,,,,,,,,,,
1093689011,K6,Homo sapiens,NCBITaxon,9606,HeLa,EFO,EFO_0001185,,,,,,,,,Negative Control,Untreated cells,,,14.02493477,-17.7163448,,,,,,,,,,,
1093689011,K7,Homo sapiens,NCBITaxon,9606,HeLa,EFO,EFO_0001185,,,,,,,,,Negative Control,Untreated cells,,,-6.788867474,-0.35820884,,,,,,,,,,,
1093689011,K8,Homo sapiens,NCBITaxon,9606,HeLa,EFO,EFO_0001185,,,,,,,,,Negative Control,Untreated cells,,,6.485936165,-5.60545015,,,,,,,,,,,
1093689011,K9,Homo sapiens,NCBITaxon,9606,HeLa,EFO,EFO_0001185,,,,,,,,,Negative Control,Untreated cells,,,-0.293782711,6.119940758,,,,,,,,,,,
1093689011,K10,Homo sapiens,NCBITaxon,9606,HeLa,EFO,EFO_0001185,,,,,,,,,Negative Control,Untreated cells,,,3.142717838,14.92335892,,,,,,,,,,,
1093689011,K11,Homo sapiens,NCBITaxon,9606,HeLa,EFO,EFO_0001185,,,,,,,,,Negative Control,Untreated cells,,,9.737669945,2.427845716,,,,,,,,,,,
1093689011,K12,Homo sapiens,NCBITaxon,9606,HeLa,EFO,EFO_0001185,,,,,,,,,Negative Control,Untreated cells,,,12.00114632,-7.15083647,,,,,,,,,,,
1093689011,K13,Homo sapiens,NCBITaxon,9606,HeLa,EFO,EFO_0001185,,,,,,,,,Negative Control,Untreated cells,,,7.649900436,16.07942963,,,,,,,,,,,
1093689011,K14,Homo sapiens,NCBITaxon,9606,HeLa,EFO,EFO_0001185,,,,,,,,,Negative Control,Untreated cells,,,-1.241704106,8.730536461,,,,,,,,,,,
1093689011,K15,Homo sapiens,NCBITaxon,9606,HeLa,EFO,EFO_0001185,,,,,,,,,Negative Control,Untreated cells,,,7.892548561,-10.3170023,,,,,,,,,,,
1093689011,K16,Homo sapiens,NCBITaxon,9606,HeLa,EFO,EFO_0001185,,,,,,,,,Negative Control,Untreated cells,,,8.773262978,-16.3482838,,,,,,,,,,,
1093689011,K17,Homo sapiens,NCBITaxon,9606,HeLa,EFO,EFO_0001185,,,,,,,,,Negative Control,Untreated cells,,,-7.116710186,27.06917191,,,,,,,,,,,
1093689011,K18,Homo sapiens,NCBITaxon,9606,HeLa,EFO,EFO_0001185,,,,,,,,,Negative Control,Untreated cells,,,-4.192716122,-33.0049133,,,,,,,,,,,
1093689011,K19,Homo sapiens,NCBITaxon,9606,HeLa,EFO,EFO_0001185,,,,,,,,,Negative Control,Untreated cells,,,3.578633547,-6.78949547,,,,,,,,,,,
1093689011,K20,Homo sapiens,NCBITaxon,9606,HeLa,EFO,EFO_0001185,,,,,,,,,Negative Control,Untreated cells,,,5.011306763,-16.0676823,,,,,,,,,,,
1093689011,K21,Homo sapiens,NCBITaxon,9606,HeLa,EFO,EFO_0001185,DMSO,679,IAZDPXIOMUYVGZ-UHFFFAOYSA-N,CS(=O)C,,,,,Neutral Control,,Pass,Hoechst:DNA; Alexa Fluor 488 phalloidin:actin; mScarlet:fascin; iRFP:nuclear actin chromobody (nAC),3.193881512,1.358831167,,,,,,,,,,,
1093689011,K22,Homo sapiens,NCBITaxon,9606,HeLa,EFO,EFO_0001185,,,,,,,,,Stimulator Control,Leptomycin b blocks nuclear export of fascin,Pass,Hoechst:DNA; Alexa Fluor 488 phalloidin:actin; mScarlet:fascin; iRFP:nuclear actin chromobody (nAC),102.7689972,-7.76351118,,,,,,,,,,,
1093689011,K23,Homo sapiens,NCBITaxon,9606,HeLa,EFO,EFO_0001185,DMSO,679,IAZDPXIOMUYVGZ-UHFFFAOYSA-N,CS(=O)C,,,,,Neutral Control,,Pass,Hoechst:DNA; Alexa Fluor 488 phalloidin:actin; mScarlet:fascin; iRFP:nuclear actin chromobody (nAC),-9.323762894,-24.3897514,,,,,,,,,,,
1093689011,K24,Homo sapiens,NCBITaxon,9606,HeLa,EFO,EFO_0001185,,,,,,,,,Negative Control,Untreated cells,,,-1.445946574,-22.6831017,,,,,,,,,,,
1093689011,L1,Homo sapiens,NCBITaxon,9606,HeLa,EFO,EFO_0001185,,,,,,,,,Negative Control,Untreated cells,,,4.617818832,-5.97508621,,,,,,,,,,,
1093689011,L2,Homo sapiens,NCBITaxon,9606,HeLa,EFO,EFO_0001185,,,,,,,,,Negative Control,Untreated cells,,,-1.347699761,-27.6993561,,,,,,,,,,,
1093689011,L3,Homo sapiens,NCBITaxon,9606,HeLa,EFO,EFO_0001185,,,,,,,,,Negative Control,Untreated cells,,,6.212070942,-33.684063,,,,,,,,,,,
1093689011,L4,Homo sapiens,NCBITaxon,9606,HeLa,EFO,EFO_0001185,,,,,,,,,Negative Control,Untreated cells,,,4.578440666,-11.857873,,,,,,,,,,,
1093689011,L5,Homo sapiens,NCBITaxon,9606,HeLa,EFO,EFO_0001185,,,,,,,,,Negative Control,Untreated cells,,,1.373068094,-6.96287012,,,,,,,,,,,
1093689011,L6,Homo sapiens,NCBITaxon,9606,HeLa,EFO,EFO_0001185,,,,,,,,,Negative Control,Untreated cells,,,3.796370268,3.874695063,,,,,,,,,,,
1093689011,L7,Homo sapiens,NCBITaxon,9606,HeLa,EFO,EFO_0001185,,,,,,,,,Negative Control,Untreated cells,,,-4.138400078,-30.2934265,,,,,,,,,,,
1093689011,L8,Homo sapiens,NCBITaxon,9606,HeLa,EFO,EFO_0001185,,,,,,,,,Negative Control,Untreated cells,,,2.794633389,27.22323036,,,,,,,,,,,
1093689011,L9,Homo sapiens,NCBITaxon,9606,HeLa,EFO,EFO_0001185,,,,,,,,,Negative Control,Untreated cells,,,7.926255226,-13.5551424,,,,,,,,,,,
1093689011,L10,Homo sapiens,NCBITaxon,9606,HeLa,EFO,EFO_0001185,,,,,,,,,Negative Control,Untreated cells,,,-1.286724687,1.687280178,,,,,,,,,,,
1093689011,L11,Homo sapiens,NCBITaxon,9606,HeLa,EFO,EFO_0001185,,,,,,,,,Negative Control,Untreated cells,,,10.69587421,-21.199913,,,,,,,,,,,
1093689011,L12,Homo sapiens,NCBITaxon,9606,HeLa,EFO,EFO_0001185,,,,,,,,,Negative Control,Untreated cells,,,6.878363132,12.9097147,,,,,,,,,,,
1093689011,L13,Homo sapiens,NCBITaxon,9606,HeLa,EFO,EFO_0001185,,,,,,,,,Negative Control,Untreated cells,,,7.942799091,5.652634144,,,,,,,,,,,
1093689011,L14,Homo sapiens,NCBITaxon,9606,HeLa,EFO,EFO_0001185,,,,,,,,,Negative Control,Untreated cells,,,9.566028595,7.64639616,,,,,,,,,,,
1093689011,L15,Homo sapiens,NCBITaxon,9606,HeLa,EFO,EFO_0001185,,,,,,,,,Negative Control,Untreated cells,,,-3.24514842,18.98775291,,,,,,,,,,,
1093689011,L16,Homo sapiens,NCBITaxon,9606,HeLa,EFO,EFO_0001185,,,,,,,,,Negative Control,Untreated cells,,,2.735072613,-11.7734137,,,,,,,,,,,
1093689011,L17,Homo sapiens,NCBITaxon,9606,HeLa,EFO,EFO_0001185,,,,,,,,,Negative Control,Untreated cells,,,2.607229471,-7.41866446,,,,,,,,,,,
1093689011,L18,Homo sapiens,NCBITaxon,9606,HeLa,EFO,EFO_0001185,,,,,,,,,Negative Control,Untreated cells,,,-6.49339056,-6.73488235,,,,,,,,,,,
1093689011,L19,Homo sapiens,NCBITaxon,9606,HeLa,EFO,EFO_0001185,,,,,,,,,Negative Control,Untreated cells,,,6.487129211,-22.9504433,,,,,,,,,,,
1093689011,L20,Homo sapiens,NCBITaxon,9606,HeLa,EFO,EFO_0001185,,,,,,,,,Negative Control,Untreated cells,,,9.428919792,-5.87731886,,,,,,,,,,,
1093689011,L21,Homo sapiens,NCBITaxon,9606,HeLa,EFO,EFO_0001185,,,,,,,,,Negative Control,Untreated cells,,,-2.907170057,0.513090611,,,,,,,,,,,
1093689011,L22,Homo sapiens,NCBITaxon,9606,HeLa,EFO,EFO_0001185,,,,,,,,,Negative Control,Untreated cells,,,5.00069952,-3.25873852,,,,,,,,,,,
1093689011,L23,Homo sapiens,NCBITaxon,9606,HeLa,EFO,EFO_0001185,,,,,,,,,Negative Control,Untreated cells,,,-0.628151715,-12.3040085,,,,,,,,,,,
1093689011,L24,Homo sapiens,NCBITaxon,9606,HeLa,EFO,EFO_0001185,,,,,,,,,Negative Control,Untreated cells,,,-0.469931543,-16.8866177,,,,,,,,,,,
1093689011,M1,Homo sapiens,NCBITaxon,9606,HeLa,EFO,EFO_0001185,,,,,,,,,Negative Control,Untreated cells,,,2.088461876,-21.0848293,,,,,,,,,,,
1093689011,M2,Homo sapiens,NCBITaxon,9606,HeLa,EFO,EFO_0001185,,,,,,,,,Negative Control,Untreated cells,,,6.941076756,12.76589584,,,,,,,,,,,
1093689011,M3,Homo sapiens,NCBITaxon,9606,HeLa,EFO,EFO_0001185,,,,,,,,,Negative Control,Untreated cells,,,2.731728315,-8.23432446,,,,,,,,,,,
1093689011,M4,Homo sapiens,NCBITaxon,9606,HeLa,EFO,EFO_0001185,,,,,,,,,Negative Control,Untreated cells,,,3.489122629,0.777070522,,,,,,,,,,,
1093689011,M5,Homo sapiens,NCBITaxon,9606,HeLa,EFO,EFO_0001185,,,,,,,,,Negative Control,Untreated cells,,,7.489720821,-7.9000926,,,,,,,,,,,
1093689011,M6,Homo sapiens,NCBITaxon,9606,HeLa,EFO,EFO_0001185,,,,,,,,,Negative Control,Untreated cells,,,12.58050537,0.640532136,,,,,,,,,,,
1093689011,M7,Homo sapiens,NCBITaxon,9606,HeLa,EFO,EFO_0001185,,,,,,,,,Negative Control,Untreated cells,,,12.85937977,11.26679611,,,,,,,,,,,
1093689011,M8,Homo sapiens,NCBITaxon,9606,HeLa,EFO,EFO_0001185,,,,,,,,,Negative Control,Untreated cells,,,-2.566628456,-6.17979193,,,,,,,,,,,
1093689011,M9,Homo sapiens,NCBITaxon,9606,HeLa,EFO,EFO_0001185,,,,,,,,,Negative Control,Untreated cells,,,-12.6149931,0.810486257,,,,,,,,,,,
1093689011,M10,Homo sapiens,NCBITaxon,9606,HeLa,EFO,EFO_0001185,,,,,,,,,Negative Control,Untreated cells,,,1.668117762,-0.43338889,,,,,,,,,,,
1093689011,M11,Homo sapiens,NCBITaxon,9606,HeLa,EFO,EFO_0001185,,,,,,,,,Negative Control,Untreated cells,,,-2.655343771,-14.8959827,,,,,,,,,,,
1093689011,M12,Homo sapiens,NCBITaxon,9606,HeLa,EFO,EFO_0001185,,,,,,,,,Negative Control,Untreated cells,,,-3.602012873,-10.5901861,,,,,,,,,,,
1093689011,M13,Homo sapiens,NCBITaxon,9606,HeLa,EFO,EFO_0001185,,,,,,,,,Negative Control,Untreated cells,,,5.781311512,20.89717293,,,,,,,,,,,
1093689011,M14,Homo sapiens,NCBITaxon,9606,HeLa,EFO,EFO_0001185,,,,,,,,,Negative Control,Untreated cells,,,0.850602746,13.59694958,,,,,,,,,,,
1093689011,M15,Homo sapiens,NCBITaxon,9606,HeLa,EFO,EFO_0001185,,,,,,,,,Negative Control,Untreated cells,,,3.195207357,11.58166885,,,,,,,,,,,
1093689011,M16,Homo sapiens,NCBITaxon,9606,HeLa,EFO,EFO_0001185,,,,,,,,,Negative Control,Untreated cells,,,8.287112236,-15.7334499,,,,,,,,,,,
1093689011,M17,Homo sapiens,NCBITaxon,9606,HeLa,EFO,EFO_0001185,,,,,,,,,Negative Control,Untreated cells,,,5.120646477,-3.60866284,,,,,,,,,,,
1093689011,M18,Homo sapiens,NCBITaxon,9606,HeLa,EFO,EFO_0001185,,,,,,,,,Negative Control,Untreated cells,,,-5.626037598,-7.27732658,,,,,,,,,,,
1093689011,M19,Homo sapiens,NCBITaxon,9606,HeLa,EFO,EFO_0001185,,,,,,,,,Negative Control,Untreated cells,,,2.412459612,5.112733841,,,,,,,,,,,
1093689011,M20,Homo sapiens,NCBITaxon,9606,HeLa,EFO,EFO_0001185,,,,,,,,,Negative Control,Untreated cells,,,-3.085278273,-10.5505543,,,,,,,,,,,
1093689011,M21,Homo sapiens,NCBITaxon,9606,HeLa,EFO,EFO_0001185,,,,,,,,,Negative Control,Untreated cells,,,-1.735059261,-11.5774364,,,,,,,,,,,
1093689011,M22,Homo sapiens,NCBITaxon,9606,HeLa,EFO,EFO_0001185,,,,,,,,,Negative Control,Untreated cells,,,0.717367828,5.497196198,,,,,,,,,,,
1093689011,M23,Homo sapiens,NCBITaxon,9606,HeLa,EFO,EFO_0001185,,,,,,,,,Negative Control,Untreated cells,,,0.087978654,-6.57709265,,,,,,,,,,,
1093689011,M24,Homo sapiens,NCBITaxon,9606,HeLa,EFO,EFO_0001185,,,,,,,,,Negative Control,Untreated cells,,,3.777572393,-0.71680254,,,,,,,,,,,
1093689011,N1,Homo sapiens,NCBITaxon,9606,HeLa,EFO,EFO_0001185,,,,,,,,,Negative Control,Untreated cells,,,6.07481432,-0.93878299,,,,,,,,,,,
1093689011,N2,Homo sapiens,NCBITaxon,9606,HeLa,EFO,EFO_0001185,,,,,,,,,Negative Control,Untreated cells,,,3.74788785,-24.3624878,,,,,,,,,,,
1093689011,N3,Homo sapiens,NCBITaxon,9606,HeLa,EFO,EFO_0001185,,,,,,,,,Negative Control,Untreated cells,,,1.184146762,-15.3136263,,,,,,,,,,,
1093689011,N4,Homo sapiens,NCBITaxon,9606,HeLa,EFO,EFO_0001185,,,,,,,,,Negative Control,Untreated cells,,,5.884301662,-18.1726151,,,,,,,,,,,
1093689011,N5,Homo sapiens,NCBITaxon,9606,HeLa,EFO,EFO_0001185,,,,,,,,,Negative Control,Untreated cells,,,1.499909401,14.14410782,,,,,,,,,,,
1093689011,N6,Homo sapiens,NCBITaxon,9606,HeLa,EFO,EFO_0001185,,,,,,,,,Negative Control,Untreated cells,,,0.024101319,7.910098076,,,,,,,,,,,
1093689011,N7,Homo sapiens,NCBITaxon,9606,HeLa,EFO,EFO_0001185,,,,,,,,,Negative Control,Untreated cells,,,12.94818306,8.658328056,,,,,,,,,,,
1093689011,N8,Homo sapiens,NCBITaxon,9606,HeLa,EFO,EFO_0001185,,,,,,,,,Negative Control,Untreated cells,,,20.34864426,9.849503517,,,,,,,,,,,
1093689011,N9,Homo sapiens,NCBITaxon,9606,HeLa,EFO,EFO_0001185,,,,,,,,,Negative Control,Untreated cells,,,4.927511692,2.293028355,,,,,,,,,,,
1093689011,N10,Homo sapiens,NCBITaxon,9606,HeLa,EFO,EFO_0001185,,,,,,,,,Negative Control,Untreated cells,,,-7.825297832,3.184007406,,,,,,,,,,,
1093689011,N11,Homo sapiens,NCBITaxon,9606,HeLa,EFO,EFO_0001185,,,,,,,,,Negative Control,Untreated cells,,,-0.02672359,-0.67745405,,,,,,,,,,,
1093689011,N12,Homo sapiens,NCBITaxon,9606,HeLa,EFO,EFO_0001185,,,,,,,,,Negative Control,Untreated cells,,,-1.949982405,6.504157543,,,,,,,,,,,
1093689011,N13,Homo sapiens,NCBITaxon,9606,HeLa,EFO,EFO_0001185,,,,,,,,,Negative Control,Untreated cells,,,1.830816388,-0.37307811,,,,,,,,,,,
1093689011,N14,Homo sapiens,NCBITaxon,9606,HeLa,EFO,EFO_0001185,DMSO,679,IAZDPXIOMUYVGZ-UHFFFAOYSA-N,CS(=O)C,,,,,Neutral Control,,Pass,Hoechst:DNA; Alexa Fluor 488 phalloidin:actin; mScarlet:fascin; iRFP:nuclear actin chromobody (nAC),2.940567255,1.709076285,,,,,,,,,,,
1093689011,N15,Homo sapiens,NCBITaxon,9606,HeLa,EFO,EFO_0001185,,,,,,,,,Stimulator Control,Leptomycin b blocks nuclear export of fascin,Pass,Hoechst:DNA; Alexa Fluor 488 phalloidin:actin; mScarlet:fascin; iRFP:nuclear actin chromobody (nAC),95.55592346,17.98641396,,,,,,,,,,,
1093689011,N16,Homo sapiens,NCBITaxon,9606,HeLa,EFO,EFO_0001185,DMSO,679,IAZDPXIOMUYVGZ-UHFFFAOYSA-N,CS(=O)C,,,,,Neutral Control,,Pass,Hoechst:DNA; Alexa Fluor 488 phalloidin:actin; mScarlet:fascin; iRFP:nuclear actin chromobody (nAC),-5.957033157,4.165185452,,,,,,,,,,,
1093689011,N17,Homo sapiens,NCBITaxon,9606,HeLa,EFO,EFO_0001185,,,,,,,,,Negative Control,Untreated cells,,,-3.206565619,-13.9056702,,,,,,,,,,,
1093689011,N18,Homo sapiens,NCBITaxon,9606,HeLa,EFO,EFO_0001185,,,,,,,,,Negative Control,Untreated cells,,,13.49712181,-9.70694637,,,,,,,,,,,
1093689011,N19,Homo sapiens,NCBITaxon,9606,HeLa,EFO,EFO_0001185,,,,,,,,,Negative Control,Untreated cells,,,2.482141256,-12.6814594,,,,,,,,,,,
1093689011,N20,Homo sapiens,NCBITaxon,9606,HeLa,EFO,EFO_0001185,,,,,,,,,Negative Control,Untreated cells,,,-3.247240305,-14.4868164,,,,,,,,,,,
1093689011,N21,Homo sapiens,NCBITaxon,9606,HeLa,EFO,EFO_0001185,,,,,,,,,Negative Control,Untreated cells,,,10.01632309,2.597618103,,,,,,,,,,,
1093689011,N22,Homo sapiens,NCBITaxon,9606,HeLa,EFO,EFO_0001185,,,,,,,,,Negative Control,Untreated cells,,,10.15329933,-0.16505827,,,,,,,,,,,
1093689011,N23,Homo sapiens,NCBITaxon,9606,HeLa,EFO,EFO_0001185,,,,,,,,,Negative Control,Untreated cells,,,1.544812083,-0.4577398,,,,,,,,,,,
1093689011,N24,Homo sapiens,NCBITaxon,9606,HeLa,EFO,EFO_0001185,,,,,,,,,Negative Control,Untreated cells,,,-3.273905039,-3.58496404,,,,,,,,,,,
1093689011,O1,Homo sapiens,NCBITaxon,9606,HeLa,EFO,EFO_0001185,,,,,,,,,Negative Control,Untreated cells,,,-3.77213645,-10.0386133,,,,,,,,,,,
1093689011,O2,Homo sapiens,NCBITaxon,9606,HeLa,EFO,EFO_0001185,,,,,,,,,Negative Control,Untreated cells,,,4.443305016,-12.1110296,,,,,,,,,,,
1093689011,O3,Homo sapiens,NCBITaxon,9606,HeLa,EFO,EFO_0001185,,,,,,,,,Negative Control,Untreated cells,,,2.211104631,-3.93022776,,,,,,,,,,,
1093689011,O4,Homo sapiens,NCBITaxon,9606,HeLa,EFO,EFO_0001185,,,,,,,,,Negative Control,Untreated cells,,,10.27813721,-7.49141788,,,,,,,,,,,
1093689011,O5,Homo sapiens,NCBITaxon,9606,HeLa,EFO,EFO_0001185,,,,,,,,,Negative Control,Untreated cells,,,6.584050179,4.384236813,,,,,,,,,,,
1093689011,O6,Homo sapiens,NCBITaxon,9606,HeLa,EFO,EFO_0001185,,,,,,,,,Negative Control,Untreated cells,,,6.757532597,-18.953968,,,,,,,,,,,
1093689011,O7,Homo sapiens,NCBITaxon,9606,HeLa,EFO,EFO_0001185,DMSO,679,IAZDPXIOMUYVGZ-UHFFFAOYSA-N,CS(=O)C,,,,,Neutral Control,,Pass,Hoechst:DNA; Alexa Fluor 488 phalloidin:actin; mScarlet:fascin; iRFP:nuclear actin chromobody (nAC),8.09823513,10.13687229,,,,,,,,,,,
1093689011,O8,Homo sapiens,NCBITaxon,9606,HeLa,EFO,EFO_0001185,,,,,,,,,Stimulator Control,Leptomycin b blocks nuclear export of fascin,Pass,Hoechst:DNA; Alexa Fluor 488 phalloidin:actin; mScarlet:fascin; iRFP:nuclear actin chromobody (nAC),97.90698242,13.59280205,,,,,,,,,,,
1093689011,O9,Homo sapiens,NCBITaxon,9606,HeLa,EFO,EFO_0001185,DMSO,679,IAZDPXIOMUYVGZ-UHFFFAOYSA-N,CS(=O)C,,,,,Neutral Control,,Pass,Hoechst:DNA; Alexa Fluor 488 phalloidin:actin; mScarlet:fascin; iRFP:nuclear actin chromobody (nAC),5.896764755,15.55241013,,,,,,,,,,,
1093689011,O10,Homo sapiens,NCBITaxon,9606,HeLa,EFO,EFO_0001185,,,,,,,,,Negative Control,Untreated cells,,,1.999083638,-2.01428604,,,,,,,,,,,
1093689011,O11,Homo sapiens,NCBITaxon,9606,HeLa,EFO,EFO_0001185,,,,,,,,,Negative Control,Untreated cells,,,7.456014156,10.27785778,,,,,,,,,,,
1093689011,O12,Homo sapiens,NCBITaxon,9606,HeLa,EFO,EFO_0001185,,,,,,,,,Negative Control,Untreated cells,,,12.80921745,-1.6392411,,,,,,,,,,,
1093689011,O13,Homo sapiens,NCBITaxon,9606,HeLa,EFO,EFO_0001185,,,,,,,,,Negative Control,Untreated cells,,,-3.224862576,-20.1084671,,,,,,,,,,,
1093689011,O14,Homo sapiens,NCBITaxon,9606,HeLa,EFO,EFO_0001185,,,,,,,,,Negative Control,Untreated cells,,,3.394868135,2.687186241,,,,,,,,,,,
1093689011,O15,Homo sapiens,NCBITaxon,9606,HeLa,EFO,EFO_0001185,,,,,,,,,Negative Control,Untreated cells,,,-1.205301642,-22.0617199,,,,,,,,,,,
1093689011,O16,Homo sapiens,NCBITaxon,9606,HeLa,EFO,EFO_0001185,,,,,,,,,Negative Control,Untreated cells,,,-5.21205759,-10.846962,,,,,,,,,,,
1093689011,O17,Homo sapiens,NCBITaxon,9606,HeLa,EFO,EFO_0001185,,,,,,,,,Negative Control,Untreated cells,,,8.983707428,-4.35222149,,,,,,,,,,,
1093689011,O18,Homo sapiens,NCBITaxon,9606,HeLa,EFO,EFO_0001185,,,,,,,,,Negative Control,Untreated cells,,,11.36327076,1.156551719,,,,,,,,,,,
1093689011,O19,Homo sapiens,NCBITaxon,9606,HeLa,EFO,EFO_0001185,,,,,,,,,Negative Control,Untreated cells,,,-5.189635754,3.710887671,,,,,,,,,,,
1093689011,O20,Homo sapiens,NCBITaxon,9606,HeLa,EFO,EFO_0001185,,,,,,,,,Negative Control,Untreated cells,,,-1.587696552,-0.52438951,,,,,,,,,,,
1093689011,O21,Homo sapiens,NCBITaxon,9606,HeLa,EFO,EFO_0001185,,,,,,,,,Negative Control,Untreated cells,,,17.76165581,-18.2416496,,,,,,,,,,,
1093689011,O22,Homo sapiens,NCBITaxon,9606,HeLa,EFO,EFO_0001185,,,,,,,,,Negative Control,Untreated cells,,,6.004056931,-2.61472154,,,,,,,,,,,
1093689011,O23,Homo sapiens,NCBITaxon,9606,HeLa,EFO,EFO_0001185,,,,,,,,,Negative Control,Untreated cells,,,-10.27181721,-31.4159107,,,,,,,,,,,
1093689011,O24,Homo sapiens,NCBITaxon,9606,HeLa,EFO,EFO_0001185,DMSO,679,IAZDPXIOMUYVGZ-UHFFFAOYSA-N,CS(=O)C,,,,,Neutral Control,,Pass,Hoechst:DNA; Alexa Fluor 488 phalloidin:actin; mScarlet:fascin; iRFP:nuclear actin chromobody (nAC),4.951612949,-26.5613041,,,,,,,,,,,
1093689011,P1,Homo sapiens,NCBITaxon,9606,HeLa,EFO,EFO_0001185,DMSO,679,IAZDPXIOMUYVGZ-UHFFFAOYSA-N,CS(=O)C,,,,,Neutral Control,,Pass,Hoechst:DNA; Alexa Fluor 488 phalloidin:actin; mScarlet:fascin; iRFP:nuclear actin chromobody (nAC),0.002106656,-9.57346535,,,,,,,,,,,
1093689011,P2,Homo sapiens,NCBITaxon,9606,HeLa,EFO,EFO_0001185,,,,,,,,,Stimulator Control,Leptomycin b blocks nuclear export of fascin,Pass,Hoechst:DNA; Alexa Fluor 488 phalloidin:actin; mScarlet:fascin; iRFP:nuclear actin chromobody (nAC),102.7129593,-14.1727133,,,,,,,,,,,
1093689011,P3,Homo sapiens,NCBITaxon,9606,HeLa,EFO,EFO_0001185,DMSO,679,IAZDPXIOMUYVGZ-UHFFFAOYSA-N,CS(=O)C,,,,,Neutral Control,,Pass,Hoechst:DNA; Alexa Fluor 488 phalloidin:actin; mScarlet:fascin; iRFP:nuclear actin chromobody (nAC),3.853853941,-8.72449684,,,,,,,,,,,
1093689011,P4,Homo sapiens,NCBITaxon,9606,HeLa,EFO,EFO_0001185,,,,,,,,,Negative Control,Untreated cells,,,11.10926437,0.983219683,,,,,,,,,,,
1093689011,P5,Homo sapiens,NCBITaxon,9606,HeLa,EFO,EFO_0001185,,,,,,,,,Negative Control,Untreated cells,,,10.104846,-12.7086802,,,,,,,,,,,
1093689011,P6,Homo sapiens,NCBITaxon,9606,HeLa,EFO,EFO_0001185,,,,,,,,,Negative Control,Untreated cells,,,0.299631268,5.020514488,,,,,,,,,,,
1093689011,P7,Homo sapiens,NCBITaxon,9606,HeLa,EFO,EFO_0001185,,,,,,,,,Negative Control,Untreated cells,,,2.195474148,18.1219368,,,,,,,,,,,
1093689011,P8,Homo sapiens,NCBITaxon,9606,HeLa,EFO,EFO_0001185,,,,,,,,,Negative Control,Untreated cells,,,11.2668066,8.553986549,,,,,,,,,,,
1093689011,P9,Homo sapiens,NCBITaxon,9606,HeLa,EFO,EFO_0001185,,,,,,,,,Negative Control,Untreated cells,,,2.334100723,-5.09756517,,,,,,,,,,,
1093689011,P10,Homo sapiens,NCBITaxon,9606,HeLa,EFO,EFO_0001185,,,,,,,,,Negative Control,Untreated cells,,,5.311615467,-3.39952064,,,,,,,,,,,
1093689011,P11,Homo sapiens,NCBITaxon,9606,HeLa,EFO,EFO_0001185,,,,,,,,,Negative Control,Untreated cells,,,5.412970543,-0.88218147,,,,,,,,,,,
1093689011,P12,Homo sapiens,NCBITaxon,9606,HeLa,EFO,EFO_0001185,,,,,,,,,Negative Control,Untreated cells,,,6.163455963,-15.9598827,,,,,,,,,,,
1093689011,P13,Homo sapiens,NCBITaxon,9606,HeLa,EFO,EFO_0001185,,,,,,,,,Negative Control,Untreated cells,,,5.955913544,6.037288666,,,,,,,,,,,
1093689011,P14,Homo sapiens,NCBITaxon,9606,HeLa,EFO,EFO_0001185,,,,,,,,,Negative Control,Untreated cells,,,17.37230682,4.467968464,,,,,,,,,,,
1093689011,P15,Homo sapiens,NCBITaxon,9606,HeLa,EFO,EFO_0001185,,,,,,,,,Negative Control,Untreated cells,,,12.73077106,-5.31253338,,,,,,,,,,,
1093689011,P16,Homo sapiens,NCBITaxon,9606,HeLa,EFO,EFO_0001185,,,,,,,,,Negative Control,Untreated cells,,,1.90512383,13.45774937,,,,,,,,,,,
1093689011,P17,Homo sapiens,NCBITaxon,9606,HeLa,EFO,EFO_0001185,,,,,,,,,Negative Control,Untreated cells,,,2.169177771,2.415178537,,,,,,,,,,,
1093689011,P18,Homo sapiens,NCBITaxon,9606,HeLa,EFO,EFO_0001185,DMSO,679,IAZDPXIOMUYVGZ-UHFFFAOYSA-N,CS(=O)C,,,,,Neutral Control,,Pass,Hoechst:DNA; Alexa Fluor 488 phalloidin:actin; mScarlet:fascin; iRFP:nuclear actin chromobody (nAC),2.298184633,-4.04052305,,,,,,,,,,,
1093689011,P19,Homo sapiens,NCBITaxon,9606,HeLa,EFO,EFO_0001185,,,,,,,,,Stimulator Control,Leptomycin b blocks nuclear export of fascin,Pass,Hoechst:DNA; Alexa Fluor 488 phalloidin:actin; mScarlet:fascin; iRFP:nuclear actin chromobody (nAC),93.35359955,-7.78855705,,,,,,,,,,,
1093689011,P20,Homo sapiens,NCBITaxon,9606,HeLa,EFO,EFO_0001185,DMSO,679,IAZDPXIOMUYVGZ-UHFFFAOYSA-N,CS(=O)C,,,,,Neutral Control,,Pass,Hoechst:DNA; Alexa Fluor 488 phalloidin:actin; mScarlet:fascin; iRFP:nuclear actin chromobody (nAC),4.6677742,18.36071014,,,,,,,,,,,
1093689011,P21,Homo sapiens,NCBITaxon,9606,HeLa,EFO,EFO_0001185,,,,,,,,,Negative Control,Untreated cells,,,8.140780449,-5.20135069,,,,,,,,,,,
1093689011,P22,Homo sapiens,NCBITaxon,9606,HeLa,EFO,EFO_0001185,,,,,,,,,Negative Control,Untreated cells,,,-0.011461386,20.08749962,,,,,,,,,,,
1093689011,P23,Homo sapiens,NCBITaxon,9606,HeLa,EFO,EFO_0001185,,,,,,,,,Negative Control,Untreated cells,,,-4.145648003,27.94797516,,,,,,,,,,,
1093689011,P24,Homo sapiens,NCBITaxon,9606,HeLa,EFO,EFO_0001185,,,,,,,,,Negative Control,Untreated cells,,,0.063700557,0.458776712,,,,,,,,,,,